(0.989147,  -3.000000,  -0.774350),  (0.525084,  0.490273)
(1.589866,  -3.000000,  -0.774350),  (0.525084,  0.580167)
(1.289506,  3.000000,  -0.624171),  (1.000000,  0.535220)
(1.589866,  -3.000000,  -0.774350),  (0.525084,  0.490273)
(1.589866,  -3.000000,  -0.473991),  (0.525084,  0.580167)
(1.289506,  3.000000,  -0.624171),  (1.000000,  0.535220)
(1.589866,  -3.000000,  -0.473991),  (0.525084,  0.490273)
(0.989147,  -3.000000,  -0.473991),  (0.525084,  0.580167)
(1.289506,  3.000000,  -0.624171),  (1.000000,  0.535220)
(0.989147,  -3.000000,  -0.473991),  (0.525084,  0.490273)
(0.989147,  -3.000000,  -0.774350),  (0.525084,  0.580167)
(1.289506,  3.000000,  -0.624171),  (1.000000,  0.535220)
(-0.306089,  -3.000000,  -0.151161),  (0.525084,  0.490273)
(0.294630,  -3.000000,  -0.151161),  (0.525084,  0.580167)
(-0.005729,  3.000000,  -0.000981),  (1.000000,  0.535220)
(0.294630,  -3.000000,  -0.151161),  (0.525084,  0.490273)
(0.294630,  -3.000000,  0.149198),  (0.525084,  0.580167)
(-0.005729,  3.000000,  -0.000981),  (1.000000,  0.535220)
(0.294630,  -3.000000,  0.149198),  (0.525084,  0.490273)
(-0.306089,  -3.000000,  0.149198),  (0.525084,  0.580167)
(-0.005729,  3.000000,  -0.000981),  (1.000000,  0.535220)
(-0.306089,  -3.000000,  0.149198),  (0.525084,  0.490273)
(-0.306089,  -3.000000,  -0.151161),  (0.525084,  0.580167)
(-0.005729,  3.000000,  -0.000981),  (1.000000,  0.535220)
(0.989147,  -3.000000,  0.473991),  (0.525084,  0.490273)
(1.589866,  -3.000000,  0.473991),  (0.525084,  0.580167)
(1.289506,  3.000000,  0.624171),  (1.000000,  0.535220)
(1.589866,  -3.000000,  0.473991),  (0.525084,  0.490273)
(1.589866,  -3.000000,  0.774350),  (0.525084,  0.580167)
(1.289506,  3.000000,  0.624171),  (1.000000,  0.535220)
(1.589866,  -3.000000,  0.774350),  (0.525084,  0.490273)
(0.989147,  -3.000000,  0.774350),  (0.525084,  0.580167)
(1.289506,  3.000000,  0.624171),  (1.000000,  0.535220)
(0.989147,  -3.000000,  0.774350),  (0.525084,  0.490273)
(0.989147,  -3.000000,  0.473991),  (0.525084,  0.580167)
(1.289506,  3.000000,  0.624171),  (1.000000,  0.535220)
(-1.589866,  -3.000000,  0.473991),  (0.525084,  0.490273)
(-0.989147,  -3.000000,  0.473991),  (0.525084,  0.580167)
(-1.289506,  3.000000,  0.624171),  (1.000000,  0.535220)
(-0.989147,  -3.000000,  0.473991),  (0.525084,  0.490273)
(-0.989147,  -3.000000,  0.774350),  (0.525084,  0.580167)
(-1.289506,  3.000000,  0.624171),  (1.000000,  0.535220)
(-0.989147,  -3.000000,  0.774350),  (0.525084,  0.490273)
(-1.589866,  -3.000000,  0.774350),  (0.525084,  0.580167)
(-1.289506,  3.000000,  0.624171),  (1.000000,  0.535220)
(-1.589866,  -3.000000,  0.774350),  (0.525084,  0.490273)
(-1.589866,  -3.000000,  0.473991),  (0.525084,  0.580167)
(-1.289506,  3.000000,  0.624171),  (1.000000,  0.535220)
(-1.589866,  -3.000000,  -0.774350),  (0.525084,  0.490273)
(-0.989147,  -3.000000,  -0.774350),  (0.525084,  0.580167)
(-1.289506,  3.000000,  -0.624171),  (1.000000,  0.535220)
(-0.989147,  -3.000000,  -0.774350),  (0.525084,  0.490273)
(-0.989147,  -3.000000,  -0.473991),  (0.525084,  0.580167)
(-1.289506,  3.000000,  -0.624171),  (1.000000,  0.535220)
(-0.989147,  -3.000000,  -0.473991),  (0.525084,  0.490273)
(-1.589866,  -3.000000,  -0.473991),  (0.525084,  0.580167)
(-1.289506,  3.000000,  -0.624171),  (1.000000,  0.535220)
(-1.589866,  -3.000000,  -0.473991),  (0.525084,  0.490273)
(-1.589866,  -3.000000,  -0.774350),  (0.525084,  0.580167)
(-1.289506,  3.000000,  -0.624171),  (1.000000,  0.535220)
(-0.003594,  -0.001496,  -1.284398),  (0.443172,  0.223519)
(-0.003594,  -0.001496,  0.001797),  (0.443172,  0.582653)
(-2.568796,  -0.001496,  0.001797),  (0.002477,  0.582653)
(-2.568796,  -0.001496,  0.001797),  (0.002477,  0.582653)
(-2.568796,  -0.001496,  -1.284398),  (0.002477,  0.223519)
(-0.003594,  -0.001496,  -1.284398),  (0.443172,  0.223519)
(-0.003594,  -0.295321,  -1.500000),  (0.500000,  0.002872)
(-0.003594,  0.295321,  -1.500000),  (0.500000,  0.072707)
(-3.000000,  0.295321,  -1.500000),  (0.000000,  0.072707)
(-3.000000,  0.295321,  -1.500000),  (0.000000,  0.072707)
(-3.000000,  -0.295321,  -1.500000),  (0.000000,  0.002872)
(-0.003594,  -0.295321,  -1.500000),  (0.500000,  0.002872)
(3.000000,  -0.295321,  0.001797),  (0.499998,  0.002872)
(3.000000,  0.295321,  0.001797),  (0.499998,  0.072635)
(3.000000,  0.295321,  -1.500000),  (0.999998,  0.072634)
(3.000000,  0.295321,  -1.500000),  (0.999998,  0.072634)
(3.000000,  -0.295321,  -1.500000),  (0.999998,  0.002872)
(3.000000,  -0.295321,  0.001797),  (0.499998,  0.002872)
(-0.003594,  -0.295321,  1.500000),  (0.500000,  0.002872)
(-0.003594,  0.295321,  1.500000),  (0.500000,  0.072635)
(3.000000,  0.295321,  1.500000),  (1.000000,  0.072635)
(3.000000,  0.295321,  1.500000),  (1.000000,  0.072635)
(3.000000,  -0.295321,  1.500000),  (1.000000,  0.002872)
(-0.003594,  -0.295321,  1.500000),  (0.500000,  0.002872)
(-3.000000,  -0.295321,  0.001797),  (0.500002,  0.002872)
(-3.000000,  0.295321,  0.001797),  (0.500002,  0.072707)
(-3.000000,  0.295321,  1.500000),  (0.000002,  0.072706)
(-3.000000,  0.295321,  1.500000),  (0.000002,  0.072706)
(-3.000000,  -0.295321,  1.500000),  (0.000002,  0.002872)
(-3.000000,  -0.295321,  0.001797),  (0.500002,  0.002872)
(-0.003594,  0.295321,  -1.500000),  (0.500000,  0.072707)
(-0.003594,  0.295321,  -1.284398),  (0.500000,  0.146037)
(-2.568796,  0.295321,  -1.284398),  (0.071781,  0.146037)
(-2.568796,  0.295321,  -1.284398),  (0.071781,  0.146037)
(-3.000000,  0.295321,  -1.500000),  (0.000000,  0.072707)
(-0.003594,  0.295321,  -1.500000),  (0.500000,  0.072707)
(3.000000,  0.295321,  0.001797),  (0.499998,  0.072635)
(2.568796,  0.295321,  0.001797),  (0.499998,  0.145965)
(2.568796,  0.295321,  -1.284398),  (0.928217,  0.145964)
(2.568796,  0.295321,  -1.284398),  (0.928217,  0.145964)
(3.000000,  0.295321,  -1.500000),  (0.999998,  0.072634)
(3.000000,  0.295321,  0.001797),  (0.499998,  0.072635)
(-0.003594,  0.295321,  1.500000),  (0.500000,  0.072635)
(-0.003594,  0.295321,  1.284398),  (0.500000,  0.145965)
(2.568796,  0.295321,  1.284398),  (0.928219,  0.145965)
(2.568796,  0.295321,  1.284398),  (0.928219,  0.145965)
(3.000000,  0.295321,  1.500000),  (1.000000,  0.072635)
(-0.003594,  0.295321,  1.500000),  (0.500000,  0.072635)
(-3.000000,  0.295321,  0.001797),  (0.500002,  0.072707)
(-2.568796,  0.295321,  0.001797),  (0.500002,  0.146037)
(-2.568796,  0.295321,  1.284398),  (0.071783,  0.146036)
(-2.568796,  0.295321,  1.284398),  (0.071783,  0.146036)
(-3.000000,  0.295321,  1.500000),  (0.000002,  0.072706)
(-3.000000,  0.295321,  0.001797),  (0.500002,  0.072707)
(-0.003594,  0.295321,  -1.284398),  (0.500000,  0.146037)
(-0.003594,  -0.001496,  -1.284398),  (0.500000,  0.215009)
(-2.568796,  -0.001496,  -1.284398),  (0.071781,  0.215009)
(-2.568796,  -0.001496,  -1.284398),  (0.071781,  0.215009)
(-2.568796,  0.295321,  -1.284398),  (0.071781,  0.146037)
(-0.003594,  0.295321,  -1.284398),  (0.500000,  0.146037)
(2.568796,  0.295321,  0.001797),  (0.499998,  0.145965)
(2.568796,  -0.001496,  0.001797),  (0.499998,  0.214937)
(2.568796,  -0.001496,  -1.284398),  (0.928217,  0.214936)
(2.568796,  -0.001496,  -1.284398),  (0.928217,  0.214936)
(2.568796,  0.295321,  -1.284398),  (0.928217,  0.145964)
(2.568796,  0.295321,  0.001797),  (0.499998,  0.145965)
(-0.003594,  0.295321,  1.284398),  (0.500000,  0.145965)
(-0.003594,  -0.001495,  1.284398),  (0.500000,  0.214937)
(2.568796,  -0.001495,  1.284398),  (0.928219,  0.214937)
(2.568796,  -0.001495,  1.284398),  (0.928219,  0.214937)
(2.568796,  0.295321,  1.284398),  (0.928219,  0.145965)
(-0.003594,  0.295321,  1.284398),  (0.500000,  0.145965)
(-2.568796,  0.295321,  0.001797),  (0.500002,  0.146037)
(-2.568796,  -0.001496,  0.001797),  (0.500002,  0.215009)
(-2.568796,  -0.001495,  1.284398),  (0.071783,  0.215008)
(-2.568796,  -0.001495,  1.284398),  (0.071783,  0.215008)
(-2.568796,  0.295321,  1.284398),  (0.071783,  0.146036)
(-2.568796,  0.295321,  0.001797),  (0.500002,  0.146037)
(2.568796,  -0.001495,  1.284398),  (0.002477,  0.223519)
(-0.003594,  -0.001495,  1.284398),  (0.443172,  0.223519)
(-0.003594,  -0.001496,  0.001797),  (0.443172,  0.582653)
(-0.003594,  -0.001496,  0.001797),  (0.443172,  0.582653)
(2.568796,  -0.001496,  0.001797),  (0.002477,  0.582653)
(2.568796,  -0.001495,  1.284398),  (0.002477,  0.223519)
(3.000000,  -0.295321,  1.500000),  (-0.000002,  0.002872)
(3.000000,  0.295321,  1.500000),  (-0.000002,  0.072637)
(3.000000,  0.295321,  0.001797),  (0.499998,  0.072635)
(3.000000,  0.295321,  0.001797),  (0.499998,  0.072635)
(3.000000,  -0.295321,  0.001797),  (0.499998,  0.002872)
(3.000000,  -0.295321,  1.500000),  (-0.000002,  0.002872)
(-3.000000,  -0.295321,  -1.500000),  (1.000002,  0.002872)
(-3.000000,  0.295321,  -1.500000),  (1.000002,  0.072709)
(-3.000000,  0.295321,  0.001797),  (0.500002,  0.072707)
(-3.000000,  0.295321,  0.001797),  (0.500002,  0.072707)
(-3.000000,  -0.295321,  0.001797),  (0.500002,  0.002872)
(-3.000000,  -0.295321,  -1.500000),  (1.000002,  0.002872)
(3.000000,  0.295321,  0.001797),  (0.499998,  0.072635)
(3.000000,  0.295321,  1.500000),  (-0.000002,  0.072637)
(2.568796,  0.295321,  1.284398),  (0.071780,  0.145966)
(2.568796,  0.295321,  1.284398),  (0.071780,  0.145966)
(2.568796,  0.295321,  0.001797),  (0.499998,  0.145965)
(3.000000,  0.295321,  0.001797),  (0.499998,  0.072635)
(-3.000000,  0.295321,  0.001797),  (0.500002,  0.072707)
(-3.000000,  0.295321,  -1.500000),  (1.000002,  0.072709)
(-2.568796,  0.295321,  -1.284398),  (0.928220,  0.146038)
(-2.568796,  0.295321,  -1.284398),  (0.928220,  0.146038)
(-2.568796,  0.295321,  0.001797),  (0.500002,  0.146037)
(-3.000000,  0.295321,  0.001797),  (0.500002,  0.072707)
(2.568796,  0.295321,  1.284398),  (0.071780,  0.145966)
(2.568796,  -0.001495,  1.284398),  (0.071780,  0.214938)
(2.568796,  -0.001496,  0.001797),  (0.499998,  0.214937)
(2.568796,  -0.001496,  0.001797),  (0.499998,  0.214937)
(2.568796,  0.295321,  0.001797),  (0.499998,  0.145965)
(2.568796,  0.295321,  1.284398),  (0.071780,  0.145966)
(-2.568796,  0.295321,  -1.284398),  (0.928220,  0.146038)
(-2.568796,  -0.001496,  -1.284398),  (0.928220,  0.215010)
(-2.568796,  -0.001496,  0.001797),  (0.500002,  0.215009)
(-2.568796,  -0.001496,  0.001797),  (0.500002,  0.215009)
(-2.568796,  0.295321,  0.001797),  (0.500002,  0.146037)
(-2.568796,  0.295321,  -1.284398),  (0.928220,  0.146038)
(2.568796,  -0.001496,  -1.284398),  (0.002477,  0.223519)
(2.568796,  -0.001496,  0.001797),  (0.002477,  0.582653)
(-0.003594,  -0.001496,  0.001797),  (0.443172,  0.582653)
(-0.003594,  -0.001496,  0.001797),  (0.443172,  0.582653)
(-0.003594,  -0.001496,  -1.284398),  (0.443172,  0.223519)
(2.568796,  -0.001496,  -1.284398),  (0.002477,  0.223519)
(3.000000,  -0.295321,  -1.500000),  (1.000000,  0.002872)
(3.000000,  0.295321,  -1.500000),  (1.000000,  0.072707)
(-0.003594,  0.295321,  -1.500000),  (0.500000,  0.072707)
(-0.003594,  0.295321,  -1.500000),  (0.500000,  0.072707)
(-0.003594,  -0.295321,  -1.500000),  (0.500000,  0.002872)
(3.000000,  -0.295321,  -1.500000),  (1.000000,  0.002872)
(-3.000000,  -0.295321,  1.500000),  (0.000000,  0.002872)
(-3.000000,  0.295321,  1.500000),  (0.000000,  0.072635)
(-0.003594,  0.295321,  1.500000),  (0.500000,  0.072635)
(-0.003594,  0.295321,  1.500000),  (0.500000,  0.072635)
(-0.003594,  -0.295321,  1.500000),  (0.500000,  0.002872)
(-3.000000,  -0.295321,  1.500000),  (0.000000,  0.002872)
(-0.003594,  0.295321,  -1.500000),  (0.500000,  0.072707)
(3.000000,  0.295321,  -1.500000),  (1.000000,  0.072707)
(2.568796,  0.295321,  -1.284398),  (0.928219,  0.146037)
(2.568796,  0.295321,  -1.284398),  (0.928219,  0.146037)
(-0.003594,  0.295321,  -1.284398),  (0.500000,  0.146037)
(-0.003594,  0.295321,  -1.500000),  (0.500000,  0.072707)
(-0.003594,  0.295321,  1.500000),  (0.500000,  0.072635)
(-3.000000,  0.295321,  1.500000),  (0.000000,  0.072635)
(-2.568796,  0.295321,  1.284398),  (0.071781,  0.145965)
(-2.568796,  0.295321,  1.284398),  (0.071781,  0.145965)
(-0.003594,  0.295321,  1.284398),  (0.500000,  0.145965)
(-0.003594,  0.295321,  1.500000),  (0.500000,  0.072635)
(2.568796,  0.295321,  -1.284398),  (0.928219,  0.146037)
(2.568796,  -0.001496,  -1.284398),  (0.928219,  0.215009)
(-0.003594,  -0.001496,  -1.284398),  (0.500000,  0.215009)
(-0.003594,  -0.001496,  -1.284398),  (0.500000,  0.215009)
(-0.003594,  0.295321,  -1.284398),  (0.500000,  0.146037)
(2.568796,  0.295321,  -1.284398),  (0.928219,  0.146037)
(-2.568796,  0.295321,  1.284398),  (0.071781,  0.145965)
(-2.568796,  -0.001495,  1.284398),  (0.071781,  0.214937)
(-0.003594,  -0.001495,  1.284398),  (0.500000,  0.214937)
(-0.003594,  -0.001495,  1.284398),  (0.500000,  0.214937)
(-0.003594,  0.295321,  1.284398),  (0.500000,  0.145965)
(-2.568796,  0.295321,  1.284398),  (0.071781,  0.145965)
(-2.568796,  -0.001495,  1.284398),  (0.002477,  0.223519)
(-2.568796,  -0.001496,  0.001797),  (0.002477,  0.582653)
(-0.003594,  -0.001496,  0.001797),  (0.443172,  0.582653)
(-0.003594,  -0.001496,  0.001797),  (0.443172,  0.582653)
(-0.003594,  -0.001495,  1.284398),  (0.443172,  0.223519)
(-2.568796,  -0.001495,  1.284398),  (0.002477,  0.223519)
(1.301476,  -0.029265,  -0.181288),  (0.446782,  0.345774)
(0.849615,  -0.029265,  -0.241826),  (0.538266,  0.345774)
(0.900099,  0.267320,  -0.285545),  (0.538266,  0.288784)
(0.900099,  0.267320,  -0.285545),  (0.538266,  0.288784)
(1.301476,  0.267320,  -0.231771),  (0.446782,  0.288784)
(1.301476,  -0.029265,  -0.181288),  (0.446782,  0.345774)
(0.849615,  -0.029265,  -0.241826),  (0.538266,  0.345774)
(0.518831,  -0.029265,  -0.407218),  (0.629750,  0.345774)
(0.606270,  0.267320,  -0.432460),  (0.629750,  0.288784)
(0.606270,  0.267320,  -0.432460),  (0.629750,  0.288784)
(0.900099,  0.267320,  -0.285545),  (0.538266,  0.288784)
(0.849615,  -0.029265,  -0.241826),  (0.538266,  0.345774)
(0.518831,  -0.029265,  -0.407218),  (0.629750,  0.345774)
(0.397755,  -0.029265,  -0.633148),  (0.721234,  0.345774)
(0.498722,  0.267320,  -0.633148),  (0.721234,  0.288784)
(0.498722,  0.267320,  -0.633148),  (0.721234,  0.288784)
(0.606270,  0.267320,  -0.432460),  (0.629750,  0.288784)
(0.518831,  -0.029265,  -0.407218),  (0.629750,  0.345774)
(0.397755,  -0.029265,  -0.633148),  (0.721234,  0.345774)
(0.518831,  -0.029265,  -0.859078),  (0.812718,  0.345774)
(0.606270,  0.267320,  -0.833837),  (0.812718,  0.288784)
(0.606270,  0.267320,  -0.833837),  (0.812718,  0.288784)
(0.498722,  0.267320,  -0.633148),  (0.721234,  0.288784)
(0.397755,  -0.029265,  -0.633148),  (0.721234,  0.345774)
(0.518831,  -0.029265,  -0.859078),  (0.812718,  0.345774)
(0.849615,  -0.029265,  -1.024471),  (0.904202,  0.345774)
(0.900098,  0.267320,  -0.980751),  (0.904202,  0.288784)
(0.900098,  0.267320,  -0.980751),  (0.904202,  0.288784)
(0.606270,  0.267320,  -0.833837),  (0.812718,  0.288784)
(0.518831,  -0.029265,  -0.859078),  (0.812718,  0.345774)
(0.849615,  -0.029265,  -1.024471),  (0.904202,  0.345774)
(1.301476,  -0.029265,  -1.085009),  (0.995687,  0.345774)
(1.301476,  0.267320,  -1.034525),  (0.995687,  0.288784)
(1.301476,  0.267320,  -1.034525),  (0.995687,  0.288784)
(0.900098,  0.267320,  -0.980751),  (0.904202,  0.288784)
(0.849615,  -0.029265,  -1.024471),  (0.904202,  0.345774)
(1.301476,  -0.029265,  -0.181288),  (0.446782,  0.345774)
(1.301476,  0.267320,  -0.231771),  (0.446782,  0.288784)
(1.702853,  0.267320,  -0.285545),  (0.538266,  0.288784)
(1.702853,  0.267320,  -0.285545),  (0.538266,  0.288784)
(1.753336,  -0.029265,  -0.241826),  (0.538266,  0.345774)
(1.301476,  -0.029265,  -0.181288),  (0.446782,  0.345774)
(1.753336,  -0.029265,  -0.241826),  (0.538266,  0.345774)
(1.702853,  0.267320,  -0.285545),  (0.538266,  0.288784)
(1.996681,  0.267320,  -0.432460),  (0.629750,  0.288784)
(1.996681,  0.267320,  -0.432460),  (0.629750,  0.288784)
(2.084121,  -0.029265,  -0.407218),  (0.629750,  0.345774)
(1.753336,  -0.029265,  -0.241826),  (0.538266,  0.345774)
(2.084121,  -0.029265,  -0.407218),  (0.629750,  0.345774)
(1.996681,  0.267320,  -0.432460),  (0.629750,  0.288784)
(2.104230,  0.267320,  -0.633148),  (0.721234,  0.288784)
(2.104230,  0.267320,  -0.633148),  (0.721234,  0.288784)
(2.205196,  -0.029265,  -0.633148),  (0.721234,  0.345774)
(2.084121,  -0.029265,  -0.407218),  (0.629750,  0.345774)
(2.205196,  -0.029265,  -0.633148),  (0.721234,  0.345774)
(2.104230,  0.267320,  -0.633148),  (0.721234,  0.288784)
(1.996681,  0.267320,  -0.833837),  (0.812718,  0.288784)
(1.996681,  0.267320,  -0.833837),  (0.812718,  0.288784)
(2.084121,  -0.029265,  -0.859078),  (0.812718,  0.345774)
(2.205196,  -0.029265,  -0.633148),  (0.721234,  0.345774)
(2.084121,  -0.029265,  -0.859078),  (0.812718,  0.345774)
(1.996681,  0.267320,  -0.833837),  (0.812718,  0.288784)
(1.702853,  0.267320,  -0.980751),  (0.904202,  0.288784)
(1.702853,  0.267320,  -0.980751),  (0.904202,  0.288784)
(1.753336,  -0.029265,  -1.024471),  (0.904202,  0.345774)
(2.084121,  -0.029265,  -0.859078),  (0.812718,  0.345774)
(1.753336,  -0.029265,  -1.024471),  (0.904202,  0.345774)
(1.702853,  0.267320,  -0.980751),  (0.904202,  0.288784)
(1.301476,  0.267320,  -1.034525),  (0.995687,  0.288784)
(1.301476,  0.267320,  -1.034525),  (0.995687,  0.288784)
(1.301476,  -0.029265,  -1.085009),  (0.995687,  0.345774)
(1.753336,  -0.029265,  -1.024471),  (0.904202,  0.345774)
(1.301476,  0.267320,  -0.231771),  (0.446782,  0.288784)
(0.900099,  0.267320,  -0.285545),  (0.538266,  0.288784)
(1.041146,  0.267320,  -0.407696),  (0.538266,  0.222259)
(1.041146,  0.267320,  -0.407696),  (0.538266,  0.222259)
(1.301476,  0.267320,  -0.372818),  (0.446782,  0.222259)
(1.301476,  0.267320,  -0.231771),  (0.446782,  0.288784)
(0.900099,  0.267320,  -0.285545),  (0.538266,  0.288784)
(0.606270,  0.267320,  -0.432460),  (0.629750,  0.288784)
(0.850571,  0.267320,  -0.502983),  (0.629750,  0.222259)
(0.850571,  0.267320,  -0.502983),  (0.629750,  0.222259)
(1.041146,  0.267320,  -0.407696),  (0.538266,  0.222259)
(0.900099,  0.267320,  -0.285545),  (0.538266,  0.288784)
(0.606270,  0.267320,  -0.432460),  (0.629750,  0.288784)
(0.498722,  0.267320,  -0.633148),  (0.721234,  0.288784)
(0.780815,  0.267320,  -0.633148),  (0.721234,  0.222259)
(0.780815,  0.267320,  -0.633148),  (0.721234,  0.222259)
(0.850571,  0.267320,  -0.502983),  (0.629750,  0.222259)
(0.606270,  0.267320,  -0.432460),  (0.629750,  0.288784)
(0.498722,  0.267320,  -0.633148),  (0.721234,  0.288784)
(0.606270,  0.267320,  -0.833837),  (0.812718,  0.288784)
(0.850571,  0.267320,  -0.763313),  (0.812718,  0.222259)
(0.850571,  0.267320,  -0.763313),  (0.812718,  0.222259)
(0.780815,  0.267320,  -0.633148),  (0.721234,  0.222259)
(0.498722,  0.267320,  -0.633148),  (0.721234,  0.288784)
(0.606270,  0.267320,  -0.833837),  (0.812718,  0.288784)
(0.900098,  0.267320,  -0.980751),  (0.904202,  0.288784)
(1.041145,  0.267320,  -0.858601),  (0.904202,  0.222259)
(1.041145,  0.267320,  -0.858601),  (0.904202,  0.222259)
(0.850571,  0.267320,  -0.763313),  (0.812718,  0.222259)
(0.606270,  0.267320,  -0.833837),  (0.812718,  0.288784)
(0.900098,  0.267320,  -0.980751),  (0.904202,  0.288784)
(1.301476,  0.267320,  -1.034525),  (0.995687,  0.288784)
(1.301476,  0.267320,  -0.893478),  (0.995687,  0.222259)
(1.301476,  0.267320,  -0.893478),  (0.995687,  0.222259)
(1.041145,  0.267320,  -0.858601),  (0.904202,  0.222259)
(0.900098,  0.267320,  -0.980751),  (0.904202,  0.288784)
(1.702853,  0.267320,  -0.285545),  (0.538266,  0.288784)
(1.301476,  0.267320,  -0.231771),  (0.446782,  0.288784)
(1.301476,  0.267320,  -0.372818),  (0.446782,  0.222259)
(1.301476,  0.267320,  -0.372818),  (0.446782,  0.222259)
(1.561806,  0.267320,  -0.407696),  (0.538266,  0.222259)
(1.702853,  0.267320,  -0.285545),  (0.538266,  0.288784)
(1.996681,  0.267320,  -0.432460),  (0.629750,  0.288784)
(1.702853,  0.267320,  -0.285545),  (0.538266,  0.288784)
(1.561806,  0.267320,  -0.407696),  (0.538266,  0.222259)
(1.561806,  0.267320,  -0.407696),  (0.538266,  0.222259)
(1.752381,  0.267320,  -0.502983),  (0.629750,  0.222259)
(1.996681,  0.267320,  -0.432460),  (0.629750,  0.288784)
(2.104230,  0.267320,  -0.633148),  (0.721234,  0.288784)
(1.996681,  0.267320,  -0.432460),  (0.629750,  0.288784)
(1.752381,  0.267320,  -0.502983),  (0.629750,  0.222259)
(1.752381,  0.267320,  -0.502983),  (0.629750,  0.222259)
(1.822136,  0.267320,  -0.633148),  (0.721234,  0.222259)
(2.104230,  0.267320,  -0.633148),  (0.721234,  0.288784)
(1.996681,  0.267320,  -0.833837),  (0.812718,  0.288784)
(2.104230,  0.267320,  -0.633148),  (0.721234,  0.288784)
(1.822136,  0.267320,  -0.633148),  (0.721234,  0.222259)
(1.822136,  0.267320,  -0.633148),  (0.721234,  0.222259)
(1.752381,  0.267320,  -0.763313),  (0.812718,  0.222259)
(1.996681,  0.267320,  -0.833837),  (0.812718,  0.288784)
(1.702853,  0.267320,  -0.980751),  (0.904202,  0.288784)
(1.996681,  0.267320,  -0.833837),  (0.812718,  0.288784)
(1.752381,  0.267320,  -0.763313),  (0.812718,  0.222259)
(1.752381,  0.267320,  -0.763313),  (0.812718,  0.222259)
(1.561806,  0.267320,  -0.858601),  (0.904202,  0.222259)
(1.702853,  0.267320,  -0.980751),  (0.904202,  0.288784)
(1.301476,  0.267320,  -1.034525),  (0.995687,  0.288784)
(1.702853,  0.267320,  -0.980751),  (0.904202,  0.288784)
(1.561806,  0.267320,  -0.858601),  (0.904202,  0.222259)
(1.561806,  0.267320,  -0.858601),  (0.904202,  0.222259)
(1.301476,  0.267320,  -0.893478),  (0.995687,  0.222259)
(1.301476,  0.267320,  -1.034525),  (0.995687,  0.288784)
(1.301476,  0.267320,  -0.372818),  (0.446782,  0.288702)
(1.041146,  0.267320,  -0.407696),  (0.538266,  0.288702)
(1.082912,  0.062430,  -0.443866),  (0.538266,  0.346083)
(1.082912,  0.062430,  -0.443866),  (0.538266,  0.346083)
(1.301476,  0.062430,  -0.414584),  (0.446782,  0.346083)
(1.301476,  0.267320,  -0.372818),  (0.446782,  0.288702)
(1.041146,  0.267320,  -0.407696),  (0.538266,  0.288702)
(0.850571,  0.267320,  -0.502983),  (0.629750,  0.288702)
(0.922912,  0.062430,  -0.523866),  (0.629750,  0.346083)
(0.922912,  0.062430,  -0.523866),  (0.629750,  0.346083)
(1.082912,  0.062430,  -0.443866),  (0.538266,  0.346083)
(1.041146,  0.267320,  -0.407696),  (0.538266,  0.288702)
(0.850571,  0.267320,  -0.502983),  (0.629750,  0.288702)
(0.780815,  0.267320,  -0.633148),  (0.721234,  0.288702)
(0.864348,  0.062430,  -0.633148),  (0.721234,  0.346083)
(0.864348,  0.062430,  -0.633148),  (0.721234,  0.346083)
(0.922912,  0.062430,  -0.523866),  (0.629750,  0.346083)
(0.850571,  0.267320,  -0.502983),  (0.629750,  0.288702)
(0.780815,  0.267320,  -0.633148),  (0.721234,  0.288702)
(0.850571,  0.267320,  -0.763313),  (0.812718,  0.288702)
(0.922912,  0.062430,  -0.742430),  (0.812718,  0.346083)
(0.922912,  0.062430,  -0.742430),  (0.812718,  0.346083)
(0.864348,  0.062430,  -0.633148),  (0.721234,  0.346083)
(0.780815,  0.267320,  -0.633148),  (0.721234,  0.288702)
(0.850571,  0.267320,  -0.763313),  (0.812718,  0.288702)
(1.041145,  0.267320,  -0.858601),  (0.904202,  0.288702)
(1.082912,  0.062430,  -0.822430),  (0.904202,  0.346083)
(1.082912,  0.062430,  -0.822430),  (0.904202,  0.346083)
(0.922912,  0.062430,  -0.742430),  (0.812718,  0.346083)
(0.850571,  0.267320,  -0.763313),  (0.812718,  0.288702)
(1.041145,  0.267320,  -0.858601),  (0.904202,  0.288702)
(1.301476,  0.267320,  -0.893478),  (0.995687,  0.288702)
(1.301476,  0.062430,  -0.851712),  (0.995687,  0.346083)
(1.301476,  0.062430,  -0.851712),  (0.995687,  0.346083)
(1.082912,  0.062430,  -0.822430),  (0.904202,  0.346083)
(1.041145,  0.267320,  -0.858601),  (0.904202,  0.288702)
(1.561806,  0.267320,  -0.407696),  (0.538266,  0.288702)
(1.301476,  0.267320,  -0.372818),  (0.446782,  0.288702)
(1.301476,  0.062430,  -0.414584),  (0.446782,  0.346083)
(1.301476,  0.062430,  -0.414584),  (0.446782,  0.346083)
(1.520040,  0.062430,  -0.443866),  (0.538266,  0.346083)
(1.561806,  0.267320,  -0.407696),  (0.538266,  0.288702)
(1.752381,  0.267320,  -0.502983),  (0.629750,  0.288702)
(1.561806,  0.267320,  -0.407696),  (0.538266,  0.288702)
(1.520040,  0.062430,  -0.443866),  (0.538266,  0.346083)
(1.520040,  0.062430,  -0.443866),  (0.538266,  0.346083)
(1.680039,  0.062430,  -0.523866),  (0.629750,  0.346083)
(1.752381,  0.267320,  -0.502983),  (0.629750,  0.288702)
(1.822136,  0.267320,  -0.633148),  (0.721234,  0.288702)
(1.752381,  0.267320,  -0.502983),  (0.629750,  0.288702)
(1.680039,  0.062430,  -0.523866),  (0.629750,  0.346083)
(1.680039,  0.062430,  -0.523866),  (0.629750,  0.346083)
(1.738603,  0.062430,  -0.633148),  (0.721234,  0.346083)
(1.822136,  0.267320,  -0.633148),  (0.721234,  0.288702)
(1.752381,  0.267320,  -0.763313),  (0.812718,  0.288702)
(1.822136,  0.267320,  -0.633148),  (0.721234,  0.288702)
(1.738603,  0.062430,  -0.633148),  (0.721234,  0.346083)
(1.738603,  0.062430,  -0.633148),  (0.721234,  0.346083)
(1.680039,  0.062430,  -0.742430),  (0.812718,  0.346083)
(1.752381,  0.267320,  -0.763313),  (0.812718,  0.288702)
(1.561806,  0.267320,  -0.858601),  (0.904202,  0.288702)
(1.752381,  0.267320,  -0.763313),  (0.812718,  0.288702)
(1.680039,  0.062430,  -0.742430),  (0.812718,  0.346083)
(1.680039,  0.062430,  -0.742430),  (0.812718,  0.346083)
(1.520040,  0.062430,  -0.822430),  (0.904202,  0.346083)
(1.561806,  0.267320,  -0.858601),  (0.904202,  0.288702)
(1.301476,  0.267320,  -0.893478),  (0.995687,  0.288702)
(1.561806,  0.267320,  -0.858601),  (0.904202,  0.288702)
(1.520040,  0.062430,  -0.822430),  (0.904202,  0.346083)
(1.520040,  0.062430,  -0.822430),  (0.904202,  0.346083)
(1.301476,  0.062430,  -0.851712),  (0.995687,  0.346083)
(1.301476,  0.267320,  -0.893478),  (0.995687,  0.288702)
(0.922912,  0.062430,  -0.523866),  (0.439609,  0.221692)
(0.864348,  0.062430,  -0.633148),  (0.439341,  0.222678)
(0.922912,  0.062430,  -0.742430),  (0.439609,  0.223665)
(0.922912,  0.062430,  -0.742430),  (0.439609,  0.223665)
(1.082912,  0.062430,  -0.822430),  (0.440341,  0.224387)
(1.301476,  0.062430,  -0.851712),  (0.441341,  0.224652)
(1.301476,  0.062430,  -0.851712),  (0.441341,  0.224652)
(1.520040,  0.062430,  -0.822430),  (0.442341,  0.224387)
(1.680039,  0.062430,  -0.742430),  (0.443073,  0.223665)
(0.922912,  0.062430,  -0.742430),  (0.439609,  0.223665)
(1.301476,  0.062430,  -0.851712),  (0.441341,  0.224652)
(1.680039,  0.062430,  -0.742430),  (0.443073,  0.223665)
(1.680039,  0.062430,  -0.742430),  (0.443073,  0.223665)
(1.738603,  0.062430,  -0.633148),  (0.443341,  0.222678)
(1.680039,  0.062430,  -0.523866),  (0.443073,  0.221692)
(1.680039,  0.062430,  -0.523866),  (0.443073,  0.221692)
(1.520040,  0.062430,  -0.443866),  (0.442341,  0.220970)
(1.301476,  0.062430,  -0.414584),  (0.441341,  0.220705)
(1.680039,  0.062430,  -0.742430),  (0.443073,  0.223665)
(1.680039,  0.062430,  -0.523866),  (0.443073,  0.221692)
(1.301476,  0.062430,  -0.414584),  (0.441341,  0.220705)
(0.922912,  0.062430,  -0.742430),  (0.439609,  0.223665)
(1.680039,  0.062430,  -0.742430),  (0.443073,  0.223665)
(1.301476,  0.062430,  -0.414584),  (0.441341,  0.220705)
(0.922912,  0.062430,  -0.523866),  (0.439609,  0.221692)
(0.922912,  0.062430,  -0.742430),  (0.439609,  0.223665)
(1.301476,  0.062430,  -0.414584),  (0.441341,  0.220705)
(1.082912,  0.062430,  -0.443866),  (0.440341,  0.220970)
(0.922912,  0.062430,  -0.523866),  (0.439609,  0.221692)
(1.301476,  0.062430,  -0.414584),  (0.441341,  0.220705)
(0.006240,  -0.029265,  0.441901),  (0.446782,  0.345774)
(-0.445620,  -0.029265,  0.381364),  (0.538266,  0.345774)
(-0.395137,  0.267320,  0.337644),  (0.538266,  0.288784)
(-0.395137,  0.267320,  0.337644),  (0.538266,  0.288784)
(0.006240,  0.267320,  0.391418),  (0.446782,  0.288784)
(0.006240,  -0.029265,  0.441901),  (0.446782,  0.345774)
(-0.445620,  -0.029265,  0.381364),  (0.538266,  0.345774)
(-0.776405,  -0.029265,  0.215971),  (0.629750,  0.345774)
(-0.688966,  0.267320,  0.190730),  (0.629750,  0.288784)
(-0.688966,  0.267320,  0.190730),  (0.629750,  0.288784)
(-0.395137,  0.267320,  0.337644),  (0.538266,  0.288784)
(-0.445620,  -0.029265,  0.381364),  (0.538266,  0.345774)
(-0.776405,  -0.029265,  0.215971),  (0.629750,  0.345774)
(-0.897481,  -0.029265,  -0.009959),  (0.721234,  0.345774)
(-0.796514,  0.267320,  -0.009959),  (0.721234,  0.288784)
(-0.796514,  0.267320,  -0.009959),  (0.721234,  0.288784)
(-0.688966,  0.267320,  0.190730),  (0.629750,  0.288784)
(-0.776405,  -0.029265,  0.215971),  (0.629750,  0.345774)
(-0.897481,  -0.029265,  -0.009959),  (0.721234,  0.345774)
(-0.776405,  -0.029265,  -0.235889),  (0.812718,  0.345774)
(-0.688966,  0.267320,  -0.210647),  (0.812718,  0.288784)
(-0.688966,  0.267320,  -0.210647),  (0.812718,  0.288784)
(-0.796514,  0.267320,  -0.009959),  (0.721234,  0.288784)
(-0.897481,  -0.029265,  -0.009959),  (0.721234,  0.345774)
(-0.776405,  -0.029265,  -0.235889),  (0.812718,  0.345774)
(-0.445621,  -0.029265,  -0.401281),  (0.904202,  0.345774)
(-0.395137,  0.267320,  -0.357561),  (0.904202,  0.288784)
(-0.395137,  0.267320,  -0.357561),  (0.904202,  0.288784)
(-0.688966,  0.267320,  -0.210647),  (0.812718,  0.288784)
(-0.776405,  -0.029265,  -0.235889),  (0.812718,  0.345774)
(-0.445621,  -0.029265,  -0.401281),  (0.904202,  0.345774)
(0.006240,  -0.029265,  -0.461819),  (0.995687,  0.345774)
(0.006240,  0.267320,  -0.411336),  (0.995687,  0.288784)
(0.006240,  0.267320,  -0.411336),  (0.995687,  0.288784)
(-0.395137,  0.267320,  -0.357561),  (0.904202,  0.288784)
(-0.445621,  -0.029265,  -0.401281),  (0.904202,  0.345774)
(0.006240,  -0.029265,  0.441901),  (0.446782,  0.345774)
(0.006240,  0.267320,  0.391418),  (0.446782,  0.288784)
(0.407617,  0.267320,  0.337644),  (0.538266,  0.288784)
(0.407617,  0.267320,  0.337644),  (0.538266,  0.288784)
(0.458100,  -0.029265,  0.381364),  (0.538266,  0.345774)
(0.006240,  -0.029265,  0.441901),  (0.446782,  0.345774)
(0.458100,  -0.029265,  0.381364),  (0.538266,  0.345774)
(0.407617,  0.267320,  0.337644),  (0.538266,  0.288784)
(0.701446,  0.267320,  0.190730),  (0.629750,  0.288784)
(0.701446,  0.267320,  0.190730),  (0.629750,  0.288784)
(0.788885,  -0.029265,  0.215971),  (0.629750,  0.345774)
(0.458100,  -0.029265,  0.381364),  (0.538266,  0.345774)
(0.788885,  -0.029265,  0.215971),  (0.629750,  0.345774)
(0.701446,  0.267320,  0.190730),  (0.629750,  0.288784)
(0.808994,  0.267320,  -0.009959),  (0.721234,  0.288784)
(0.808994,  0.267320,  -0.009959),  (0.721234,  0.288784)
(0.909961,  -0.029265,  -0.009959),  (0.721234,  0.345774)
(0.788885,  -0.029265,  0.215971),  (0.629750,  0.345774)
(0.909961,  -0.029265,  -0.009959),  (0.721234,  0.345774)
(0.808994,  0.267320,  -0.009959),  (0.721234,  0.288784)
(0.701446,  0.267320,  -0.210647),  (0.812718,  0.288784)
(0.701446,  0.267320,  -0.210647),  (0.812718,  0.288784)
(0.788885,  -0.029265,  -0.235889),  (0.812718,  0.345774)
(0.909961,  -0.029265,  -0.009959),  (0.721234,  0.345774)
(0.788885,  -0.029265,  -0.235889),  (0.812718,  0.345774)
(0.701446,  0.267320,  -0.210647),  (0.812718,  0.288784)
(0.407617,  0.267320,  -0.357561),  (0.904202,  0.288784)
(0.407617,  0.267320,  -0.357561),  (0.904202,  0.288784)
(0.458101,  -0.029265,  -0.401281),  (0.904202,  0.345774)
(0.788885,  -0.029265,  -0.235889),  (0.812718,  0.345774)
(0.458101,  -0.029265,  -0.401281),  (0.904202,  0.345774)
(0.407617,  0.267320,  -0.357561),  (0.904202,  0.288784)
(0.006240,  0.267320,  -0.411336),  (0.995687,  0.288784)
(0.006240,  0.267320,  -0.411336),  (0.995687,  0.288784)
(0.006240,  -0.029265,  -0.461819),  (0.995687,  0.345774)
(0.458101,  -0.029265,  -0.401281),  (0.904202,  0.345774)
(0.006240,  0.267320,  0.391418),  (0.446782,  0.288784)
(-0.395137,  0.267320,  0.337644),  (0.538266,  0.288784)
(-0.254090,  0.267320,  0.215494),  (0.538266,  0.222259)
(-0.254090,  0.267320,  0.215494),  (0.538266,  0.222259)
(0.006240,  0.267320,  0.250371),  (0.446782,  0.222259)
(0.006240,  0.267320,  0.391418),  (0.446782,  0.288784)
(-0.395137,  0.267320,  0.337644),  (0.538266,  0.288784)
(-0.688966,  0.267320,  0.190730),  (0.629750,  0.288784)
(-0.444665,  0.267320,  0.120206),  (0.629750,  0.222259)
(-0.444665,  0.267320,  0.120206),  (0.629750,  0.222259)
(-0.254090,  0.267320,  0.215494),  (0.538266,  0.222259)
(-0.395137,  0.267320,  0.337644),  (0.538266,  0.288784)
(-0.688966,  0.267320,  0.190730),  (0.629750,  0.288784)
(-0.796514,  0.267320,  -0.009959),  (0.721234,  0.288784)
(-0.514420,  0.267320,  -0.009959),  (0.721234,  0.222259)
(-0.514420,  0.267320,  -0.009959),  (0.721234,  0.222259)
(-0.444665,  0.267320,  0.120206),  (0.629750,  0.222259)
(-0.688966,  0.267320,  0.190730),  (0.629750,  0.288784)
(-0.796514,  0.267320,  -0.009959),  (0.721234,  0.288784)
(-0.688966,  0.267320,  -0.210647),  (0.812718,  0.288784)
(-0.444665,  0.267320,  -0.140124),  (0.812718,  0.222259)
(-0.444665,  0.267320,  -0.140124),  (0.812718,  0.222259)
(-0.514420,  0.267320,  -0.009959),  (0.721234,  0.222259)
(-0.796514,  0.267320,  -0.009959),  (0.721234,  0.288784)
(-0.688966,  0.267320,  -0.210647),  (0.812718,  0.288784)
(-0.395137,  0.267320,  -0.357561),  (0.904202,  0.288784)
(-0.254090,  0.267320,  -0.235411),  (0.904202,  0.222259)
(-0.254090,  0.267320,  -0.235411),  (0.904202,  0.222259)
(-0.444665,  0.267320,  -0.140124),  (0.812718,  0.222259)
(-0.688966,  0.267320,  -0.210647),  (0.812718,  0.288784)
(-0.395137,  0.267320,  -0.357561),  (0.904202,  0.288784)
(0.006240,  0.267320,  -0.411336),  (0.995687,  0.288784)
(0.006240,  0.267320,  -0.270289),  (0.995687,  0.222259)
(0.006240,  0.267320,  -0.270289),  (0.995687,  0.222259)
(-0.254090,  0.267320,  -0.235411),  (0.904202,  0.222259)
(-0.395137,  0.267320,  -0.357561),  (0.904202,  0.288784)
(0.407617,  0.267320,  0.337644),  (0.538266,  0.288784)
(0.006240,  0.267320,  0.391418),  (0.446782,  0.288784)
(0.006240,  0.267320,  0.250371),  (0.446782,  0.222259)
(0.006240,  0.267320,  0.250371),  (0.446782,  0.222259)
(0.266570,  0.267320,  0.215494),  (0.538266,  0.222259)
(0.407617,  0.267320,  0.337644),  (0.538266,  0.288784)
(0.701446,  0.267320,  0.190730),  (0.629750,  0.288784)
(0.407617,  0.267320,  0.337644),  (0.538266,  0.288784)
(0.266570,  0.267320,  0.215494),  (0.538266,  0.222259)
(0.266570,  0.267320,  0.215494),  (0.538266,  0.222259)
(0.457145,  0.267320,  0.120206),  (0.629750,  0.222259)
(0.701446,  0.267320,  0.190730),  (0.629750,  0.288784)
(0.808994,  0.267320,  -0.009959),  (0.721234,  0.288784)
(0.701446,  0.267320,  0.190730),  (0.629750,  0.288784)
(0.457145,  0.267320,  0.120206),  (0.629750,  0.222259)
(0.457145,  0.267320,  0.120206),  (0.629750,  0.222259)
(0.526900,  0.267320,  -0.009959),  (0.721234,  0.222259)
(0.808994,  0.267320,  -0.009959),  (0.721234,  0.288784)
(0.701446,  0.267320,  -0.210647),  (0.812718,  0.288784)
(0.808994,  0.267320,  -0.009959),  (0.721234,  0.288784)
(0.526900,  0.267320,  -0.009959),  (0.721234,  0.222259)
(0.526900,  0.267320,  -0.009959),  (0.721234,  0.222259)
(0.457145,  0.267320,  -0.140124),  (0.812718,  0.222259)
(0.701446,  0.267320,  -0.210647),  (0.812718,  0.288784)
(0.407617,  0.267320,  -0.357561),  (0.904202,  0.288784)
(0.701446,  0.267320,  -0.210647),  (0.812718,  0.288784)
(0.457145,  0.267320,  -0.140124),  (0.812718,  0.222259)
(0.457145,  0.267320,  -0.140124),  (0.812718,  0.222259)
(0.266570,  0.267320,  -0.235411),  (0.904202,  0.222259)
(0.407617,  0.267320,  -0.357561),  (0.904202,  0.288784)
(0.006240,  0.267320,  -0.411336),  (0.995687,  0.288784)
(0.407617,  0.267320,  -0.357561),  (0.904202,  0.288784)
(0.266570,  0.267320,  -0.235411),  (0.904202,  0.222259)
(0.266570,  0.267320,  -0.235411),  (0.904202,  0.222259)
(0.006240,  0.267320,  -0.270289),  (0.995687,  0.222259)
(0.006240,  0.267320,  -0.411336),  (0.995687,  0.288784)
(0.006240,  0.267320,  0.250371),  (0.446782,  0.288702)
(-0.254090,  0.267320,  0.215494),  (0.538266,  0.288702)
(-0.212324,  0.062430,  0.179323),  (0.538266,  0.346083)
(-0.212324,  0.062430,  0.179323),  (0.538266,  0.346083)
(0.006240,  0.062430,  0.208605),  (0.446782,  0.346083)
(0.006240,  0.267320,  0.250371),  (0.446782,  0.288702)
(-0.254090,  0.267320,  0.215494),  (0.538266,  0.288702)
(-0.444665,  0.267320,  0.120206),  (0.629750,  0.288702)
(-0.372324,  0.062430,  0.099323),  (0.629750,  0.346083)
(-0.372324,  0.062430,  0.099323),  (0.629750,  0.346083)
(-0.212324,  0.062430,  0.179323),  (0.538266,  0.346083)
(-0.254090,  0.267320,  0.215494),  (0.538266,  0.288702)
(-0.444665,  0.267320,  0.120206),  (0.629750,  0.288702)
(-0.514420,  0.267320,  -0.009959),  (0.721234,  0.288702)
(-0.430888,  0.062430,  -0.009959),  (0.721234,  0.346083)
(-0.430888,  0.062430,  -0.009959),  (0.721234,  0.346083)
(-0.372324,  0.062430,  0.099323),  (0.629750,  0.346083)
(-0.444665,  0.267320,  0.120206),  (0.629750,  0.288702)
(-0.514420,  0.267320,  -0.009959),  (0.721234,  0.288702)
(-0.444665,  0.267320,  -0.140124),  (0.812718,  0.288702)
(-0.372324,  0.062430,  -0.119241),  (0.812718,  0.346083)
(-0.372324,  0.062430,  -0.119241),  (0.812718,  0.346083)
(-0.430888,  0.062430,  -0.009959),  (0.721234,  0.346083)
(-0.514420,  0.267320,  -0.009959),  (0.721234,  0.288702)
(-0.444665,  0.267320,  -0.140124),  (0.812718,  0.288702)
(-0.254090,  0.267320,  -0.235411),  (0.904202,  0.288702)
(-0.212324,  0.062430,  -0.199241),  (0.904202,  0.346083)
(-0.212324,  0.062430,  -0.199241),  (0.904202,  0.346083)
(-0.372324,  0.062430,  -0.119241),  (0.812718,  0.346083)
(-0.444665,  0.267320,  -0.140124),  (0.812718,  0.288702)
(-0.254090,  0.267320,  -0.235411),  (0.904202,  0.288702)
(0.006240,  0.267320,  -0.270289),  (0.995687,  0.288702)
(0.006240,  0.062430,  -0.228523),  (0.995687,  0.346083)
(0.006240,  0.062430,  -0.228523),  (0.995687,  0.346083)
(-0.212324,  0.062430,  -0.199241),  (0.904202,  0.346083)
(-0.254090,  0.267320,  -0.235411),  (0.904202,  0.288702)
(0.266570,  0.267320,  0.215494),  (0.538266,  0.288702)
(0.006240,  0.267320,  0.250371),  (0.446782,  0.288702)
(0.006240,  0.062430,  0.208605),  (0.446782,  0.346083)
(0.006240,  0.062430,  0.208605),  (0.446782,  0.346083)
(0.224804,  0.062430,  0.179323),  (0.538266,  0.346083)
(0.266570,  0.267320,  0.215494),  (0.538266,  0.288702)
(0.457145,  0.267320,  0.120206),  (0.629750,  0.288702)
(0.266570,  0.267320,  0.215494),  (0.538266,  0.288702)
(0.224804,  0.062430,  0.179323),  (0.538266,  0.346083)
(0.224804,  0.062430,  0.179323),  (0.538266,  0.346083)
(0.384804,  0.062430,  0.099323),  (0.629750,  0.346083)
(0.457145,  0.267320,  0.120206),  (0.629750,  0.288702)
(0.526900,  0.267320,  -0.009959),  (0.721234,  0.288702)
(0.457145,  0.267320,  0.120206),  (0.629750,  0.288702)
(0.384804,  0.062430,  0.099323),  (0.629750,  0.346083)
(0.384804,  0.062430,  0.099323),  (0.629750,  0.346083)
(0.443368,  0.062430,  -0.009959),  (0.721234,  0.346083)
(0.526900,  0.267320,  -0.009959),  (0.721234,  0.288702)
(0.457145,  0.267320,  -0.140124),  (0.812718,  0.288702)
(0.526900,  0.267320,  -0.009959),  (0.721234,  0.288702)
(0.443368,  0.062430,  -0.009959),  (0.721234,  0.346083)
(0.443368,  0.062430,  -0.009959),  (0.721234,  0.346083)
(0.384804,  0.062430,  -0.119241),  (0.812718,  0.346083)
(0.457145,  0.267320,  -0.140124),  (0.812718,  0.288702)
(0.266570,  0.267320,  -0.235411),  (0.904202,  0.288702)
(0.457145,  0.267320,  -0.140124),  (0.812718,  0.288702)
(0.384804,  0.062430,  -0.119241),  (0.812718,  0.346083)
(0.384804,  0.062430,  -0.119241),  (0.812718,  0.346083)
(0.224804,  0.062430,  -0.199241),  (0.904202,  0.346083)
(0.266570,  0.267320,  -0.235411),  (0.904202,  0.288702)
(0.006240,  0.267320,  -0.270289),  (0.995687,  0.288702)
(0.266570,  0.267320,  -0.235411),  (0.904202,  0.288702)
(0.224804,  0.062430,  -0.199241),  (0.904202,  0.346083)
(0.224804,  0.062430,  -0.199241),  (0.904202,  0.346083)
(0.006240,  0.062430,  -0.228523),  (0.995687,  0.346083)
(0.006240,  0.267320,  -0.270289),  (0.995687,  0.288702)
(-0.372324,  0.062430,  0.099323),  (0.439609,  0.221692)
(-0.430888,  0.062430,  -0.009959),  (0.439341,  0.222678)
(-0.372324,  0.062430,  -0.119241),  (0.439609,  0.223665)
(-0.372324,  0.062430,  -0.119241),  (0.439609,  0.223665)
(-0.212324,  0.062430,  -0.199241),  (0.440341,  0.224387)
(0.006240,  0.062430,  -0.228523),  (0.441341,  0.224652)
(0.006240,  0.062430,  -0.228523),  (0.441341,  0.224652)
(0.224804,  0.062430,  -0.199241),  (0.442341,  0.224387)
(0.384804,  0.062430,  -0.119241),  (0.443073,  0.223665)
(-0.372324,  0.062430,  -0.119241),  (0.439609,  0.223665)
(0.006240,  0.062430,  -0.228523),  (0.441341,  0.224652)
(0.384804,  0.062430,  -0.119241),  (0.443073,  0.223665)
(0.384804,  0.062430,  -0.119241),  (0.443073,  0.223665)
(0.443368,  0.062430,  -0.009959),  (0.443341,  0.222678)
(0.384804,  0.062430,  0.099323),  (0.443073,  0.221692)
(0.384804,  0.062430,  0.099323),  (0.443073,  0.221692)
(0.224804,  0.062430,  0.179323),  (0.442341,  0.220970)
(0.006240,  0.062430,  0.208605),  (0.441341,  0.220705)
(0.384804,  0.062430,  -0.119241),  (0.443073,  0.223665)
(0.384804,  0.062430,  0.099323),  (0.443073,  0.221692)
(0.006240,  0.062430,  0.208605),  (0.441341,  0.220705)
(-0.372324,  0.062430,  -0.119241),  (0.439609,  0.223665)
(0.384804,  0.062430,  -0.119241),  (0.443073,  0.223665)
(0.006240,  0.062430,  0.208605),  (0.441341,  0.220705)
(-0.372324,  0.062430,  0.099323),  (0.439609,  0.221692)
(-0.372324,  0.062430,  -0.119241),  (0.439609,  0.223665)
(0.006240,  0.062430,  0.208605),  (0.441341,  0.220705)
(-0.212324,  0.062430,  0.179323),  (0.440341,  0.220970)
(-0.372324,  0.062430,  0.099323),  (0.439609,  0.221692)
(0.006240,  0.062430,  0.208605),  (0.441341,  0.220705)
(1.301476,  -0.029265,  1.067053),  (0.446782,  0.345774)
(0.849615,  -0.029265,  1.006516),  (0.538266,  0.345774)
(0.900099,  0.267320,  0.962796),  (0.538266,  0.288784)
(0.900099,  0.267320,  0.962796),  (0.538266,  0.288784)
(1.301476,  0.267320,  1.016570),  (0.446782,  0.288784)
(1.301476,  -0.029265,  1.067053),  (0.446782,  0.345774)
(0.849615,  -0.029265,  1.006516),  (0.538266,  0.345774)
(0.518831,  -0.029265,  0.841123),  (0.629750,  0.345774)
(0.606270,  0.267320,  0.815882),  (0.629750,  0.288784)
(0.606270,  0.267320,  0.815882),  (0.629750,  0.288784)
(0.900099,  0.267320,  0.962796),  (0.538266,  0.288784)
(0.849615,  -0.029265,  1.006516),  (0.538266,  0.345774)
(0.518831,  -0.029265,  0.841123),  (0.629750,  0.345774)
(0.397755,  -0.029265,  0.615193),  (0.721234,  0.345774)
(0.498722,  0.267320,  0.615193),  (0.721234,  0.288784)
(0.498722,  0.267320,  0.615193),  (0.721234,  0.288784)
(0.606270,  0.267320,  0.815882),  (0.629750,  0.288784)
(0.518831,  -0.029265,  0.841123),  (0.629750,  0.345774)
(0.397755,  -0.029265,  0.615193),  (0.721234,  0.345774)
(0.518831,  -0.029265,  0.389263),  (0.812718,  0.345774)
(0.606270,  0.267320,  0.414505),  (0.812718,  0.288784)
(0.606270,  0.267320,  0.414505),  (0.812718,  0.288784)
(0.498722,  0.267320,  0.615193),  (0.721234,  0.288784)
(0.397755,  -0.029265,  0.615193),  (0.721234,  0.345774)
(0.518831,  -0.029265,  0.389263),  (0.812718,  0.345774)
(0.849615,  -0.029265,  0.223871),  (0.904202,  0.345774)
(0.900098,  0.267320,  0.267591),  (0.904202,  0.288784)
(0.900098,  0.267320,  0.267591),  (0.904202,  0.288784)
(0.606270,  0.267320,  0.414505),  (0.812718,  0.288784)
(0.518831,  -0.029265,  0.389263),  (0.812718,  0.345774)
(0.849615,  -0.029265,  0.223871),  (0.904202,  0.345774)
(1.301476,  -0.029265,  0.163333),  (0.995687,  0.345774)
(1.301476,  0.267320,  0.213816),  (0.995687,  0.288784)
(1.301476,  0.267320,  0.213816),  (0.995687,  0.288784)
(0.900098,  0.267320,  0.267591),  (0.904202,  0.288784)
(0.849615,  -0.029265,  0.223871),  (0.904202,  0.345774)
(1.301476,  -0.029265,  1.067053),  (0.446782,  0.345774)
(1.301476,  0.267320,  1.016570),  (0.446782,  0.288784)
(1.702853,  0.267320,  0.962796),  (0.538266,  0.288784)
(1.702853,  0.267320,  0.962796),  (0.538266,  0.288784)
(1.753336,  -0.029265,  1.006516),  (0.538266,  0.345774)
(1.301476,  -0.029265,  1.067053),  (0.446782,  0.345774)
(1.753336,  -0.029265,  1.006516),  (0.538266,  0.345774)
(1.702853,  0.267320,  0.962796),  (0.538266,  0.288784)
(1.996681,  0.267320,  0.815882),  (0.629750,  0.288784)
(1.996681,  0.267320,  0.815882),  (0.629750,  0.288784)
(2.084121,  -0.029265,  0.841123),  (0.629750,  0.345774)
(1.753336,  -0.029265,  1.006516),  (0.538266,  0.345774)
(2.084121,  -0.029265,  0.841123),  (0.629750,  0.345774)
(1.996681,  0.267320,  0.815882),  (0.629750,  0.288784)
(2.104230,  0.267320,  0.615193),  (0.721234,  0.288784)
(2.104230,  0.267320,  0.615193),  (0.721234,  0.288784)
(2.205196,  -0.029265,  0.615193),  (0.721234,  0.345774)
(2.084121,  -0.029265,  0.841123),  (0.629750,  0.345774)
(2.205196,  -0.029265,  0.615193),  (0.721234,  0.345774)
(2.104230,  0.267320,  0.615193),  (0.721234,  0.288784)
(1.996681,  0.267320,  0.414505),  (0.812718,  0.288784)
(1.996681,  0.267320,  0.414505),  (0.812718,  0.288784)
(2.084121,  -0.029265,  0.389263),  (0.812718,  0.345774)
(2.205196,  -0.029265,  0.615193),  (0.721234,  0.345774)
(2.084121,  -0.029265,  0.389263),  (0.812718,  0.345774)
(1.996681,  0.267320,  0.414505),  (0.812718,  0.288784)
(1.702853,  0.267320,  0.267591),  (0.904202,  0.288784)
(1.702853,  0.267320,  0.267591),  (0.904202,  0.288784)
(1.753336,  -0.029265,  0.223871),  (0.904202,  0.345774)
(2.084121,  -0.029265,  0.389263),  (0.812718,  0.345774)
(1.753336,  -0.029265,  0.223871),  (0.904202,  0.345774)
(1.702853,  0.267320,  0.267591),  (0.904202,  0.288784)
(1.301476,  0.267320,  0.213816),  (0.995687,  0.288784)
(1.301476,  0.267320,  0.213816),  (0.995687,  0.288784)
(1.301476,  -0.029265,  0.163333),  (0.995687,  0.345774)
(1.753336,  -0.029265,  0.223871),  (0.904202,  0.345774)
(1.301476,  0.267320,  1.016570),  (0.446782,  0.288784)
(0.900099,  0.267320,  0.962796),  (0.538266,  0.288784)
(1.041146,  0.267320,  0.840646),  (0.538266,  0.222259)
(1.041146,  0.267320,  0.840646),  (0.538266,  0.222259)
(1.301476,  0.267320,  0.875523),  (0.446782,  0.222259)
(1.301476,  0.267320,  1.016570),  (0.446782,  0.288784)
(0.900099,  0.267320,  0.962796),  (0.538266,  0.288784)
(0.606270,  0.267320,  0.815882),  (0.629750,  0.288784)
(0.850571,  0.267320,  0.745358),  (0.629750,  0.222259)
(0.850571,  0.267320,  0.745358),  (0.629750,  0.222259)
(1.041146,  0.267320,  0.840646),  (0.538266,  0.222259)
(0.900099,  0.267320,  0.962796),  (0.538266,  0.288784)
(0.606270,  0.267320,  0.815882),  (0.629750,  0.288784)
(0.498722,  0.267320,  0.615193),  (0.721234,  0.288784)
(0.780815,  0.267320,  0.615193),  (0.721234,  0.222259)
(0.780815,  0.267320,  0.615193),  (0.721234,  0.222259)
(0.850571,  0.267320,  0.745358),  (0.629750,  0.222259)
(0.606270,  0.267320,  0.815882),  (0.629750,  0.288784)
(0.498722,  0.267320,  0.615193),  (0.721234,  0.288784)
(0.606270,  0.267320,  0.414505),  (0.812718,  0.288784)
(0.850571,  0.267320,  0.485028),  (0.812718,  0.222259)
(0.850571,  0.267320,  0.485028),  (0.812718,  0.222259)
(0.780815,  0.267320,  0.615193),  (0.721234,  0.222259)
(0.498722,  0.267320,  0.615193),  (0.721234,  0.288784)
(0.606270,  0.267320,  0.414505),  (0.812718,  0.288784)
(0.900098,  0.267320,  0.267591),  (0.904202,  0.288784)
(1.041145,  0.267320,  0.389741),  (0.904202,  0.222259)
(1.041145,  0.267320,  0.389741),  (0.904202,  0.222259)
(0.850571,  0.267320,  0.485028),  (0.812718,  0.222259)
(0.606270,  0.267320,  0.414505),  (0.812718,  0.288784)
(0.900098,  0.267320,  0.267591),  (0.904202,  0.288784)
(1.301476,  0.267320,  0.213816),  (0.995687,  0.288784)
(1.301476,  0.267320,  0.354863),  (0.995687,  0.222259)
(1.301476,  0.267320,  0.354863),  (0.995687,  0.222259)
(1.041145,  0.267320,  0.389741),  (0.904202,  0.222259)
(0.900098,  0.267320,  0.267591),  (0.904202,  0.288784)
(1.702853,  0.267320,  0.962796),  (0.538266,  0.288784)
(1.301476,  0.267320,  1.016570),  (0.446782,  0.288784)
(1.301476,  0.267320,  0.875523),  (0.446782,  0.222259)
(1.301476,  0.267320,  0.875523),  (0.446782,  0.222259)
(1.561806,  0.267320,  0.840646),  (0.538266,  0.222259)
(1.702853,  0.267320,  0.962796),  (0.538266,  0.288784)
(1.996681,  0.267320,  0.815882),  (0.629750,  0.288784)
(1.702853,  0.267320,  0.962796),  (0.538266,  0.288784)
(1.561806,  0.267320,  0.840646),  (0.538266,  0.222259)
(1.561806,  0.267320,  0.840646),  (0.538266,  0.222259)
(1.752381,  0.267320,  0.745358),  (0.629750,  0.222259)
(1.996681,  0.267320,  0.815882),  (0.629750,  0.288784)
(2.104230,  0.267320,  0.615193),  (0.721234,  0.288784)
(1.996681,  0.267320,  0.815882),  (0.629750,  0.288784)
(1.752381,  0.267320,  0.745358),  (0.629750,  0.222259)
(1.752381,  0.267320,  0.745358),  (0.629750,  0.222259)
(1.822136,  0.267320,  0.615193),  (0.721234,  0.222259)
(2.104230,  0.267320,  0.615193),  (0.721234,  0.288784)
(1.996681,  0.267320,  0.414505),  (0.812718,  0.288784)
(2.104230,  0.267320,  0.615193),  (0.721234,  0.288784)
(1.822136,  0.267320,  0.615193),  (0.721234,  0.222259)
(1.822136,  0.267320,  0.615193),  (0.721234,  0.222259)
(1.752381,  0.267320,  0.485028),  (0.812718,  0.222259)
(1.996681,  0.267320,  0.414505),  (0.812718,  0.288784)
(1.702853,  0.267320,  0.267591),  (0.904202,  0.288784)
(1.996681,  0.267320,  0.414505),  (0.812718,  0.288784)
(1.752381,  0.267320,  0.485028),  (0.812718,  0.222259)
(1.752381,  0.267320,  0.485028),  (0.812718,  0.222259)
(1.561806,  0.267320,  0.389741),  (0.904202,  0.222259)
(1.702853,  0.267320,  0.267591),  (0.904202,  0.288784)
(1.301476,  0.267320,  0.213816),  (0.995687,  0.288784)
(1.702853,  0.267320,  0.267591),  (0.904202,  0.288784)
(1.561806,  0.267320,  0.389741),  (0.904202,  0.222259)
(1.561806,  0.267320,  0.389741),  (0.904202,  0.222259)
(1.301476,  0.267320,  0.354863),  (0.995687,  0.222259)
(1.301476,  0.267320,  0.213816),  (0.995687,  0.288784)
(1.301476,  0.267320,  0.875523),  (0.446782,  0.288702)
(1.041146,  0.267320,  0.840646),  (0.538266,  0.288702)
(1.082912,  0.062430,  0.804475),  (0.538266,  0.346083)
(1.082912,  0.062430,  0.804475),  (0.538266,  0.346083)
(1.301476,  0.062430,  0.833757),  (0.446782,  0.346083)
(1.301476,  0.267320,  0.875523),  (0.446782,  0.288702)
(1.041146,  0.267320,  0.840646),  (0.538266,  0.288702)
(0.850571,  0.267320,  0.745358),  (0.629750,  0.288702)
(0.922912,  0.062430,  0.724475),  (0.629750,  0.346083)
(0.922912,  0.062430,  0.724475),  (0.629750,  0.346083)
(1.082912,  0.062430,  0.804475),  (0.538266,  0.346083)
(1.041146,  0.267320,  0.840646),  (0.538266,  0.288702)
(0.850571,  0.267320,  0.745358),  (0.629750,  0.288702)
(0.780815,  0.267320,  0.615193),  (0.721234,  0.288702)
(0.864348,  0.062430,  0.615193),  (0.721234,  0.346083)
(0.864348,  0.062430,  0.615193),  (0.721234,  0.346083)
(0.922912,  0.062430,  0.724475),  (0.629750,  0.346083)
(0.850571,  0.267320,  0.745358),  (0.629750,  0.288702)
(0.780815,  0.267320,  0.615193),  (0.721234,  0.288702)
(0.850571,  0.267320,  0.485028),  (0.812718,  0.288702)
(0.922912,  0.062430,  0.505911),  (0.812718,  0.346083)
(0.922912,  0.062430,  0.505911),  (0.812718,  0.346083)
(0.864348,  0.062430,  0.615193),  (0.721234,  0.346083)
(0.780815,  0.267320,  0.615193),  (0.721234,  0.288702)
(0.850571,  0.267320,  0.485028),  (0.812718,  0.288702)
(1.041145,  0.267320,  0.389741),  (0.904202,  0.288702)
(1.082912,  0.062430,  0.425912),  (0.904202,  0.346083)
(1.082912,  0.062430,  0.425912),  (0.904202,  0.346083)
(0.922912,  0.062430,  0.505911),  (0.812718,  0.346083)
(0.850571,  0.267320,  0.485028),  (0.812718,  0.288702)
(1.041145,  0.267320,  0.389741),  (0.904202,  0.288702)
(1.301476,  0.267320,  0.354863),  (0.995687,  0.288702)
(1.301476,  0.062430,  0.396630),  (0.995687,  0.346083)
(1.301476,  0.062430,  0.396630),  (0.995687,  0.346083)
(1.082912,  0.062430,  0.425912),  (0.904202,  0.346083)
(1.041145,  0.267320,  0.389741),  (0.904202,  0.288702)
(1.561806,  0.267320,  0.840646),  (0.538266,  0.288702)
(1.301476,  0.267320,  0.875523),  (0.446782,  0.288702)
(1.301476,  0.062430,  0.833757),  (0.446782,  0.346083)
(1.301476,  0.062430,  0.833757),  (0.446782,  0.346083)
(1.520040,  0.062430,  0.804475),  (0.538266,  0.346083)
(1.561806,  0.267320,  0.840646),  (0.538266,  0.288702)
(1.752381,  0.267320,  0.745358),  (0.629750,  0.288702)
(1.561806,  0.267320,  0.840646),  (0.538266,  0.288702)
(1.520040,  0.062430,  0.804475),  (0.538266,  0.346083)
(1.520040,  0.062430,  0.804475),  (0.538266,  0.346083)
(1.680039,  0.062430,  0.724475),  (0.629750,  0.346083)
(1.752381,  0.267320,  0.745358),  (0.629750,  0.288702)
(1.822136,  0.267320,  0.615193),  (0.721234,  0.288702)
(1.752381,  0.267320,  0.745358),  (0.629750,  0.288702)
(1.680039,  0.062430,  0.724475),  (0.629750,  0.346083)
(1.680039,  0.062430,  0.724475),  (0.629750,  0.346083)
(1.738603,  0.062430,  0.615193),  (0.721234,  0.346083)
(1.822136,  0.267320,  0.615193),  (0.721234,  0.288702)
(1.752381,  0.267320,  0.485028),  (0.812718,  0.288702)
(1.822136,  0.267320,  0.615193),  (0.721234,  0.288702)
(1.738603,  0.062430,  0.615193),  (0.721234,  0.346083)
(1.738603,  0.062430,  0.615193),  (0.721234,  0.346083)
(1.680039,  0.062430,  0.505911),  (0.812718,  0.346083)
(1.752381,  0.267320,  0.485028),  (0.812718,  0.288702)
(1.561806,  0.267320,  0.389741),  (0.904202,  0.288702)
(1.752381,  0.267320,  0.485028),  (0.812718,  0.288702)
(1.680039,  0.062430,  0.505911),  (0.812718,  0.346083)
(1.680039,  0.062430,  0.505911),  (0.812718,  0.346083)
(1.520040,  0.062430,  0.425912),  (0.904202,  0.346083)
(1.561806,  0.267320,  0.389741),  (0.904202,  0.288702)
(1.301476,  0.267320,  0.354863),  (0.995687,  0.288702)
(1.561806,  0.267320,  0.389741),  (0.904202,  0.288702)
(1.520040,  0.062430,  0.425912),  (0.904202,  0.346083)
(1.520040,  0.062430,  0.425912),  (0.904202,  0.346083)
(1.301476,  0.062430,  0.396630),  (0.995687,  0.346083)
(1.301476,  0.267320,  0.354863),  (0.995687,  0.288702)
(0.922912,  0.062430,  0.724475),  (0.439609,  0.221692)
(0.864348,  0.062430,  0.615193),  (0.439341,  0.222678)
(0.922912,  0.062430,  0.505911),  (0.439609,  0.223665)
(0.922912,  0.062430,  0.505911),  (0.439609,  0.223665)
(1.082912,  0.062430,  0.425912),  (0.440341,  0.224387)
(1.301476,  0.062430,  0.396630),  (0.441341,  0.224652)
(1.301476,  0.062430,  0.396630),  (0.441341,  0.224652)
(1.520040,  0.062430,  0.425912),  (0.442341,  0.224387)
(1.680039,  0.062430,  0.505911),  (0.443073,  0.223665)
(0.922912,  0.062430,  0.505911),  (0.439609,  0.223665)
(1.301476,  0.062430,  0.396630),  (0.441341,  0.224652)
(1.680039,  0.062430,  0.505911),  (0.443073,  0.223665)
(1.680039,  0.062430,  0.505911),  (0.443073,  0.223665)
(1.738603,  0.062430,  0.615193),  (0.443341,  0.222678)
(1.680039,  0.062430,  0.724475),  (0.443073,  0.221692)
(1.680039,  0.062430,  0.724475),  (0.443073,  0.221692)
(1.520040,  0.062430,  0.804475),  (0.442341,  0.220970)
(1.301476,  0.062430,  0.833757),  (0.441341,  0.220705)
(1.680039,  0.062430,  0.505911),  (0.443073,  0.223665)
(1.680039,  0.062430,  0.724475),  (0.443073,  0.221692)
(1.301476,  0.062430,  0.833757),  (0.441341,  0.220705)
(0.922912,  0.062430,  0.505911),  (0.439609,  0.223665)
(1.680039,  0.062430,  0.505911),  (0.443073,  0.223665)
(1.301476,  0.062430,  0.833757),  (0.441341,  0.220705)
(0.922912,  0.062430,  0.724475),  (0.439609,  0.221692)
(0.922912,  0.062430,  0.505911),  (0.439609,  0.223665)
(1.301476,  0.062430,  0.833757),  (0.441341,  0.220705)
(1.082912,  0.062430,  0.804475),  (0.440341,  0.220970)
(0.922912,  0.062430,  0.724475),  (0.439609,  0.221692)
(1.301476,  0.062430,  0.833757),  (0.441341,  0.220705)
(-1.277537,  -0.029265,  1.067053),  (0.446782,  0.345774)
(-1.729397,  -0.029265,  1.006516),  (0.538266,  0.345774)
(-1.678914,  0.267320,  0.962796),  (0.538266,  0.288784)
(-1.678914,  0.267320,  0.962796),  (0.538266,  0.288784)
(-1.277537,  0.267320,  1.016570),  (0.446782,  0.288784)
(-1.277537,  -0.029265,  1.067053),  (0.446782,  0.345774)
(-1.729397,  -0.029265,  1.006516),  (0.538266,  0.345774)
(-2.060182,  -0.029265,  0.841123),  (0.629750,  0.345774)
(-1.972743,  0.267320,  0.815882),  (0.629750,  0.288784)
(-1.972743,  0.267320,  0.815882),  (0.629750,  0.288784)
(-1.678914,  0.267320,  0.962796),  (0.538266,  0.288784)
(-1.729397,  -0.029265,  1.006516),  (0.538266,  0.345774)
(-2.060182,  -0.029265,  0.841123),  (0.629750,  0.345774)
(-2.181257,  -0.029265,  0.615193),  (0.721234,  0.345774)
(-2.080291,  0.267320,  0.615193),  (0.721234,  0.288784)
(-2.080291,  0.267320,  0.615193),  (0.721234,  0.288784)
(-1.972743,  0.267320,  0.815882),  (0.629750,  0.288784)
(-2.060182,  -0.029265,  0.841123),  (0.629750,  0.345774)
(-2.181257,  -0.029265,  0.615193),  (0.721234,  0.345774)
(-2.060182,  -0.029265,  0.389263),  (0.812718,  0.345774)
(-1.972743,  0.267320,  0.414505),  (0.812718,  0.288784)
(-1.972743,  0.267320,  0.414505),  (0.812718,  0.288784)
(-2.080291,  0.267320,  0.615193),  (0.721234,  0.288784)
(-2.181257,  -0.029265,  0.615193),  (0.721234,  0.345774)
(-2.060182,  -0.029265,  0.389263),  (0.812718,  0.345774)
(-1.729397,  -0.029265,  0.223871),  (0.904202,  0.345774)
(-1.678914,  0.267320,  0.267591),  (0.904202,  0.288784)
(-1.678914,  0.267320,  0.267591),  (0.904202,  0.288784)
(-1.972743,  0.267320,  0.414505),  (0.812718,  0.288784)
(-2.060182,  -0.029265,  0.389263),  (0.812718,  0.345774)
(-1.729397,  -0.029265,  0.223871),  (0.904202,  0.345774)
(-1.277537,  -0.029265,  0.163333),  (0.995687,  0.345774)
(-1.277537,  0.267320,  0.213816),  (0.995687,  0.288784)
(-1.277537,  0.267320,  0.213816),  (0.995687,  0.288784)
(-1.678914,  0.267320,  0.267591),  (0.904202,  0.288784)
(-1.729397,  -0.029265,  0.223871),  (0.904202,  0.345774)
(-1.277537,  -0.029265,  1.067053),  (0.446782,  0.345774)
(-1.277537,  0.267320,  1.016570),  (0.446782,  0.288784)
(-0.876160,  0.267320,  0.962796),  (0.538266,  0.288784)
(-0.876160,  0.267320,  0.962796),  (0.538266,  0.288784)
(-0.825677,  -0.029265,  1.006516),  (0.538266,  0.345774)
(-1.277537,  -0.029265,  1.067053),  (0.446782,  0.345774)
(-0.825677,  -0.029265,  1.006516),  (0.538266,  0.345774)
(-0.876160,  0.267320,  0.962796),  (0.538266,  0.288784)
(-0.582331,  0.267320,  0.815882),  (0.629750,  0.288784)
(-0.582331,  0.267320,  0.815882),  (0.629750,  0.288784)
(-0.494892,  -0.029265,  0.841123),  (0.629750,  0.345774)
(-0.825677,  -0.029265,  1.006516),  (0.538266,  0.345774)
(-0.494892,  -0.029265,  0.841123),  (0.629750,  0.345774)
(-0.582331,  0.267320,  0.815882),  (0.629750,  0.288784)
(-0.474783,  0.267320,  0.615193),  (0.721234,  0.288784)
(-0.474783,  0.267320,  0.615193),  (0.721234,  0.288784)
(-0.373816,  -0.029265,  0.615193),  (0.721234,  0.345774)
(-0.494892,  -0.029265,  0.841123),  (0.629750,  0.345774)
(-0.373816,  -0.029265,  0.615193),  (0.721234,  0.345774)
(-0.474783,  0.267320,  0.615193),  (0.721234,  0.288784)
(-0.582331,  0.267320,  0.414505),  (0.812718,  0.288784)
(-0.582331,  0.267320,  0.414505),  (0.812718,  0.288784)
(-0.494892,  -0.029265,  0.389263),  (0.812718,  0.345774)
(-0.373816,  -0.029265,  0.615193),  (0.721234,  0.345774)
(-0.494892,  -0.029265,  0.389263),  (0.812718,  0.345774)
(-0.582331,  0.267320,  0.414505),  (0.812718,  0.288784)
(-0.876160,  0.267320,  0.267591),  (0.904202,  0.288784)
(-0.876160,  0.267320,  0.267591),  (0.904202,  0.288784)
(-0.825676,  -0.029265,  0.223871),  (0.904202,  0.345774)
(-0.494892,  -0.029265,  0.389263),  (0.812718,  0.345774)
(-0.825676,  -0.029265,  0.223871),  (0.904202,  0.345774)
(-0.876160,  0.267320,  0.267591),  (0.904202,  0.288784)
(-1.277537,  0.267320,  0.213816),  (0.995687,  0.288784)
(-1.277537,  0.267320,  0.213816),  (0.995687,  0.288784)
(-1.277537,  -0.029265,  0.163333),  (0.995687,  0.345774)
(-0.825676,  -0.029265,  0.223871),  (0.904202,  0.345774)
(-1.277537,  0.267320,  1.016570),  (0.446782,  0.288784)
(-1.678914,  0.267320,  0.962796),  (0.538266,  0.288784)
(-1.537867,  0.267320,  0.840646),  (0.538266,  0.222259)
(-1.537867,  0.267320,  0.840646),  (0.538266,  0.222259)
(-1.277537,  0.267320,  0.875523),  (0.446782,  0.222259)
(-1.277537,  0.267320,  1.016570),  (0.446782,  0.288784)
(-1.678914,  0.267320,  0.962796),  (0.538266,  0.288784)
(-1.972743,  0.267320,  0.815882),  (0.629750,  0.288784)
(-1.728442,  0.267320,  0.745358),  (0.629750,  0.222259)
(-1.728442,  0.267320,  0.745358),  (0.629750,  0.222259)
(-1.537867,  0.267320,  0.840646),  (0.538266,  0.222259)
(-1.678914,  0.267320,  0.962796),  (0.538266,  0.288784)
(-1.972743,  0.267320,  0.815882),  (0.629750,  0.288784)
(-2.080291,  0.267320,  0.615193),  (0.721234,  0.288784)
(-1.798197,  0.267320,  0.615193),  (0.721234,  0.222259)
(-1.798197,  0.267320,  0.615193),  (0.721234,  0.222259)
(-1.728442,  0.267320,  0.745358),  (0.629750,  0.222259)
(-1.972743,  0.267320,  0.815882),  (0.629750,  0.288784)
(-2.080291,  0.267320,  0.615193),  (0.721234,  0.288784)
(-1.972743,  0.267320,  0.414505),  (0.812718,  0.288784)
(-1.728442,  0.267320,  0.485028),  (0.812718,  0.222259)
(-1.728442,  0.267320,  0.485028),  (0.812718,  0.222259)
(-1.798197,  0.267320,  0.615193),  (0.721234,  0.222259)
(-2.080291,  0.267320,  0.615193),  (0.721234,  0.288784)
(-1.972743,  0.267320,  0.414505),  (0.812718,  0.288784)
(-1.678914,  0.267320,  0.267591),  (0.904202,  0.288784)
(-1.537867,  0.267320,  0.389741),  (0.904202,  0.222259)
(-1.537867,  0.267320,  0.389741),  (0.904202,  0.222259)
(-1.728442,  0.267320,  0.485028),  (0.812718,  0.222259)
(-1.972743,  0.267320,  0.414505),  (0.812718,  0.288784)
(-1.678914,  0.267320,  0.267591),  (0.904202,  0.288784)
(-1.277537,  0.267320,  0.213816),  (0.995687,  0.288784)
(-1.277537,  0.267320,  0.354863),  (0.995687,  0.222259)
(-1.277537,  0.267320,  0.354863),  (0.995687,  0.222259)
(-1.537867,  0.267320,  0.389741),  (0.904202,  0.222259)
(-1.678914,  0.267320,  0.267591),  (0.904202,  0.288784)
(-0.876160,  0.267320,  0.962796),  (0.538266,  0.288784)
(-1.277537,  0.267320,  1.016570),  (0.446782,  0.288784)
(-1.277537,  0.267320,  0.875523),  (0.446782,  0.222259)
(-1.277537,  0.267320,  0.875523),  (0.446782,  0.222259)
(-1.017207,  0.267320,  0.840646),  (0.538266,  0.222259)
(-0.876160,  0.267320,  0.962796),  (0.538266,  0.288784)
(-0.582331,  0.267320,  0.815882),  (0.629750,  0.288784)
(-0.876160,  0.267320,  0.962796),  (0.538266,  0.288784)
(-1.017207,  0.267320,  0.840646),  (0.538266,  0.222259)
(-1.017207,  0.267320,  0.840646),  (0.538266,  0.222259)
(-0.826632,  0.267320,  0.745358),  (0.629750,  0.222259)
(-0.582331,  0.267320,  0.815882),  (0.629750,  0.288784)
(-0.474783,  0.267320,  0.615193),  (0.721234,  0.288784)
(-0.582331,  0.267320,  0.815882),  (0.629750,  0.288784)
(-0.826632,  0.267320,  0.745358),  (0.629750,  0.222259)
(-0.826632,  0.267320,  0.745358),  (0.629750,  0.222259)
(-0.756876,  0.267320,  0.615193),  (0.721234,  0.222259)
(-0.474783,  0.267320,  0.615193),  (0.721234,  0.288784)
(-0.582331,  0.267320,  0.414505),  (0.812718,  0.288784)
(-0.474783,  0.267320,  0.615193),  (0.721234,  0.288784)
(-0.756876,  0.267320,  0.615193),  (0.721234,  0.222259)
(-0.756876,  0.267320,  0.615193),  (0.721234,  0.222259)
(-0.826632,  0.267320,  0.485028),  (0.812718,  0.222259)
(-0.582331,  0.267320,  0.414505),  (0.812718,  0.288784)
(-0.876160,  0.267320,  0.267591),  (0.904202,  0.288784)
(-0.582331,  0.267320,  0.414505),  (0.812718,  0.288784)
(-0.826632,  0.267320,  0.485028),  (0.812718,  0.222259)
(-0.826632,  0.267320,  0.485028),  (0.812718,  0.222259)
(-1.017206,  0.267320,  0.389741),  (0.904202,  0.222259)
(-0.876160,  0.267320,  0.267591),  (0.904202,  0.288784)
(-1.277537,  0.267320,  0.213816),  (0.995687,  0.288784)
(-0.876160,  0.267320,  0.267591),  (0.904202,  0.288784)
(-1.017206,  0.267320,  0.389741),  (0.904202,  0.222259)
(-1.017206,  0.267320,  0.389741),  (0.904202,  0.222259)
(-1.277537,  0.267320,  0.354863),  (0.995687,  0.222259)
(-1.277537,  0.267320,  0.213816),  (0.995687,  0.288784)
(-1.277537,  0.267320,  0.875523),  (0.446782,  0.288702)
(-1.537867,  0.267320,  0.840646),  (0.538266,  0.288702)
(-1.496101,  0.062430,  0.804475),  (0.538266,  0.346083)
(-1.496101,  0.062430,  0.804475),  (0.538266,  0.346083)
(-1.277537,  0.062430,  0.833757),  (0.446782,  0.346083)
(-1.277537,  0.267320,  0.875523),  (0.446782,  0.288702)
(-1.537867,  0.267320,  0.840646),  (0.538266,  0.288702)
(-1.728442,  0.267320,  0.745358),  (0.629750,  0.288702)
(-1.656101,  0.062430,  0.724475),  (0.629750,  0.346083)
(-1.656101,  0.062430,  0.724475),  (0.629750,  0.346083)
(-1.496101,  0.062430,  0.804475),  (0.538266,  0.346083)
(-1.537867,  0.267320,  0.840646),  (0.538266,  0.288702)
(-1.728442,  0.267320,  0.745358),  (0.629750,  0.288702)
(-1.798197,  0.267320,  0.615193),  (0.721234,  0.288702)
(-1.714664,  0.062430,  0.615193),  (0.721234,  0.346083)
(-1.714664,  0.062430,  0.615193),  (0.721234,  0.346083)
(-1.656101,  0.062430,  0.724475),  (0.629750,  0.346083)
(-1.728442,  0.267320,  0.745358),  (0.629750,  0.288702)
(-1.798197,  0.267320,  0.615193),  (0.721234,  0.288702)
(-1.728442,  0.267320,  0.485028),  (0.812718,  0.288702)
(-1.656101,  0.062430,  0.505911),  (0.812718,  0.346083)
(-1.656101,  0.062430,  0.505911),  (0.812718,  0.346083)
(-1.714664,  0.062430,  0.615193),  (0.721234,  0.346083)
(-1.798197,  0.267320,  0.615193),  (0.721234,  0.288702)
(-1.728442,  0.267320,  0.485028),  (0.812718,  0.288702)
(-1.537867,  0.267320,  0.389741),  (0.904202,  0.288702)
(-1.496101,  0.062430,  0.425912),  (0.904202,  0.346083)
(-1.496101,  0.062430,  0.425912),  (0.904202,  0.346083)
(-1.656101,  0.062430,  0.505911),  (0.812718,  0.346083)
(-1.728442,  0.267320,  0.485028),  (0.812718,  0.288702)
(-1.537867,  0.267320,  0.389741),  (0.904202,  0.288702)
(-1.277537,  0.267320,  0.354863),  (0.995687,  0.288702)
(-1.277537,  0.062430,  0.396630),  (0.995687,  0.346083)
(-1.277537,  0.062430,  0.396630),  (0.995687,  0.346083)
(-1.496101,  0.062430,  0.425912),  (0.904202,  0.346083)
(-1.537867,  0.267320,  0.389741),  (0.904202,  0.288702)
(-1.017207,  0.267320,  0.840646),  (0.538266,  0.288702)
(-1.277537,  0.267320,  0.875523),  (0.446782,  0.288702)
(-1.277537,  0.062430,  0.833757),  (0.446782,  0.346083)
(-1.277537,  0.062430,  0.833757),  (0.446782,  0.346083)
(-1.058973,  0.062430,  0.804475),  (0.538266,  0.346083)
(-1.017207,  0.267320,  0.840646),  (0.538266,  0.288702)
(-0.826632,  0.267320,  0.745358),  (0.629750,  0.288702)
(-1.017207,  0.267320,  0.840646),  (0.538266,  0.288702)
(-1.058973,  0.062430,  0.804475),  (0.538266,  0.346083)
(-1.058973,  0.062430,  0.804475),  (0.538266,  0.346083)
(-0.898973,  0.062430,  0.724475),  (0.629750,  0.346083)
(-0.826632,  0.267320,  0.745358),  (0.629750,  0.288702)
(-0.756876,  0.267320,  0.615193),  (0.721234,  0.288702)
(-0.826632,  0.267320,  0.745358),  (0.629750,  0.288702)
(-0.898973,  0.062430,  0.724475),  (0.629750,  0.346083)
(-0.898973,  0.062430,  0.724475),  (0.629750,  0.346083)
(-0.840409,  0.062430,  0.615193),  (0.721234,  0.346083)
(-0.756876,  0.267320,  0.615193),  (0.721234,  0.288702)
(-0.826632,  0.267320,  0.485028),  (0.812718,  0.288702)
(-0.756876,  0.267320,  0.615193),  (0.721234,  0.288702)
(-0.840409,  0.062430,  0.615193),  (0.721234,  0.346083)
(-0.840409,  0.062430,  0.615193),  (0.721234,  0.346083)
(-0.898973,  0.062430,  0.505911),  (0.812718,  0.346083)
(-0.826632,  0.267320,  0.485028),  (0.812718,  0.288702)
(-1.017206,  0.267320,  0.389741),  (0.904202,  0.288702)
(-0.826632,  0.267320,  0.485028),  (0.812718,  0.288702)
(-0.898973,  0.062430,  0.505911),  (0.812718,  0.346083)
(-0.898973,  0.062430,  0.505911),  (0.812718,  0.346083)
(-1.058973,  0.062430,  0.425912),  (0.904202,  0.346083)
(-1.017206,  0.267320,  0.389741),  (0.904202,  0.288702)
(-1.277537,  0.267320,  0.354863),  (0.995687,  0.288702)
(-1.017206,  0.267320,  0.389741),  (0.904202,  0.288702)
(-1.058973,  0.062430,  0.425912),  (0.904202,  0.346083)
(-1.058973,  0.062430,  0.425912),  (0.904202,  0.346083)
(-1.277537,  0.062430,  0.396630),  (0.995687,  0.346083)
(-1.277537,  0.267320,  0.354863),  (0.995687,  0.288702)
(-1.656101,  0.062430,  0.724475),  (0.439609,  0.221692)
(-1.714664,  0.062430,  0.615193),  (0.439341,  0.222678)
(-1.656101,  0.062430,  0.505911),  (0.439609,  0.223665)
(-1.656101,  0.062430,  0.505911),  (0.439609,  0.223665)
(-1.496101,  0.062430,  0.425912),  (0.440341,  0.224387)
(-1.277537,  0.062430,  0.396630),  (0.441341,  0.224652)
(-1.277537,  0.062430,  0.396630),  (0.441341,  0.224652)
(-1.058973,  0.062430,  0.425912),  (0.442341,  0.224387)
(-0.898973,  0.062430,  0.505911),  (0.443073,  0.223665)
(-1.656101,  0.062430,  0.505911),  (0.439609,  0.223665)
(-1.277537,  0.062430,  0.396630),  (0.441341,  0.224652)
(-0.898973,  0.062430,  0.505911),  (0.443073,  0.223665)
(-0.898973,  0.062430,  0.505911),  (0.443073,  0.223665)
(-0.840409,  0.062430,  0.615193),  (0.443341,  0.222678)
(-0.898973,  0.062430,  0.724475),  (0.443073,  0.221692)
(-0.898973,  0.062430,  0.724475),  (0.443073,  0.221692)
(-1.058973,  0.062430,  0.804475),  (0.442341,  0.220970)
(-1.277537,  0.062430,  0.833757),  (0.441341,  0.220705)
(-0.898973,  0.062430,  0.505911),  (0.443073,  0.223665)
(-0.898973,  0.062430,  0.724475),  (0.443073,  0.221692)
(-1.277537,  0.062430,  0.833757),  (0.441341,  0.220705)
(-1.656101,  0.062430,  0.505911),  (0.439609,  0.223665)
(-0.898973,  0.062430,  0.505911),  (0.443073,  0.223665)
(-1.277537,  0.062430,  0.833757),  (0.441341,  0.220705)
(-1.656101,  0.062430,  0.724475),  (0.439609,  0.221692)
(-1.656101,  0.062430,  0.505911),  (0.439609,  0.223665)
(-1.277537,  0.062430,  0.833757),  (0.441341,  0.220705)
(-1.496101,  0.062430,  0.804475),  (0.440341,  0.220970)
(-1.656101,  0.062430,  0.724475),  (0.439609,  0.221692)
(-1.277537,  0.062430,  0.833757),  (0.441341,  0.220705)
(-1.277537,  -0.029265,  -0.181288),  (0.446782,  0.345774)
(-1.729397,  -0.029265,  -0.241826),  (0.538266,  0.345774)
(-1.678914,  0.267320,  -0.285545),  (0.538266,  0.288784)
(-1.678914,  0.267320,  -0.285545),  (0.538266,  0.288784)
(-1.277537,  0.267320,  -0.231771),  (0.446782,  0.288784)
(-1.277537,  -0.029265,  -0.181288),  (0.446782,  0.345774)
(-1.729397,  -0.029265,  -0.241826),  (0.538266,  0.345774)
(-2.060182,  -0.029265,  -0.407218),  (0.629750,  0.345774)
(-1.972743,  0.267320,  -0.432460),  (0.629750,  0.288784)
(-1.972743,  0.267320,  -0.432460),  (0.629750,  0.288784)
(-1.678914,  0.267320,  -0.285545),  (0.538266,  0.288784)
(-1.729397,  -0.029265,  -0.241826),  (0.538266,  0.345774)
(-2.060182,  -0.029265,  -0.407218),  (0.629750,  0.345774)
(-2.181257,  -0.029265,  -0.633148),  (0.721234,  0.345774)
(-2.080291,  0.267320,  -0.633148),  (0.721234,  0.288784)
(-2.080291,  0.267320,  -0.633148),  (0.721234,  0.288784)
(-1.972743,  0.267320,  -0.432460),  (0.629750,  0.288784)
(-2.060182,  -0.029265,  -0.407218),  (0.629750,  0.345774)
(-2.181257,  -0.029265,  -0.633148),  (0.721234,  0.345774)
(-2.060182,  -0.029265,  -0.859078),  (0.812718,  0.345774)
(-1.972743,  0.267320,  -0.833837),  (0.812718,  0.288784)
(-1.972743,  0.267320,  -0.833837),  (0.812718,  0.288784)
(-2.080291,  0.267320,  -0.633148),  (0.721234,  0.288784)
(-2.181257,  -0.029265,  -0.633148),  (0.721234,  0.345774)
(-2.060182,  -0.029265,  -0.859078),  (0.812718,  0.345774)
(-1.729397,  -0.029265,  -1.024471),  (0.904202,  0.345774)
(-1.678914,  0.267320,  -0.980751),  (0.904202,  0.288784)
(-1.678914,  0.267320,  -0.980751),  (0.904202,  0.288784)
(-1.972743,  0.267320,  -0.833837),  (0.812718,  0.288784)
(-2.060182,  -0.029265,  -0.859078),  (0.812718,  0.345774)
(-1.729397,  -0.029265,  -1.024471),  (0.904202,  0.345774)
(-1.277537,  -0.029265,  -1.085009),  (0.995687,  0.345774)
(-1.277537,  0.267320,  -1.034525),  (0.995687,  0.288784)
(-1.277537,  0.267320,  -1.034525),  (0.995687,  0.288784)
(-1.678914,  0.267320,  -0.980751),  (0.904202,  0.288784)
(-1.729397,  -0.029265,  -1.024471),  (0.904202,  0.345774)
(-1.277537,  -0.029265,  -0.181288),  (0.446782,  0.345774)
(-1.277537,  0.267320,  -0.231771),  (0.446782,  0.288784)
(-0.876160,  0.267320,  -0.285545),  (0.538266,  0.288784)
(-0.876160,  0.267320,  -0.285545),  (0.538266,  0.288784)
(-0.825677,  -0.029265,  -0.241826),  (0.538266,  0.345774)
(-1.277537,  -0.029265,  -0.181288),  (0.446782,  0.345774)
(-0.825677,  -0.029265,  -0.241826),  (0.538266,  0.345774)
(-0.876160,  0.267320,  -0.285545),  (0.538266,  0.288784)
(-0.582331,  0.267320,  -0.432460),  (0.629750,  0.288784)
(-0.582331,  0.267320,  -0.432460),  (0.629750,  0.288784)
(-0.494892,  -0.029265,  -0.407218),  (0.629750,  0.345774)
(-0.825677,  -0.029265,  -0.241826),  (0.538266,  0.345774)
(-0.494892,  -0.029265,  -0.407218),  (0.629750,  0.345774)
(-0.582331,  0.267320,  -0.432460),  (0.629750,  0.288784)
(-0.474783,  0.267320,  -0.633148),  (0.721234,  0.288784)
(-0.474783,  0.267320,  -0.633148),  (0.721234,  0.288784)
(-0.373816,  -0.029265,  -0.633148),  (0.721234,  0.345774)
(-0.494892,  -0.029265,  -0.407218),  (0.629750,  0.345774)
(-0.373816,  -0.029265,  -0.633148),  (0.721234,  0.345774)
(-0.474783,  0.267320,  -0.633148),  (0.721234,  0.288784)
(-0.582331,  0.267320,  -0.833837),  (0.812718,  0.288784)
(-0.582331,  0.267320,  -0.833837),  (0.812718,  0.288784)
(-0.494892,  -0.029265,  -0.859078),  (0.812718,  0.345774)
(-0.373816,  -0.029265,  -0.633148),  (0.721234,  0.345774)
(-0.494892,  -0.029265,  -0.859078),  (0.812718,  0.345774)
(-0.582331,  0.267320,  -0.833837),  (0.812718,  0.288784)
(-0.876160,  0.267320,  -0.980751),  (0.904202,  0.288784)
(-0.876160,  0.267320,  -0.980751),  (0.904202,  0.288784)
(-0.825676,  -0.029265,  -1.024471),  (0.904202,  0.345774)
(-0.494892,  -0.029265,  -0.859078),  (0.812718,  0.345774)
(-0.825676,  -0.029265,  -1.024471),  (0.904202,  0.345774)
(-0.876160,  0.267320,  -0.980751),  (0.904202,  0.288784)
(-1.277537,  0.267320,  -1.034525),  (0.995687,  0.288784)
(-1.277537,  0.267320,  -1.034525),  (0.995687,  0.288784)
(-1.277537,  -0.029265,  -1.085009),  (0.995687,  0.345774)
(-0.825676,  -0.029265,  -1.024471),  (0.904202,  0.345774)
(-1.277537,  0.267320,  -0.231771),  (0.446782,  0.288784)
(-1.678914,  0.267320,  -0.285545),  (0.538266,  0.288784)
(-1.537867,  0.267320,  -0.407696),  (0.538266,  0.222259)
(-1.537867,  0.267320,  -0.407696),  (0.538266,  0.222259)
(-1.277537,  0.267320,  -0.372818),  (0.446782,  0.222259)
(-1.277537,  0.267320,  -0.231771),  (0.446782,  0.288784)
(-1.678914,  0.267320,  -0.285545),  (0.538266,  0.288784)
(-1.972743,  0.267320,  -0.432460),  (0.629750,  0.288784)
(-1.728442,  0.267320,  -0.502983),  (0.629750,  0.222259)
(-1.728442,  0.267320,  -0.502983),  (0.629750,  0.222259)
(-1.537867,  0.267320,  -0.407696),  (0.538266,  0.222259)
(-1.678914,  0.267320,  -0.285545),  (0.538266,  0.288784)
(-1.972743,  0.267320,  -0.432460),  (0.629750,  0.288784)
(-2.080291,  0.267320,  -0.633148),  (0.721234,  0.288784)
(-1.798197,  0.267320,  -0.633148),  (0.721234,  0.222259)
(-1.798197,  0.267320,  -0.633148),  (0.721234,  0.222259)
(-1.728442,  0.267320,  -0.502983),  (0.629750,  0.222259)
(-1.972743,  0.267320,  -0.432460),  (0.629750,  0.288784)
(-2.080291,  0.267320,  -0.633148),  (0.721234,  0.288784)
(-1.972743,  0.267320,  -0.833837),  (0.812718,  0.288784)
(-1.728442,  0.267320,  -0.763313),  (0.812718,  0.222259)
(-1.728442,  0.267320,  -0.763313),  (0.812718,  0.222259)
(-1.798197,  0.267320,  -0.633148),  (0.721234,  0.222259)
(-2.080291,  0.267320,  -0.633148),  (0.721234,  0.288784)
(-1.972743,  0.267320,  -0.833837),  (0.812718,  0.288784)
(-1.678914,  0.267320,  -0.980751),  (0.904202,  0.288784)
(-1.537867,  0.267320,  -0.858601),  (0.904202,  0.222259)
(-1.537867,  0.267320,  -0.858601),  (0.904202,  0.222259)
(-1.728442,  0.267320,  -0.763313),  (0.812718,  0.222259)
(-1.972743,  0.267320,  -0.833837),  (0.812718,  0.288784)
(-1.678914,  0.267320,  -0.980751),  (0.904202,  0.288784)
(-1.277537,  0.267320,  -1.034525),  (0.995687,  0.288784)
(-1.277537,  0.267320,  -0.893478),  (0.995687,  0.222259)
(-1.277537,  0.267320,  -0.893478),  (0.995687,  0.222259)
(-1.537867,  0.267320,  -0.858601),  (0.904202,  0.222259)
(-1.678914,  0.267320,  -0.980751),  (0.904202,  0.288784)
(-0.876160,  0.267320,  -0.285545),  (0.538266,  0.288784)
(-1.277537,  0.267320,  -0.231771),  (0.446782,  0.288784)
(-1.277537,  0.267320,  -0.372818),  (0.446782,  0.222259)
(-1.277537,  0.267320,  -0.372818),  (0.446782,  0.222259)
(-1.017207,  0.267320,  -0.407696),  (0.538266,  0.222259)
(-0.876160,  0.267320,  -0.285545),  (0.538266,  0.288784)
(-0.582331,  0.267320,  -0.432460),  (0.629750,  0.288784)
(-0.876160,  0.267320,  -0.285545),  (0.538266,  0.288784)
(-1.017207,  0.267320,  -0.407696),  (0.538266,  0.222259)
(-1.017207,  0.267320,  -0.407696),  (0.538266,  0.222259)
(-0.826632,  0.267320,  -0.502983),  (0.629750,  0.222259)
(-0.582331,  0.267320,  -0.432460),  (0.629750,  0.288784)
(-0.474783,  0.267320,  -0.633148),  (0.721234,  0.288784)
(-0.582331,  0.267320,  -0.432460),  (0.629750,  0.288784)
(-0.826632,  0.267320,  -0.502983),  (0.629750,  0.222259)
(-0.826632,  0.267320,  -0.502983),  (0.629750,  0.222259)
(-0.756876,  0.267320,  -0.633148),  (0.721234,  0.222259)
(-0.474783,  0.267320,  -0.633148),  (0.721234,  0.288784)
(-0.582331,  0.267320,  -0.833837),  (0.812718,  0.288784)
(-0.474783,  0.267320,  -0.633148),  (0.721234,  0.288784)
(-0.756876,  0.267320,  -0.633148),  (0.721234,  0.222259)
(-0.756876,  0.267320,  -0.633148),  (0.721234,  0.222259)
(-0.826632,  0.267320,  -0.763313),  (0.812718,  0.222259)
(-0.582331,  0.267320,  -0.833837),  (0.812718,  0.288784)
(-0.876160,  0.267320,  -0.980751),  (0.904202,  0.288784)
(-0.582331,  0.267320,  -0.833837),  (0.812718,  0.288784)
(-0.826632,  0.267320,  -0.763313),  (0.812718,  0.222259)
(-0.826632,  0.267320,  -0.763313),  (0.812718,  0.222259)
(-1.017206,  0.267320,  -0.858601),  (0.904202,  0.222259)
(-0.876160,  0.267320,  -0.980751),  (0.904202,  0.288784)
(-1.277537,  0.267320,  -1.034525),  (0.995687,  0.288784)
(-0.876160,  0.267320,  -0.980751),  (0.904202,  0.288784)
(-1.017206,  0.267320,  -0.858601),  (0.904202,  0.222259)
(-1.017206,  0.267320,  -0.858601),  (0.904202,  0.222259)
(-1.277537,  0.267320,  -0.893478),  (0.995687,  0.222259)
(-1.277537,  0.267320,  -1.034525),  (0.995687,  0.288784)
(-1.277537,  0.267320,  -0.372818),  (0.446782,  0.288702)
(-1.537867,  0.267320,  -0.407696),  (0.538266,  0.288702)
(-1.496101,  0.062430,  -0.443866),  (0.538266,  0.346083)
(-1.496101,  0.062430,  -0.443866),  (0.538266,  0.346083)
(-1.277537,  0.062430,  -0.414584),  (0.446782,  0.346083)
(-1.277537,  0.267320,  -0.372818),  (0.446782,  0.288702)
(-1.537867,  0.267320,  -0.407696),  (0.538266,  0.288702)
(-1.728442,  0.267320,  -0.502983),  (0.629750,  0.288702)
(-1.656101,  0.062430,  -0.523866),  (0.629750,  0.346083)
(-1.656101,  0.062430,  -0.523866),  (0.629750,  0.346083)
(-1.496101,  0.062430,  -0.443866),  (0.538266,  0.346083)
(-1.537867,  0.267320,  -0.407696),  (0.538266,  0.288702)
(-1.728442,  0.267320,  -0.502983),  (0.629750,  0.288702)
(-1.798197,  0.267320,  -0.633148),  (0.721234,  0.288702)
(-1.714664,  0.062430,  -0.633148),  (0.721234,  0.346083)
(-1.714664,  0.062430,  -0.633148),  (0.721234,  0.346083)
(-1.656101,  0.062430,  -0.523866),  (0.629750,  0.346083)
(-1.728442,  0.267320,  -0.502983),  (0.629750,  0.288702)
(-1.798197,  0.267320,  -0.633148),  (0.721234,  0.288702)
(-1.728442,  0.267320,  -0.763313),  (0.812718,  0.288702)
(-1.656101,  0.062430,  -0.742430),  (0.812718,  0.346083)
(-1.656101,  0.062430,  -0.742430),  (0.812718,  0.346083)
(-1.714664,  0.062430,  -0.633148),  (0.721234,  0.346083)
(-1.798197,  0.267320,  -0.633148),  (0.721234,  0.288702)
(-1.728442,  0.267320,  -0.763313),  (0.812718,  0.288702)
(-1.537867,  0.267320,  -0.858601),  (0.904202,  0.288702)
(-1.496101,  0.062430,  -0.822430),  (0.904202,  0.346083)
(-1.496101,  0.062430,  -0.822430),  (0.904202,  0.346083)
(-1.656101,  0.062430,  -0.742430),  (0.812718,  0.346083)
(-1.728442,  0.267320,  -0.763313),  (0.812718,  0.288702)
(-1.537867,  0.267320,  -0.858601),  (0.904202,  0.288702)
(-1.277537,  0.267320,  -0.893478),  (0.995687,  0.288702)
(-1.277537,  0.062430,  -0.851712),  (0.995687,  0.346083)
(-1.277537,  0.062430,  -0.851712),  (0.995687,  0.346083)
(-1.496101,  0.062430,  -0.822430),  (0.904202,  0.346083)
(-1.537867,  0.267320,  -0.858601),  (0.904202,  0.288702)
(-1.017207,  0.267320,  -0.407696),  (0.538266,  0.288702)
(-1.277537,  0.267320,  -0.372818),  (0.446782,  0.288702)
(-1.277537,  0.062430,  -0.414584),  (0.446782,  0.346083)
(-1.277537,  0.062430,  -0.414584),  (0.446782,  0.346083)
(-1.058973,  0.062430,  -0.443866),  (0.538266,  0.346083)
(-1.017207,  0.267320,  -0.407696),  (0.538266,  0.288702)
(-0.826632,  0.267320,  -0.502983),  (0.629750,  0.288702)
(-1.017207,  0.267320,  -0.407696),  (0.538266,  0.288702)
(-1.058973,  0.062430,  -0.443866),  (0.538266,  0.346083)
(-1.058973,  0.062430,  -0.443866),  (0.538266,  0.346083)
(-0.898973,  0.062430,  -0.523866),  (0.629750,  0.346083)
(-0.826632,  0.267320,  -0.502983),  (0.629750,  0.288702)
(-0.756876,  0.267320,  -0.633148),  (0.721234,  0.288702)
(-0.826632,  0.267320,  -0.502983),  (0.629750,  0.288702)
(-0.898973,  0.062430,  -0.523866),  (0.629750,  0.346083)
(-0.898973,  0.062430,  -0.523866),  (0.629750,  0.346083)
(-0.840409,  0.062430,  -0.633148),  (0.721234,  0.346083)
(-0.756876,  0.267320,  -0.633148),  (0.721234,  0.288702)
(-0.826632,  0.267320,  -0.763313),  (0.812718,  0.288702)
(-0.756876,  0.267320,  -0.633148),  (0.721234,  0.288702)
(-0.840409,  0.062430,  -0.633148),  (0.721234,  0.346083)
(-0.840409,  0.062430,  -0.633148),  (0.721234,  0.346083)
(-0.898973,  0.062430,  -0.742430),  (0.812718,  0.346083)
(-0.826632,  0.267320,  -0.763313),  (0.812718,  0.288702)
(-1.017206,  0.267320,  -0.858601),  (0.904202,  0.288702)
(-0.826632,  0.267320,  -0.763313),  (0.812718,  0.288702)
(-0.898973,  0.062430,  -0.742430),  (0.812718,  0.346083)
(-0.898973,  0.062430,  -0.742430),  (0.812718,  0.346083)
(-1.058973,  0.062430,  -0.822430),  (0.904202,  0.346083)
(-1.017206,  0.267320,  -0.858601),  (0.904202,  0.288702)
(-1.277537,  0.267320,  -0.893478),  (0.995687,  0.288702)
(-1.017206,  0.267320,  -0.858601),  (0.904202,  0.288702)
(-1.058973,  0.062430,  -0.822430),  (0.904202,  0.346083)
(-1.058973,  0.062430,  -0.822430),  (0.904202,  0.346083)
(-1.277537,  0.062430,  -0.851712),  (0.995687,  0.346083)
(-1.277537,  0.267320,  -0.893478),  (0.995687,  0.288702)
(-1.656101,  0.062430,  -0.523866),  (0.439609,  0.221692)
(-1.714664,  0.062430,  -0.633148),  (0.439341,  0.222678)
(-1.656101,  0.062430,  -0.742430),  (0.439609,  0.223665)
(-1.656101,  0.062430,  -0.742430),  (0.439609,  0.223665)
(-1.496101,  0.062430,  -0.822430),  (0.440341,  0.224387)
(-1.277537,  0.062430,  -0.851712),  (0.441341,  0.224652)
(-1.277537,  0.062430,  -0.851712),  (0.441341,  0.224652)
(-1.058973,  0.062430,  -0.822430),  (0.442341,  0.224387)
(-0.898973,  0.062430,  -0.742430),  (0.443073,  0.223665)
(-1.656101,  0.062430,  -0.742430),  (0.439609,  0.223665)
(-1.277537,  0.062430,  -0.851712),  (0.441341,  0.224652)
(-0.898973,  0.062430,  -0.742430),  (0.443073,  0.223665)
(-0.898973,  0.062430,  -0.742430),  (0.443073,  0.223665)
(-0.840409,  0.062430,  -0.633148),  (0.443341,  0.222678)
(-0.898973,  0.062430,  -0.523866),  (0.443073,  0.221692)
(-0.898973,  0.062430,  -0.523866),  (0.443073,  0.221692)
(-1.058973,  0.062430,  -0.443866),  (0.442341,  0.220970)
(-1.277537,  0.062430,  -0.414584),  (0.441341,  0.220705)
(-0.898973,  0.062430,  -0.742430),  (0.443073,  0.223665)
(-0.898973,  0.062430,  -0.523866),  (0.443073,  0.221692)
(-1.277537,  0.062430,  -0.414584),  (0.441341,  0.220705)
(-1.656101,  0.062430,  -0.742430),  (0.439609,  0.223665)
(-0.898973,  0.062430,  -0.742430),  (0.443073,  0.223665)
(-1.277537,  0.062430,  -0.414584),  (0.441341,  0.220705)
(-1.656101,  0.062430,  -0.523866),  (0.439609,  0.221692)
(-1.656101,  0.062430,  -0.742430),  (0.439609,  0.223665)
(-1.277537,  0.062430,  -0.414584),  (0.441341,  0.220705)
(-1.496101,  0.062430,  -0.443866),  (0.440341,  0.220970)
(-1.656101,  0.062430,  -0.523866),  (0.439609,  0.221692)
(-1.277537,  0.062430,  -0.414584),  (0.441341,  0.220705)
