(-0.500000,  -0.000000,  0.500000),  (0.375000,  1.000000)
(-0.400000,  -0.000000,  0.500000),  (0.625000,  0.000000)
(-0.300000,  -0.000000,  0.500000),  (0.375000,  0.750000)
(-0.200000,  -0.000000,  0.500000),  (0.625000,  0.750000)
(-0.100000,  -0.000000,  0.500000),  (0.625000,  0.500000)
(0.000000,  -0.000000,  0.500000),  (0.875000,  1.000000)
(0.100000,  -0.000000,  0.500000),  (0.500000,  0.875000)
(0.200000,  -0.000000,  0.500000),  (0.500000,  0.000000)
(0.300000,  -0.000000,  0.500000),  (0.625000,  0.875000)
(0.400000,  -0.000000,  0.500000),  (0.500000,  0.750000)
(0.500000,  -0.000000,  0.500000),  (0.375000,  0.875000)
(-0.500000,  -0.000000,  0.400000),  (0.536612,  0.661612)
(-0.400000,  -0.000000,  0.400000),  (0.750000,  0.750000)
(-0.300000,  -0.000000,  0.400000),  (0.500000,  0.625000)
(-0.200000,  -0.000000,  0.400000),  (0.536612,  0.088388)
(-0.100000,  -0.000000,  0.400000),  (0.750000,  1.000000)
(0.000000,  -0.000000,  0.400000),  (0.500000,  0.625000)
(0.100000,  -0.000000,  0.400000),  (0.750000,  0.875000)
(0.200000,  -0.000000,  0.400000),  (0.625000,  0.375000)
(0.300000,  -0.000000,  0.400000),  (0.500000,  0.625000)
(0.400000,  -0.000000,  0.400000),  (0.009635,  0.173437)
(0.500000,  -0.000000,  0.400000),  (0.009635,  0.793013)
(-0.500000,  -0.000000,  0.300000),  (0.009635,  0.760404)
(-0.400000,  -0.000000,  0.300000),  (0.009635,  0.727795)
(-0.300000,  -0.000000,  0.300000),  (0.009635,  0.695186)
(-0.200000,  -0.000000,  0.300000),  (0.009635,  0.662576)
(-0.100000,  -0.000000,  0.300000),  (0.009635,  0.629967)
(0.000000,  -0.000000,  0.300000),  (0.009635,  0.597358)
(0.100000,  -0.000000,  0.300000),  (0.009635,  0.564749)
(0.200000,  -0.000000,  0.300000),  (0.009635,  0.532139)
(0.300000,  -0.000000,  0.300000),  (0.009635,  0.499530)
(0.400000,  -0.000000,  0.300000),  (0.009635,  0.466921)
(0.500000,  -0.000000,  0.300000),  (0.009635,  0.434312)
(-0.500000,  -0.000000,  0.200000),  (0.009635,  0.401702)
(-0.400000,  -0.000000,  0.200000),  (0.009635,  0.369093)
(-0.300000,  -0.000000,  0.200000),  (0.009635,  0.336484)
(-0.200000,  -0.000000,  0.200000),  (0.009635,  0.303874)
(-0.100000,  -0.000000,  0.200000),  (0.009635,  0.271265)
(0.000000,  -0.000000,  0.200000),  (0.009635,  0.238656)
(0.100000,  -0.000000,  0.200000),  (0.009635,  0.206047)
(0.200000,  -0.000000,  0.200000),  (0.500000,  0.850000)
(0.300000,  -0.000000,  0.200000),  (0.500000,  0.162500)
(0.400000,  -0.000000,  0.200000),  (0.451418,  0.303874)
(0.500000,  -0.000000,  0.200000),  (0.451418,  0.336484)
(-0.500000,  -0.000000,  0.100000),  (0.451418,  0.369093)
(-0.400000,  -0.000000,  0.100000),  (0.451418,  0.401702)
(-0.300000,  -0.000000,  0.100000),  (0.451418,  0.434312)
(-0.200000,  -0.000000,  0.100000),  (0.451418,  0.466921)
(-0.100000,  -0.000000,  0.100000),  (0.451418,  0.499530)
(0.000000,  -0.000000,  0.100000),  (0.451418,  0.532139)
(0.100000,  -0.000000,  0.100000),  (0.451418,  0.564749)
(0.200000,  -0.000000,  0.100000),  (0.451418,  0.597358)
(0.300000,  -0.000000,  0.100000),  (0.451418,  0.629967)
(0.400000,  -0.000000,  0.100000),  (0.451418,  0.662576)
(0.500000,  -0.000000,  0.100000),  (0.451418,  0.695186)
(-0.500000,  0.000000,  0.000000),  (0.451418,  0.727795)
(-0.400000,  0.000000,  0.000000),  (0.451418,  0.760404)
(-0.300000,  0.000000,  0.000000),  (0.451418,  0.793013)
(-0.200000,  0.000000,  0.000000),  (0.451418,  0.173437)
(-0.100000,  0.000000,  0.000000),  (0.451418,  0.206047)
(0.000000,  0.000000,  0.000000),  (0.451418,  0.238656)
(0.100000,  0.000000,  0.000000),  (0.451418,  0.271265)
(0.200000,  0.000000,  0.000000),  (0.207560,  0.271265)
(0.300000,  0.000000,  0.000000),  (0.207560,  0.303874)
(0.400000,  0.000000,  0.000000),  (0.207560,  0.336484)
(0.500000,  0.000000,  0.000000),  (0.207560,  0.369093)
(-0.500000,  0.000000,  -0.100000),  (0.207560,  0.401702)
(-0.400000,  0.000000,  -0.100000),  (0.207560,  0.434312)
(-0.300000,  0.000000,  -0.100000),  (0.207560,  0.466921)
(-0.200000,  0.000000,  -0.100000),  (0.207560,  0.499530)
(-0.100000,  0.000000,  -0.100000),  (0.207560,  0.532139)
(0.000000,  0.000000,  -0.100000),  (0.207560,  0.564749)
(0.100000,  0.000000,  -0.100000),  (0.207560,  0.597358)
(0.200000,  0.000000,  -0.100000),  (0.207560,  0.629967)
(0.300000,  0.000000,  -0.100000),  (0.207560,  0.662576)
(0.400000,  0.000000,  -0.100000),  (0.207560,  0.695186)
(0.500000,  0.000000,  -0.100000),  (0.207560,  0.727795)
(-0.500000,  0.000000,  -0.200000),  (0.207560,  0.760404)
(-0.400000,  0.000000,  -0.200000),  (0.207560,  0.793013)
(-0.300000,  0.000000,  -0.200000),  (0.207560,  0.173437)
(-0.200000,  0.000000,  -0.200000),  (0.207560,  0.206047)
(-0.100000,  0.000000,  -0.200000),  (0.207560,  0.238656)
(0.000000,  0.000000,  -0.200000),  (0.917989,  0.238656)
(0.100000,  0.000000,  -0.200000),  (0.917989,  0.271265)
(0.200000,  0.000000,  -0.200000),  (0.917989,  0.303874)
(0.300000,  0.000000,  -0.200000),  (0.917989,  0.336484)
(0.400000,  0.000000,  -0.200000),  (0.917989,  0.369093)
(0.500000,  0.000000,  -0.200000),  (0.917989,  0.401702)
(-0.500000,  0.000000,  -0.300000),  (0.917989,  0.434312)
(-0.400000,  0.000000,  -0.300000),  (0.917989,  0.466921)
(-0.300000,  0.000000,  -0.300000),  (0.917989,  0.499530)
(-0.200000,  0.000000,  -0.300000),  (0.917989,  0.532139)
(-0.100000,  0.000000,  -0.300000),  (0.917989,  0.564749)
(0.000000,  0.000000,  -0.300000),  (0.917989,  0.597358)
(0.100000,  0.000000,  -0.300000),  (0.917989,  0.629967)
(0.200000,  0.000000,  -0.300000),  (0.917989,  0.662576)
(0.300000,  0.000000,  -0.300000),  (0.917989,  0.695186)
(0.400000,  0.000000,  -0.300000),  (0.917989,  0.727795)
(0.500000,  0.000000,  -0.300000),  (0.917989,  0.760404)
(-0.500000,  0.000000,  -0.400000),  (0.917989,  0.793013)
(-0.400000,  0.000000,  -0.400000),  (0.917989,  0.173437)
(-0.300000,  0.000000,  -0.400000),  (0.917989,  0.206047)
(-0.200000,  0.000000,  -0.400000),  (0.661772,  0.303874)
(-0.100000,  0.000000,  -0.400000),  (0.661772,  0.336484)
(0.000000,  0.000000,  -0.400000),  (0.661772,  0.369093)
(0.100000,  0.000000,  -0.400000),  (0.661772,  0.401702)
(0.200000,  0.000000,  -0.400000),  (0.661772,  0.434312)
(0.300000,  0.000000,  -0.400000),  (0.661772,  0.466921)
(0.400000,  0.000000,  -0.400000),  (0.661772,  0.499530)
(0.500000,  0.000000,  -0.400000),  (0.661772,  0.532139)
(-0.500000,  0.000000,  -0.500000),  (0.661772,  0.564749)
(-0.400000,  0.000000,  -0.500000),  (0.661772,  0.597358)
(-0.300000,  0.000000,  -0.500000),  (0.661772,  0.629967)
(-0.200000,  0.000000,  -0.500000),  (0.661772,  0.662576)
(-0.100000,  0.000000,  -0.500000),  (0.661772,  0.695186)
(0.000000,  0.000000,  -0.500000),  (0.661772,  0.727795)
(0.100000,  0.000000,  -0.500000),  (0.661772,  0.760404)
(0.200000,  0.000000,  -0.500000),  (0.661772,  0.793013)
(0.300000,  0.000000,  -0.500000),  (0.661772,  0.173437)
(0.400000,  0.000000,  -0.500000),  (0.661772,  0.206047)
(0.500000,  0.000000,  -0.500000),  (0.661772,  0.238656)
(0.776031,  0.598561,  3.464409),  (0.661772,  0.271265)
(0.770560,  0.598232,  3.453677),  (0.602017,  0.770896)
(0.762039,  0.597971,  3.445161),  (0.602017,  0.736975)
(0.751302,  0.597804,  3.439692),  (0.602017,  0.703054)
(0.739400,  0.597746,  3.437808),  (0.602017,  0.669134)
(0.727498,  0.597804,  3.439692),  (0.602017,  0.635213)
(0.716761,  0.597971,  3.445160),  (0.602017,  0.601292)
(0.708241,  0.598232,  3.453677),  (0.602017,  0.567371)
(0.702770,  0.598561,  3.464409),  (0.602017,  0.533451)
(0.700885,  0.598925,  3.476305),  (0.602017,  0.499530)
(0.702770,  0.599289,  3.488202),  (0.602017,  0.465609)
(0.708241,  0.599617,  3.498934),  (0.602017,  0.431689)
(0.716761,  0.599878,  3.507451),  (0.602017,  0.397768)
(0.727498,  0.600046,  3.512919),  (0.602017,  0.363847)
(0.739400,  0.600103,  3.514803),  (0.602017,  0.329926)
(0.751302,  0.600046,  3.512918),  (0.602017,  0.296006)
(0.762039,  0.599878,  3.507451),  (0.602017,  0.262085)
(0.770560,  0.599617,  3.498934),  (0.602017,  0.228164)
(0.776031,  0.599289,  3.488202),  (0.602017,  0.194243)
(0.777916,  0.598925,  3.476305),  (0.534006,  0.160323)
(0.776031,  0.688383,  3.461659),  (0.534006,  0.804817)
(0.770560,  0.688054,  3.450927),  (0.534006,  0.770896)
(0.762039,  0.687793,  3.442411),  (0.534006,  0.736975)
(0.751302,  0.687626,  3.436943),  (0.534006,  0.703054)
(0.739400,  0.687568,  3.435059),  (0.534006,  0.669134)
(0.727498,  0.687626,  3.436943),  (0.534006,  0.635213)
(0.716761,  0.687793,  3.442411),  (0.534006,  0.601292)
(0.708241,  0.688054,  3.450927),  (0.534006,  0.567371)
(0.702770,  0.688383,  3.461659),  (0.534006,  0.533451)
(0.700885,  0.688747,  3.473556),  (0.534006,  0.499530)
(0.702770,  0.689111,  3.485452),  (0.534006,  0.465609)
(0.708241,  0.689440,  3.496184),  (0.534006,  0.431689)
(0.716761,  0.689700,  3.504701),  (0.534006,  0.397768)
(0.727498,  0.689868,  3.510169),  (0.534006,  0.363847)
(0.739400,  0.689925,  3.512053),  (0.534006,  0.329926)
(0.751302,  0.689868,  3.510169),  (0.534006,  0.296006)
(0.762039,  0.689700,  3.504701),  (0.534006,  0.262085)
(0.770560,  0.689440,  3.496184),  (0.534006,  0.228164)
(0.776031,  0.689111,  3.485452),  (0.534006,  0.194243)
(0.777916,  0.688747,  3.473556),  (0.465994,  0.160323)
(0.776031,  0.778205,  3.458910),  (0.465994,  0.804817)
(0.770560,  0.777876,  3.448178),  (0.465994,  0.770896)
(0.762039,  0.777616,  3.439661),  (0.465994,  0.736975)
(0.751302,  0.777448,  3.434193),  (0.465994,  0.703054)
(0.739400,  0.777390,  3.432309),  (0.465994,  0.669134)
(0.727498,  0.777448,  3.434193),  (0.465994,  0.635213)
(0.716761,  0.777616,  3.439661),  (0.465994,  0.601292)
(0.708241,  0.777876,  3.448178),  (0.465994,  0.567371)
(0.702770,  0.778205,  3.458910),  (0.465994,  0.533451)
(0.700885,  0.778569,  3.470806),  (0.465994,  0.499530)
(0.702770,  0.778933,  3.482702),  (0.465994,  0.465609)
(0.708241,  0.779262,  3.493434),  (0.465994,  0.431689)
(0.716761,  0.779522,  3.501951),  (0.465994,  0.397768)
(0.727498,  0.779690,  3.507419),  (0.465994,  0.363847)
(0.739400,  0.779747,  3.509304),  (0.465994,  0.329926)
(0.751302,  0.779690,  3.507419),  (0.465994,  0.296006)
(0.762039,  0.779522,  3.501951),  (0.465994,  0.262085)
(0.770560,  0.779262,  3.493434),  (0.465994,  0.228164)
(0.776031,  0.778933,  3.482702),  (0.465994,  0.194243)
(0.777916,  0.778569,  3.470806),  (0.397983,  0.160323)
(0.776031,  0.868027,  3.456160),  (0.397983,  0.804817)
(0.770560,  0.867698,  3.445428),  (0.397983,  0.770896)
(0.762039,  0.867438,  3.436911),  (0.397983,  0.736975)
(0.751302,  0.867270,  3.431443),  (0.397983,  0.703054)
(0.739400,  0.867213,  3.429559),  (0.397983,  0.669134)
(0.727498,  0.867270,  3.431443),  (0.397983,  0.635213)
(0.716761,  0.867438,  3.436912),  (0.397983,  0.601292)
(0.708241,  0.867698,  3.445428),  (0.397983,  0.567371)
(0.702770,  0.868027,  3.456160),  (0.397983,  0.533451)
(0.700885,  0.868391,  3.468056),  (0.397983,  0.499530)
(0.702770,  0.868755,  3.479953),  (0.397983,  0.465609)
(0.708241,  0.869084,  3.490685),  (0.397983,  0.431689)
(0.716761,  0.869345,  3.499202),  (0.397983,  0.397768)
(0.727498,  0.869512,  3.504670),  (0.397983,  0.363847)
(0.739400,  0.869570,  3.506554),  (0.397983,  0.329926)
(0.751302,  0.869512,  3.504670),  (0.397983,  0.296006)
(0.762039,  0.869345,  3.499201),  (0.397983,  0.262085)
(0.770560,  0.869084,  3.490685),  (0.397983,  0.228164)
(0.776031,  0.868755,  3.479953),  (0.397983,  0.194243)
(0.777916,  0.868391,  3.468056),  (0.329971,  0.160323)
(0.776031,  0.957849,  3.453410),  (0.329971,  0.804817)
(0.770560,  0.957520,  3.442678),  (0.329971,  0.770896)
(0.762039,  0.957260,  3.434162),  (0.329971,  0.736975)
(0.751302,  0.957092,  3.428694),  (0.329971,  0.703054)
(0.739400,  0.957035,  3.426809),  (0.329971,  0.669134)
(0.727498,  0.957092,  3.428693),  (0.329971,  0.635213)
(0.716761,  0.957260,  3.434162),  (0.329971,  0.601292)
(0.708241,  0.957520,  3.442679),  (0.329971,  0.567371)
(0.702770,  0.957849,  3.453410),  (0.329971,  0.533451)
(0.700885,  0.958213,  3.465307),  (0.329971,  0.499530)
(0.702770,  0.958577,  3.477203),  (0.329971,  0.465609)
(0.708241,  0.958906,  3.487935),  (0.329971,  0.431689)
(0.716761,  0.959167,  3.496452),  (0.329971,  0.397768)
(0.727498,  0.959334,  3.501920),  (0.329971,  0.363847)
(0.739400,  0.959392,  3.503804),  (0.329971,  0.329926)
(0.751302,  0.959334,  3.501920),  (0.329971,  0.296006)
(0.762039,  0.959167,  3.496452),  (0.329971,  0.262085)
(0.770560,  0.958906,  3.487935),  (0.329971,  0.228164)
(0.776031,  0.958577,  3.477203),  (0.329971,  0.194243)
(0.777916,  0.958213,  3.465307),  (0.261960,  0.160323)
(0.776031,  1.047671,  3.450661),  (0.261960,  0.804817)
(0.770560,  1.047343,  3.439929),  (0.261960,  0.770896)
(0.762039,  1.047082,  3.431412),  (0.261960,  0.736975)
(0.751302,  1.046915,  3.425944),  (0.261960,  0.703054)
(0.739400,  1.046857,  3.424059),  (0.261960,  0.669134)
(0.727498,  1.046915,  3.425944),  (0.261960,  0.635213)
(0.716761,  1.047082,  3.431412),  (0.261960,  0.601292)
(0.708241,  1.047343,  3.439929),  (0.261960,  0.567371)
(0.702770,  1.047671,  3.450661),  (0.261960,  0.533451)
(0.700885,  1.048035,  3.462557),  (0.261960,  0.499530)
(0.702770,  1.048400,  3.474453),  (0.261960,  0.465609)
(0.708241,  1.048728,  3.485185),  (0.261960,  0.431689)
(0.716761,  1.048989,  3.493702),  (0.261960,  0.397768)
(0.727498,  1.049156,  3.499170),  (0.261960,  0.363847)
(0.739400,  1.049214,  3.501054),  (0.261960,  0.329926)
(0.751302,  1.049156,  3.499170),  (0.261960,  0.296006)
(0.762039,  1.048989,  3.493702),  (0.261960,  0.262085)
(0.770560,  1.048728,  3.485185),  (0.261960,  0.228164)
(0.776031,  1.048400,  3.474453),  (0.261960,  0.194243)
(0.777916,  1.048035,  3.462557),  (0.193948,  0.160323)
(0.776031,  1.137493,  3.447911),  (0.193948,  0.804817)
(0.770560,  1.137165,  3.437179),  (0.193948,  0.770896)
(0.762039,  1.136904,  3.428663),  (0.193948,  0.736975)
(0.751302,  1.136737,  3.423194),  (0.193948,  0.703054)
(0.739400,  1.136679,  3.421310),  (0.193948,  0.669134)
(0.727498,  1.136737,  3.423194),  (0.193948,  0.635213)
(0.716761,  1.136904,  3.428662),  (0.193948,  0.601292)
(0.708241,  1.137165,  3.437179),  (0.193948,  0.567371)
(0.702770,  1.137493,  3.447911),  (0.193948,  0.533451)
(0.700885,  1.137857,  3.459807),  (0.193948,  0.499530)
(0.702770,  1.138222,  3.471704),  (0.193948,  0.465609)
(0.708241,  1.138550,  3.482436),  (0.193948,  0.431689)
(0.716761,  1.138811,  3.490952),  (0.193948,  0.397768)
(0.727498,  1.138978,  3.496421),  (0.193948,  0.363847)
(0.739400,  1.139036,  3.498305),  (0.193948,  0.329926)
(0.751302,  1.138978,  3.496420),  (0.193948,  0.296006)
(0.762039,  1.138811,  3.490952),  (0.193948,  0.262085)
(0.770560,  1.138550,  3.482435),  (0.193948,  0.228164)
(0.776031,  1.138222,  3.471704),  (0.193948,  0.194243)
(0.777916,  1.137857,  3.459807),  (0.125936,  0.160323)
(0.776031,  1.227315,  3.445161),  (0.125936,  0.804817)
(0.770560,  1.226987,  3.434429),  (0.125936,  0.770896)
(0.762039,  1.226726,  3.425913),  (0.125936,  0.736975)
(0.751302,  1.226559,  3.420444),  (0.125936,  0.703054)
(0.739400,  1.226501,  3.418560),  (0.125936,  0.669134)
(0.727498,  1.226559,  3.420444),  (0.125936,  0.635213)
(0.716761,  1.226726,  3.425913),  (0.125936,  0.601292)
(0.708241,  1.226987,  3.434429),  (0.125936,  0.567371)
(0.702770,  1.227315,  3.445161),  (0.125936,  0.533451)
(0.700885,  1.227680,  3.457058),  (0.125936,  0.499530)
(0.702770,  1.228044,  3.468954),  (0.125936,  0.465609)
(0.708241,  1.228372,  3.479686),  (0.125936,  0.431689)
(0.716761,  1.228633,  3.488203),  (0.125936,  0.397768)
(0.727498,  1.228800,  3.493671),  (0.125936,  0.363847)
(0.739400,  1.228858,  3.495555),  (0.125936,  0.329926)
(0.751302,  1.228800,  3.493671),  (0.125936,  0.296006)
(0.762039,  1.228633,  3.488203),  (0.125936,  0.262085)
(0.770560,  1.228372,  3.479686),  (0.125936,  0.228164)
(0.776031,  1.228044,  3.468954),  (0.125936,  0.194243)
(0.777916,  1.227680,  3.457058),  (0.057925,  0.160323)
(0.776031,  1.317137,  3.442412),  (0.057925,  0.804817)
(0.770560,  1.316809,  3.431680),  (0.057925,  0.770896)
(0.762039,  1.316548,  3.423163),  (0.057925,  0.736975)
(0.751302,  1.316381,  3.417695),  (0.057925,  0.703054)
(0.739400,  1.316323,  3.415811),  (0.057925,  0.669134)
(0.727498,  1.316381,  3.417695),  (0.057925,  0.635213)
(0.716761,  1.316548,  3.423163),  (0.057925,  0.601292)
(0.708241,  1.316809,  3.431679),  (0.057925,  0.567372)
(0.702770,  1.317137,  3.442411),  (0.057925,  0.533451)
(0.700885,  1.317502,  3.454308),  (0.057925,  0.499530)
(0.702770,  1.317866,  3.466204),  (0.057925,  0.465609)
(0.708241,  1.318194,  3.476936),  (0.057925,  0.431689)
(0.716761,  1.318455,  3.485453),  (0.057925,  0.397768)
(0.727498,  1.318622,  3.490921),  (0.057925,  0.363847)
(0.739400,  1.318680,  3.492805),  (0.057925,  0.329926)
(0.751302,  1.318622,  3.490921),  (0.057925,  0.296006)
(0.762039,  1.318455,  3.485453),  (0.057925,  0.262085)
(0.770560,  1.318194,  3.476936),  (0.057925,  0.228164)
(0.776031,  1.317866,  3.466204),  (0.057925,  0.194243)
(0.777916,  1.317502,  3.454308),  (0.500000,  0.850000)
(0.776031,  1.406960,  3.439662),  (0.500001,  0.162500)
(0.770560,  1.406631,  3.428930),  (-0.002223,  0.838737)
(0.762039,  1.406370,  3.420413),  (-0.003788,  0.838737)
(0.751302,  1.406203,  3.414945),  (-0.006288,  0.838737)
(0.739400,  1.406145,  3.413061),  (-0.010087,  0.838737)
(0.727498,  1.406203,  3.414945),  (0.636039,  0.111440)
(0.716761,  1.406370,  3.420413),  (0.621066,  0.116914)
(0.708241,  1.406631,  3.428930),  (0.604472,  0.124161)
(0.702770,  1.406960,  3.439662),  (-0.002211,  0.804817)
(0.700885,  1.407324,  3.451558),  (-0.002785,  0.803524)
(0.702770,  1.407688,  3.463455),  (-0.005187,  0.803417)
(0.708241,  1.408017,  3.474186),  (-0.010087,  0.804817)
(0.716761,  1.408277,  3.482703),  (0.615789,  0.071478)
(0.727498,  1.408445,  3.488172),  (0.603089,  0.081308)
(0.739400,  1.408502,  3.490056),  (0.588966,  0.093464)
(0.751302,  1.408445,  3.488172),  (-0.002203,  0.770896)
(0.762039,  1.408277,  3.482703),  (-0.003105,  0.770129)
(0.770560,  1.408017,  3.474186),  (-0.005220,  0.769871)
(0.776031,  1.407688,  3.463454),  (-0.010087,  0.770896)
(0.777916,  1.407324,  3.451558),  (0.584164,  0.039733)
(0.776031,  1.496782,  3.436912),  (0.574957,  0.053002)
(0.770560,  1.496453,  3.426180),  (0.564697,  0.069050)
(0.762039,  1.496192,  3.417664),  (-0.002193,  0.736975)
(0.751302,  1.496025,  3.412195),  (-0.003473,  0.736662)
(0.739400,  1.495967,  3.410311),  (-0.005354,  0.736486)
(0.727498,  1.496025,  3.412195),  (-0.010087,  0.736975)
(0.716761,  1.496192,  3.417664),  (0.544260,  0.019335)
(0.708241,  1.496453,  3.426180),  (0.539427,  0.034803)
(0.702770,  1.496782,  3.436912),  (0.534036,  0.053343)
(0.700885,  1.497146,  3.448809),  (-0.002195,  0.703054)
(0.702770,  1.497510,  3.460705),  (-0.003615,  0.703050)
(0.708241,  1.497839,  3.471437),  (-0.005405,  0.703052)
(0.716761,  1.498099,  3.479954),  (-0.010087,  0.703054)
(0.727498,  1.498267,  3.485422),  (0.499998,  0.012301)
(0.739400,  1.498324,  3.487306),  (0.499998,  0.028522)
(0.751302,  1.498267,  3.485422),  (0.500000,  0.047912)
(0.762039,  1.498099,  3.479954),  (-0.002200,  0.669134)
(0.770560,  1.497839,  3.471437),  (-0.003479,  0.669438)
(0.776031,  1.497510,  3.460705),  (-0.005355,  0.669618)
(0.777916,  1.497146,  3.448809),  (-0.010087,  0.669134)
(0.776031,  1.586604,  3.434163),  (0.455734,  0.019327)
(0.770560,  1.586275,  3.423430),  (0.460562,  0.034783)
(0.762039,  1.586015,  3.414914),  (0.465952,  0.053304)
(0.751302,  1.585847,  3.409446),  (-0.002202,  0.635213)
(0.739400,  1.585790,  3.407561),  (-0.003106,  0.635981)
(0.727498,  1.585847,  3.409446),  (-0.005224,  0.636212)
(0.716761,  1.586015,  3.414914),  (-0.010087,  0.635213)
(0.708241,  1.586275,  3.423431),  (0.415823,  0.039718)
(0.702770,  1.586604,  3.434163),  (0.425015,  0.052968)
(0.700885,  1.586968,  3.446059),  (0.435260,  0.068987)
(0.702770,  1.587332,  3.457955),  (-0.002211,  0.601292)
(0.708241,  1.587661,  3.468687),  (-0.002808,  0.602551)
(0.716761,  1.587922,  3.477204),  (-0.005196,  0.602705)
(0.727498,  1.588089,  3.482672),  (-0.010087,  0.601292)
(0.739400,  1.588147,  3.484556),  (0.384188,  0.071464)
(0.751302,  1.588089,  3.482672),  (0.396861,  0.081273)
(0.762039,  1.587922,  3.477204),  (0.410952,  0.093400)
(0.770560,  1.587661,  3.468687),  (-0.002223,  0.567371)
(0.776031,  1.587332,  3.457955),  (-0.002804,  0.568897)
(0.777916,  1.586968,  3.446059),  (-0.005368,  0.568947)
(0.776031,  1.676426,  3.431413),  (-0.010087,  0.567371)
(0.770560,  1.676097,  3.420681),  (0.363932,  0.111432)
(0.762039,  1.675837,  3.412164),  (0.378867,  0.116892)
(0.751302,  1.675669,  3.406696),  (0.395414,  0.124119)
(0.739400,  1.675612,  3.404812),  (-0.002235,  0.533451)
(0.727498,  1.675669,  3.406696),  (-0.003111,  0.534855)
(0.716761,  1.675837,  3.412164),  (-0.005710,  0.534881)
(0.708241,  1.676097,  3.420681),  (-0.010087,  0.533451)
(0.702770,  1.676426,  3.431413),  (0.357029,  0.155687)
(0.700885,  1.676790,  3.443309),  (0.372783,  0.156302)
(0.702770,  1.677154,  3.455205),  (0.390151,  0.158106)
(0.708241,  1.677483,  3.465938),  (-0.002247,  0.499530)
(0.716761,  1.677744,  3.474454),  (-0.003402,  0.500668)
(0.727498,  1.677911,  3.479923),  (-0.006008,  0.500693)
(0.739400,  1.677969,  3.481807),  (-0.010087,  0.499530)
(0.751302,  1.677911,  3.479922),  (0.364131,  0.199880)
(0.762039,  1.677744,  3.474454),  (0.379168,  0.195618)
(0.770560,  1.677483,  3.465937),  (0.395649,  0.192017)
(0.776031,  1.677154,  3.455205),  (-0.002259,  0.465609)
(0.777916,  1.676790,  3.443309),  (-0.003604,  0.466461)
(0.776031,  1.766248,  3.428663),  (-0.006216,  0.466482)
(0.770560,  1.765920,  3.417931),  (-0.010087,  0.465609)
(0.762039,  1.765659,  3.409415),  (0.384512,  0.239684)
(0.751302,  1.765491,  3.403946),  (0.397349,  0.230989)
(0.739400,  1.765434,  3.402062),  (0.411332,  0.222537)
(0.727498,  1.765491,  3.403946),  (-0.002267,  0.431688)
(0.716761,  1.765659,  3.409415),  (-0.003735,  0.432254)
(0.708241,  1.765920,  3.417931),  (-0.006350,  0.432269)
(0.702770,  1.766248,  3.428663),  (-0.010087,  0.431689)
(0.700885,  1.766612,  3.440560),  (0.416148,  0.271225)
(0.702770,  1.766976,  3.452456),  (0.425502,  0.258987)
(0.708241,  1.767305,  3.463188),  (0.435640,  0.246704)
(0.716761,  1.767566,  3.471705),  (-0.002276,  0.397768)
(0.727498,  1.767733,  3.477173),  (-0.003810,  0.398049)
(0.739400,  1.767791,  3.479057),  (-0.006427,  0.398056)
(0.751302,  1.767733,  3.477173),  (-0.010087,  0.397768)
(0.762039,  1.767566,  3.471704),  (0.455935,  0.291449)
(0.770560,  1.767305,  3.463188),  (0.460864,  0.276922)
(0.776031,  1.766976,  3.452456),  (0.466188,  0.262187)
(0.777916,  1.766612,  3.440560),  (-0.002275,  0.363847)
(0.776031,  1.856070,  3.425914),  (-0.003831,  0.363846)
(0.770560,  1.855742,  3.415182),  (-0.006449,  0.363845)
(0.762039,  1.855481,  3.406665),  (-0.010087,  0.363847)
(0.751302,  1.855314,  3.401196),  (0.499997,  0.298411)
(0.739400,  1.855256,  3.399312),  (0.499997,  0.283088)
(0.727498,  1.855314,  3.401196),  (0.500000,  0.267505)
(0.716761,  1.855481,  3.406665),  (-0.002270,  0.329926)
(0.708241,  1.855742,  3.415181),  (-0.003803,  0.329642)
(0.702770,  1.856070,  3.425913),  (-0.006422,  0.329634)
(0.700885,  1.856434,  3.437810),  (-0.010087,  0.329926)
(0.702770,  1.856799,  3.449706),  (0.544058,  0.291442)
(0.708241,  1.857127,  3.460438),  (0.539124,  0.276903)
(0.716761,  1.857388,  3.468955),  (0.533800,  0.262151)
(0.727498,  1.857555,  3.474423),  (-0.002267,  0.296006)
(0.739400,  1.857613,  3.476307),  (-0.003731,  0.295437)
(0.751302,  1.857555,  3.474423),  (-0.006346,  0.295421)
(0.762039,  1.857388,  3.468955),  (-0.010087,  0.296006)
(0.770560,  1.857127,  3.460438),  (0.583839,  0.271213)
(0.776031,  1.856799,  3.449706),  (0.574469,  0.258957)
(0.777916,  1.856434,  3.437810),  (0.564315,  0.246646)
(0.776031,  1.945892,  3.423164),  (-0.002259,  0.262085)
(0.770560,  1.945564,  3.412432),  (-0.003598,  0.261228)
(0.762039,  1.945303,  3.403915),  (-0.006210,  0.261207)
(0.751302,  1.945136,  3.398447),  (-0.010087,  0.262085)
(0.739400,  1.945078,  3.396563),  (0.615468,  0.239672)
(0.727498,  1.945136,  3.398447),  (0.602604,  0.230959)
(0.716761,  1.945303,  3.403915),  (0.588584,  0.222480)
(0.708241,  1.945564,  3.412432),  (-0.002247,  0.228164)
(0.702770,  1.945892,  3.423164),  (-0.003407,  0.227054)
(0.700885,  1.946257,  3.435060),  (-0.006009,  0.227016)
(0.702770,  1.946621,  3.446957),  (-0.010087,  0.228164)
(0.708241,  1.946949,  3.457688),  (0.635842,  0.199871)
(0.716761,  1.947210,  3.466205),  (0.620767,  0.195599)
(0.727498,  1.947377,  3.471673),  (0.604236,  0.191984)
(0.739400,  1.947435,  3.473557),  (-0.002235,  0.194243)
(0.751302,  1.947377,  3.471673),  (-0.003083,  0.192799)
(0.762039,  1.947210,  3.466205),  (-0.005724,  0.192846)
(0.770560,  1.946949,  3.457688),  (-0.010087,  0.194243)
(0.776031,  1.946621,  3.446956),  (0.642941,  0.155686)
(0.777916,  1.946257,  3.435060),  (0.627145,  0.156303)
(0.776031,  2.035714,  3.420414),  (0.609722,  0.158111)
(0.770560,  2.035386,  3.409682),  (0.399900,  0.000000)
(0.762039,  2.035125,  3.401165),  (0.399758,  0.002507)
(0.751302,  2.034958,  3.395697),  (0.399654,  0.009355)
(0.739400,  2.034900,  3.393813),  (0.399616,  0.018710)
(0.727498,  2.034958,  3.395697),  (0.351677,  0.000000)
(0.716761,  2.035125,  3.401165),  (0.351465,  0.002507)
(0.708241,  2.035386,  3.409682),  (0.351311,  0.009355)
(0.702770,  2.035714,  3.420414),  (0.351254,  0.018710)
(0.700885,  2.036078,  3.432310),  (0.305068,  0.000000)
(0.702770,  2.036443,  3.444207),  (0.304790,  0.002507)
(0.708241,  2.036771,  3.454939),  (0.304586,  0.009355)
(0.716761,  2.037032,  3.463456),  (0.304512,  0.018710)
(0.727498,  2.037199,  3.468924),  (0.260585,  0.000000)
(0.739400,  2.037257,  3.470808),  (0.260243,  0.002507)
(0.751302,  2.037199,  3.468924),  (0.259993,  0.009355)
(0.762039,  2.037032,  3.463456),  (0.259901,  0.018710)
(0.770560,  2.036771,  3.454939),  (0.218714,  0.000000)
(0.776031,  2.036443,  3.444207),  (0.218313,  0.002507)
(0.777916,  2.036078,  3.432310),  (0.218019,  0.009355)
(0.739400,  0.598925,  3.476305),  (0.217911,  0.018710)
(0.739400,  2.036078,  3.432310),  (0.179916,  0.000000)
(1.437302,  -2.537329,  5.741006),  (0.179458,  0.002507)
(1.421041,  -2.537329,  5.709094),  (0.179124,  0.009355)
(1.395716,  -2.537329,  5.683768),  (0.179001,  0.018710)
(1.363803,  -2.537329,  5.667508),  (0.147830,  0.000000)
(1.328428,  -2.537329,  5.661905),  (0.147501,  0.002507)
(1.293053,  -2.537329,  5.667508),  (0.147260,  0.009355)
(1.261141,  -2.537329,  5.683768),  (0.147171,  0.018710)
(1.235815,  -2.537329,  5.709094),  (0.136283,  0.000000)
(1.219555,  -2.537329,  5.741006),  (0.135949,  0.002507)
(1.213952,  -2.537329,  5.776381),  (0.135705,  0.009355)
(1.219555,  -2.537329,  5.811756),  (0.135616,  0.018710)
(1.235815,  -2.537329,  5.843668),  (0.101110,  0.000000)
(1.261141,  -2.537329,  5.868994),  (0.100632,  0.002507)
(1.293053,  -2.537329,  5.885254),  (0.100283,  0.009355)
(1.328428,  -2.537329,  5.890857),  (0.100155,  0.018710)
(1.363803,  -2.537329,  5.885254),  (0.063339,  0.000000)
(1.395716,  -2.537329,  5.868994),  (0.062715,  0.002507)
(1.421041,  -2.537329,  5.843668),  (0.062258,  0.009355)
(1.437302,  -2.537329,  5.811756),  (0.062090,  0.018710)
(1.442904,  -2.537329,  5.776381),  (0.045448,  0.000000)
(1.453044,  0.090994,  5.735891),  (0.044798,  0.002507)
(1.434433,  0.090994,  5.699364),  (0.044322,  0.009355)
(1.405445,  0.090994,  5.670376),  (0.044148,  0.018710)
(1.368918,  0.090994,  5.651765),  (0.032526,  0.000000)
(1.328428,  0.090994,  5.645352),  (0.031858,  0.002507)
(1.287938,  0.090994,  5.651765),  (0.031368,  0.009355)
(1.251411,  0.090994,  5.670376),  (0.031189,  0.018710)
(1.222424,  0.090994,  5.699364),  (0.024716,  0.000000)
(1.203812,  0.090994,  5.735891),  (0.024037,  0.002507)
(1.197399,  0.090994,  5.776381),  (0.023539,  0.009355)
(1.203812,  0.090994,  5.816871),  (0.023357,  0.018710)
(1.222424,  0.090994,  5.853398),  (0.020737,  0.018730)
(1.251411,  0.090994,  5.882386),  (0.020920,  0.009365)
(1.287938,  0.090994,  5.900997),  (0.021420,  0.002509)
(1.328428,  0.090994,  5.907410),  (0.022103,  0.000000)
(1.368918,  0.090994,  5.900997),  (0.500000,  0.992357)
(1.405445,  0.090994,  5.882386),  (0.449067,  0.981290)
(1.434433,  0.090994,  5.853398),  (0.449086,  0.990645)
(1.453044,  0.090994,  5.816871),  (0.449138,  0.997493)
(1.459457,  0.090994,  5.776381),  (0.449210,  1.000000)
(1.328428,  -2.537329,  5.776381),  (0.399616,  0.981290)
(1.328428,  0.090994,  5.776381),  (0.399654,  0.990645)
(1.401062,  -1.092969,  5.876353),  (0.399758,  0.997493)
(1.366614,  -1.092969,  5.893906),  (0.399900,  1.000000)
(1.328428,  -1.092969,  5.899953),  (0.351254,  0.981290)
(1.290242,  -1.092969,  5.893906),  (0.351311,  0.990645)
(1.255794,  -1.092969,  5.876353),  (0.351465,  0.997493)
(1.228456,  -1.092969,  5.849015),  (0.351677,  1.000000)
(1.210904,  -1.092969,  5.814567),  (0.304512,  0.981290)
(1.204856,  -1.092969,  5.776381),  (0.304586,  0.990645)
(1.210904,  -1.092969,  5.738195),  (0.304790,  0.997493)
(1.228456,  -1.092969,  5.703747),  (0.305068,  1.000000)
(1.255794,  -1.092969,  5.676409),  (0.259901,  0.981290)
(1.290242,  -1.092969,  5.658856),  (0.259993,  0.990645)
(1.328428,  -1.092969,  5.652809),  (0.260243,  0.997493)
(1.366614,  -1.092969,  5.658856),  (0.260585,  1.000000)
(1.401062,  -1.092969,  5.676409),  (0.217911,  0.981290)
(1.428401,  -1.092969,  5.703747),  (0.218019,  0.990645)
(1.445953,  -1.092969,  5.738195),  (0.218313,  0.997493)
(1.452001,  -1.092969,  5.776381),  (0.218714,  1.000000)
(1.445953,  -1.092969,  5.814567),  (0.179001,  0.981290)
(1.428400,  -1.092969,  5.849015),  (0.179124,  0.990645)
(1.431730,  -0.439439,  5.851434),  (0.179458,  0.997493)
(1.403481,  -0.439439,  5.879683),  (0.179916,  1.000000)
(1.367886,  -0.439439,  5.897820),  (0.147171,  0.981290)
(1.328428,  -0.439439,  5.904069),  (0.147260,  0.990645)
(1.288970,  -0.439439,  5.897820),  (0.147501,  0.997493)
(1.253375,  -0.439439,  5.879683),  (0.147830,  1.000000)
(1.225126,  -0.439439,  5.851434),  (0.135616,  0.981290)
(1.206989,  -0.439439,  5.815839),  (0.135705,  0.990645)
(1.200740,  -0.439439,  5.776381),  (0.135949,  0.997493)
(1.206989,  -0.439439,  5.736923),  (0.136283,  1.000000)
(1.225126,  -0.439439,  5.701328),  (0.100155,  0.981290)
(1.253375,  -0.439439,  5.673079),  (0.100283,  0.990645)
(1.288970,  -0.439439,  5.654942),  (0.100632,  0.997493)
(1.328428,  -0.439439,  5.648693),  (0.101110,  1.000000)
(1.367886,  -0.439439,  5.654942),  (0.062090,  0.981290)
(1.403481,  -0.439439,  5.673079),  (0.062258,  0.990645)
(1.431730,  -0.439439,  5.701328),  (0.062715,  0.997493)
(1.449867,  -0.439439,  5.736923),  (0.063339,  1.000000)
(1.456116,  -0.439439,  5.776381),  (0.044148,  0.981290)
(1.449867,  -0.439439,  5.815839),  (0.044322,  0.990645)
(1.438463,  -2.343363,  5.812134),  (0.044798,  0.997493)
(1.422030,  -2.343363,  5.844387),  (0.045448,  1.000000)
(1.396434,  -2.343363,  5.869983),  (0.031189,  0.981290)
(1.364181,  -2.343363,  5.886416),  (0.031368,  0.990645)
(1.328428,  -2.343363,  5.892079),  (0.031858,  0.997493)
(1.292676,  -2.343363,  5.886416),  (0.032526,  1.000000)
(1.260423,  -2.343363,  5.869983),  (0.023357,  0.981290)
(1.234827,  -2.343363,  5.844387),  (0.023539,  0.990645)
(1.218393,  -2.343363,  5.812134),  (0.024037,  0.997493)
(1.212730,  -2.343363,  5.776381),  (0.024716,  1.000000)
(1.218393,  -2.343363,  5.740628),  (0.022102,  1.000000)
(1.234827,  -2.343363,  5.708375),  (0.021420,  0.997494)
(1.260423,  -2.343363,  5.682779),  (0.020920,  0.990645)
(1.292675,  -2.343363,  5.666346),  (0.020737,  0.981291)
(1.328428,  -2.343363,  5.660683),  (0.500000,  0.992357)
(1.364181,  -2.343363,  5.666346),  (0.438916,  0.981290)
(1.396434,  -2.343363,  5.682779),  (0.438916,  0.990645)
(1.422030,  -2.343363,  5.708375),  (0.438916,  0.997493)
(1.438463,  -2.343363,  5.740628),  (0.438916,  1.000000)
(1.444126,  -2.343363,  5.776381),  (0.391312,  0.981290)
(1.398975,  -1.656711,  5.873481),  (0.391312,  0.990645)
(1.365517,  -1.656711,  5.890529),  (0.391312,  0.997493)
(1.328428,  -1.656711,  5.896403),  (0.391312,  1.000000)
(1.291339,  -1.656711,  5.890529),  (0.343707,  0.981290)
(1.257881,  -1.656711,  5.873481),  (0.343707,  0.990645)
(1.231328,  -1.656711,  5.846928),  (0.343707,  0.997493)
(1.214280,  -1.656711,  5.813470),  (0.343707,  1.000000)
(1.208406,  -1.656711,  5.776381),  (0.296102,  0.981290)
(1.214280,  -1.656711,  5.739292),  (0.296102,  0.990645)
(1.231328,  -1.656711,  5.705834),  (0.296102,  0.997493)
(1.257881,  -1.656711,  5.679281),  (0.296102,  1.000000)
(1.291339,  -1.656711,  5.662233),  (0.248498,  0.981290)
(1.328428,  -1.656711,  5.656359),  (0.248498,  0.990645)
(1.365517,  -1.656711,  5.662233),  (0.248498,  0.997493)
(1.398975,  -1.656711,  5.679281),  (0.248498,  1.000000)
(1.425528,  -1.656711,  5.705834),  (0.200893,  0.981290)
(1.442576,  -1.656711,  5.739292),  (0.200893,  0.990645)
(1.448450,  -1.656711,  5.776381),  (0.200893,  0.997493)
(1.442576,  -1.656711,  5.813470),  (0.200893,  1.000000)
(1.425528,  -1.656711,  5.846928),  (0.153289,  0.981290)
(1.449820,  -0.004916,  3.871723),  (0.153289,  0.990645)
(1.445784,  -0.018079,  3.866589),  (0.153289,  0.997493)
(1.440041,  -0.028607,  3.858096),  (0.153289,  1.000000)
(1.433154,  -0.035468,  3.847077),  (0.098259,  0.981290)
(1.425797,  -0.037991,  3.834610),  (0.098259,  0.990645)
(1.418690,  -0.035929,  3.821915),  (0.098259,  0.997493)
(1.412528,  -0.029484,  3.810236),  (0.098259,  1.000000)
(1.407915,  -0.019286,  3.800714),  (0.500000,  0.007643)
(1.405302,  -0.006335,  3.794283),  (0.438916,  0.018710)
(1.404946,  0.008102,  3.791572),  (0.438916,  0.009355)
(1.406880,  0.022613,  3.792845),  (0.438916,  0.002507)
(1.410916,  0.035776,  3.797980),  (0.438916,  0.000000)
(1.416658,  0.046304,  3.806472),  (0.391312,  0.018710)
(1.423545,  0.053165,  3.817491),  (0.391312,  0.009355)
(1.430903,  0.055688,  3.829958),  (0.391312,  0.002507)
(1.438010,  0.053626,  3.842653),  (0.391312,  0.000000)
(1.444172,  0.047181,  3.854333),  (0.343707,  0.018710)
(1.448785,  0.036983,  3.863854),  (0.343707,  0.009355)
(1.451398,  0.024032,  3.870286),  (0.343707,  0.002507)
(1.451754,  0.009594,  3.872997),  (0.343707,  0.000000)
(1.428349,  0.008849,  3.832284),  (0.296102,  0.018710)
(1.440721,  0.007822,  3.825191),  (0.296102,  0.009355)
(1.453113,  -0.004894,  3.868558),  (0.296102,  0.002507)
(1.455024,  -0.004194,  3.863756),  (0.296102,  0.000000)
(1.455366,  -0.002885,  3.857787),  (0.248498,  0.018710)
(1.454105,  -0.001096,  3.851236),  (0.248498,  0.009355)
(1.451365,  0.000998,  3.844743),  (0.248498,  0.002507)
(1.449177,  -0.017732,  3.863550),  (0.248498,  0.000000)
(1.451377,  -0.016090,  3.859116),  (0.200893,  0.018710)
(1.452169,  -0.013313,  3.853720),  (0.200893,  0.009355)
(1.451475,  -0.009673,  3.847890),  (0.200893,  0.002507)
(1.449364,  -0.005528,  3.842198),  (0.200893,  0.000000)
(1.443576,  -0.028000,  3.855267),  (0.153289,  0.018710)
(1.446187,  -0.025603,  3.851441),  (0.153289,  0.009355)
(1.447620,  -0.021652,  3.846993),  (0.153289,  0.002507)
(1.447733,  -0.016533,  3.842357),  (0.153289,  0.000000)
(1.446517,  -0.010747,  3.837988),  (0.098259,  0.000000)
(1.436859,  -0.034691,  3.844520),  (0.098259,  0.002507)
(1.439963,  -0.031803,  3.841483),  (0.098259,  0.009355)
(1.442164,  -0.027087,  3.838264),  (0.098259,  0.018710)
(1.443246,  -0.021003,  3.835177),  (0.500000,  0.007643)
(1.443103,  -0.014148,  3.832525),  (0.438916,  0.000000)
(1.429683,  -0.037152,  3.832361),  (0.438916,  0.002507)
(1.433315,  -0.034083,  3.830217),  (0.438916,  0.009355)
(1.436336,  -0.029085,  3.828388),  (0.438916,  0.018710)
(1.438452,  -0.022647,  3.827054),  (0.391312,  0.000000)
(1.439455,  -0.015399,  3.826344),  (0.391312,  0.002507)
(1.422751,  -0.035141,  3.819979),  (0.391312,  0.009355)
(1.426892,  -0.032220,  3.818745),  (0.391312,  0.018710)
(1.430706,  -0.027452,  3.818332),  (0.343707,  0.000000)
(1.433821,  -0.021304,  3.818782),  (0.343707,  0.002507)
(1.435932,  -0.014377,  3.820051),  (0.343707,  0.009355)
(1.416742,  -0.028855,  3.808588),  (0.343707,  0.018710)
(1.421323,  -0.026396,  3.808190),  (0.296102,  0.000000)
(1.425825,  -0.022347,  3.809080),  (0.296102,  0.002507)
(1.429806,  -0.017104,  3.811172),  (0.296102,  0.009355)
(1.432877,  -0.011181,  3.814260),  (0.296102,  0.018710)
(1.412243,  -0.018909,  3.799301),  (0.248498,  0.000000)
(1.417155,  -0.017180,  3.799585),  (0.248498,  0.002507)
(1.422171,  -0.014269,  3.801538),  (0.248498,  0.009355)
(1.426800,  -0.010460,  3.804968),  (0.248498,  0.018710)
(1.430590,  -0.006126,  3.809540),  (0.200893,  0.000000)
(1.409694,  -0.006278,  3.793029),  (0.200893,  0.002507)
(1.414793,  -0.005476,  3.793773),  (0.200893,  0.009355)
(1.420101,  -0.004010,  3.796443),  (0.200893,  0.018710)
(1.425098,  -0.002021,  3.800778),  (0.153289,  0.000000)
(1.429295,  0.000295,  3.806352),  (0.153289,  0.002507)
(1.409346,  0.007804,  3.790384),  (0.153289,  0.009355)
(1.414471,  0.007571,  3.791323),  (0.153289,  0.018710)
(1.419819,  0.007427,  3.794296),  (0.098259,  0.018710)
(1.424866,  0.007386,  3.799011),  (0.098259,  0.009355)
(1.429118,  0.007452,  3.805008),  (0.098259,  0.002507)
(1.411233,  0.021956,  3.791627),  (0.098259,  0.000000)
(1.416219,  0.020684,  3.792474),  (0.500000,  0.992357)
(1.421351,  0.018922,  3.795305),  (0.438916,  0.981290)
(1.426126,  0.016841,  3.799841),  (0.438916,  0.990645)
(1.430077,  0.014646,  3.805639),  (0.438916,  0.997493)
(1.415169,  0.034795,  3.796634),  (0.438916,  1.000000)
(1.419866,  0.032580,  3.797114),  (0.391312,  0.981290)
(1.424548,  0.029349,  3.799372),  (0.391312,  0.990645)
(1.428756,  0.025418,  3.803187),  (0.391312,  0.997493)
(1.432078,  0.021172,  3.808185),  (0.391312,  1.000000)
(1.420770,  0.045062,  3.804917),  (0.343707,  0.981290)
(1.425056,  0.042093,  3.804789),  (0.343707,  0.990645)
(1.429097,  0.037688,  3.806099),  (0.343707,  0.997493)
(1.432497,  0.032277,  3.808720),  (0.343707,  1.000000)
(1.434925,  0.026391,  3.812395),  (0.296102,  0.981290)
(1.427487,  0.051754,  3.815665),  (0.296102,  0.990645)
(1.431280,  0.048294,  3.814747),  (0.296102,  0.997493)
(1.434552,  0.043123,  3.814828),  (0.296102,  1.000000)
(1.436985,  0.036748,  3.815900),  (0.248498,  0.981290)
(1.438339,  0.029792,  3.817858),  (0.248498,  0.990645)
(1.434663,  0.054215,  3.827824),  (0.248498,  0.997493)
(1.437928,  0.050574,  3.826013),  (0.248498,  1.000000)
(1.440380,  0.045122,  3.824704),  (0.200893,  0.981290)
(1.441779,  0.038392,  3.824023),  (0.200893,  0.990645)
(1.441986,  0.031043,  3.824038),  (0.200893,  0.997493)
(1.441595,  0.052203,  3.840205),  (0.200893,  1.000000)
(1.444351,  0.048710,  3.837486),  (0.153289,  0.981290)
(1.446010,  0.043488,  3.834760),  (0.153289,  0.990645)
(1.446410,  0.037048,  3.832295),  (0.153289,  0.997493)
(1.445510,  0.030021,  3.830332),  (0.153289,  1.000000)
(1.447605,  0.045917,  3.851597),  (0.098259,  1.000000)
(1.449920,  0.042886,  3.848040),  (0.098259,  0.997493)
(1.450891,  0.038383,  3.844012),  (0.098259,  0.990645)
(1.450425,  0.032849,  3.839905),  (0.098259,  0.981290)
(1.448565,  0.026826,  3.836122),  (0.001547,  1.000000)
(1.452104,  0.035972,  3.860883),  (0.000865,  0.997493)
(1.454089,  0.033671,  3.856645),  (0.000365,  0.990644)
(1.454546,  0.030305,  3.851554),  (0.000182,  0.981288)
(1.453430,  0.026204,  3.846109),  (0.000182,  0.018712)
(1.450852,  0.021770,  3.840842),  (0.000365,  0.009356)
(1.454652,  0.023340,  3.867156),  (0.000865,  0.002507)
(1.456450,  0.021967,  3.862457),  (0.001547,  0.000000)
(1.456615,  0.020046,  3.856648),  (-0.000000,  0.981290)
(1.455133,  0.017766,  3.850299),  (0.000184,  0.990645)
(1.452147,  0.015350,  3.844031),  (0.000686,  0.997493)
(1.455000,  0.009259,  3.869800),  (0.001372,  1.000000)
(1.456772,  0.008919,  3.864907),  (0.020275,  0.018710)
(1.456898,  0.008609,  3.858796),  (0.020299,  0.009355)
(1.455365,  0.008358,  3.852066),  (0.020366,  0.002507)
(1.452324,  0.008192,  3.845375),  (0.020458,  0.000000)
(1.456986,  2.260154,  3.560227),  (-0.000000,  0.018710)
(1.451216,  2.247166,  3.556494),  (0.000184,  0.009355)
(1.443320,  2.236826,  3.549663),  (0.000686,  0.002507)
(1.434069,  2.230148,  3.540402),  (0.001372,  0.000000)
(1.424370,  2.227785,  3.529620),  (0.009839,  0.981290)
(1.415172,  2.229968,  3.518370),  (0.009936,  0.990645)
(1.407376,  2.236483,  3.507754),  (0.010202,  0.997493)
(1.401744,  2.246693,  3.498812),  (0.010566,  1.000000)
(1.398828,  2.259598,  3.492418),  (0.002370,  0.981290)
(1.398913,  2.273935,  3.489199),  (0.002537,  0.990645)
(1.401992,  2.288301,  3.489470),  (0.002994,  0.997493)
(1.407762,  2.301289,  3.493203),  (0.003619,  1.000000)
(1.415658,  2.311628,  3.500034),  (0.009839,  0.018710)
(1.424909,  2.318306,  3.509294),  (0.009936,  0.009355)
(1.434608,  2.320669,  3.520077),  (0.010202,  0.002507)
(1.443806,  2.318486,  3.531327),  (0.010566,  0.000000)
(1.451602,  2.311971,  3.541943),  (0.002370,  0.018710)
(1.457234,  2.301762,  3.550885),  (0.002537,  0.009355)
(1.460150,  2.288857,  3.557278),  (0.002994,  0.002507)
(1.460065,  2.274519,  3.560498),  (0.003619,  0.000000)
(1.429488,  2.274227,  3.524849),  (0.062922,  0.000000)
(1.440229,  2.272099,  3.515654),  (0.063017,  0.002507)
(1.459627,  2.259843,  3.556513),  (0.063086,  0.009355)
(1.460651,  2.260258,  3.551416),  (0.063111,  0.018710)
(1.459960,  2.261357,  3.545435),  (0.048220,  0.000000)
(1.457620,  2.263033,  3.539156),  (0.048906,  0.002507)
(1.453861,  2.265122,  3.533194),  (0.049408,  0.009355)
(1.454000,  2.247176,  3.552871),  (0.049592,  0.018710)
(1.455437,  2.248521,  3.548042),  (0.062922,  1.000000)
(1.455389,  2.251069,  3.542478),  (0.063017,  0.997493)
(1.453860,  2.254570,  3.536724),  (0.063086,  0.990645)
(1.451000,  2.258683,  3.531343),  (0.063111,  0.981290)
(1.446298,  2.237092,  3.546209),  (0.049592,  0.981290)
(1.448301,  2.239177,  3.541868),  (0.049408,  0.990645)
(1.449134,  2.242878,  3.537067),  (0.048906,  0.997493)
(1.448715,  2.247833,  3.532273),  (0.048220,  1.000000)
(1.447086,  2.253557,  3.527956),  (0.056136,  0.018710)
(1.437275,  2.230578,  3.537177),  (0.056038,  0.009355)
(1.439941,  2.233142,  3.533500),  (0.055770,  0.002507)
(1.441806,  2.237588,  3.529731),  (0.055405,  0.000000)
(1.442688,  2.243482,  3.526239),  (0.051157,  0.018710)
(1.442499,  2.250246,  3.523365),  (0.050989,  0.009355)
(1.427816,  2.228273,  3.526660),  (0.050532,  0.002507)
(1.431176,  2.231006,  3.523756),  (0.049906,  0.000000)
(1.434123,  2.235716,  3.521190),  (0.056136,  0.981290)
(1.436368,  2.241942,  3.519213),  (0.056038,  0.990645)
(1.437691,  2.249075,  3.518020),  (0.055770,  0.997493)
(1.418845,  2.230402,  3.515688),  (0.055405,  1.000000)
(1.422864,  2.232979,  3.513589),  (0.051157,  0.981290)
(1.426837,  2.237445,  3.512278),  (0.050989,  0.990645)
(1.430375,  2.243364,  3.511883),  (0.050532,  0.997493)
(1.433131,  2.250157,  3.512443),  (0.049906,  1.000000)
(1.411241,  2.236757,  3.505335),  (0.998568,  0.500000)
(1.415818,  2.238867,  3.503996),  (0.996076,  0.500000)
(1.420661,  2.242606,  3.503869),  (0.993585,  0.500000)
(1.425295,  2.247610,  3.504966),  (0.991094,  0.500000)
(1.429266,  2.253386,  3.507180),  (0.988602,  0.500000)
(1.405748,  2.246714,  3.496613),  (0.986111,  0.500000)
(1.410729,  2.248093,  3.495915),  (0.983619,  0.500000)
(1.416200,  2.250694,  3.496786),  (0.981128,  0.500000)
(1.421625,  2.254262,  3.499140),  (0.979726,  0.500000)
(1.426474,  2.258448,  3.502747),  (0.974861,  0.000000)
(1.402904,  2.259301,  3.490377),  (0.972370,  0.000000)
(1.408094,  2.259755,  3.490137),  (0.969878,  0.000000)
(1.413890,  2.260917,  3.491721),  (0.967387,  0.000000)
(1.419725,  2.262671,  3.494974),  (0.964895,  0.000000)
(1.425028,  2.264846,  3.499577),  (0.962404,  0.000000)
(1.402987,  2.273284,  3.487237),  (0.959912,  0.000000)
(1.408171,  2.272712,  3.487228),  (0.957421,  0.000000)
(1.413957,  2.272274,  3.489171),  (0.956019,  0.000000)
(1.419781,  2.272012,  3.492876),  (0.953646,  0.500000)
(1.425071,  2.271954,  3.497981),  (0.948663,  0.500000)
(1.405989,  2.287295,  3.487501),  (0.946171,  0.500000)
(1.410952,  2.285694,  3.487472),  (0.943680,  0.500000)
(1.416396,  2.283653,  3.489385),  (0.941188,  0.500000)
(1.421786,  2.281373,  3.493052),  (0.938697,  0.500000)
(1.426597,  2.279076,  3.498115),  (0.936206,  0.500000)
(1.411617,  2.299963,  3.491143),  (0.933714,  0.500000)
(1.416167,  2.297431,  3.490846),  (0.932312,  0.500000)
(1.420967,  2.293942,  3.492342),  (0.974861,  1.000000)
(1.425546,  2.289835,  3.495485),  (0.972370,  1.000000)
(1.429457,  2.285515,  3.499966),  (0.969878,  1.000000)
(1.419319,  2.310047,  3.497805),  (0.967387,  1.000000)
(1.423303,  2.306775,  3.497019),  (0.964895,  1.000000)
(1.427222,  2.302132,  3.497754),  (0.962404,  1.000000)
(1.430691,  2.296572,  3.499936),  (0.959912,  1.000000)
(1.433372,  2.290640,  3.503353),  (0.957421,  1.000000)
(1.428341,  2.316560,  3.506837),  (0.955381,  1.000000)
(1.431663,  2.312810,  3.505388),  (0.977352,  0.500000)
(1.434550,  2.307422,  3.505089),  (0.545970,  0.500000)
(1.436719,  2.300924,  3.505970),  (0.590513,  0.500000)
(1.437958,  2.293951,  3.507943),  (0.634074,  0.500000)
(1.437801,  2.318865,  3.517353),  (0.676177,  0.500000)
(1.440428,  2.314946,  3.515132),  (0.716359,  0.500000)
(1.442233,  2.309294,  3.513631),  (0.754182,  0.500000)
(1.443039,  2.302464,  3.512995),  (0.789229,  0.500000)
(1.442767,  2.295123,  3.513289),  (0.829933,  0.500000)
(1.446772,  2.316736,  3.528326),  (0.841230,  0.500000)
(1.448740,  2.312973,  3.525299),  (0.866700,  0.500000)
(1.449519,  2.307565,  3.522542),  (0.894536,  0.500000)
(1.449032,  2.301041,  3.520326),  (0.910697,  0.500000)
(1.447327,  2.294041,  3.518866),  (0.922369,  0.500000)
(1.454376,  2.310382,  3.538679),  (0.929425,  0.500000)
(1.455786,  2.307086,  3.534892),  (0.931785,  0.500000)
(1.455695,  2.302404,  3.530951),  (0.548451,  0.000000)
(1.454112,  2.296796,  3.527243),  (0.595448,  0.000000)
(1.451192,  2.290811,  3.524129),  (0.641410,  0.000000)
(1.459869,  2.300424,  3.547401),  (0.685832,  0.000000)
(1.460875,  2.297859,  3.542973),  (0.728229,  0.000000)
(1.460156,  2.294317,  3.538035),  (0.768135,  0.000000)
(1.457781,  2.290144,  3.533069),  (0.805114,  0.000000)
(1.453984,  2.285749,  3.528562),  (0.841381,  0.000000)
(1.462713,  2.287838,  3.553637),  (0.852807,  0.000000)
(1.463510,  2.286197,  3.548751),  (0.883272,  0.000000)
(1.462466,  2.284094,  3.543099),  (0.916223,  0.000000)
(1.459681,  2.281735,  3.537235),  (0.933275,  0.000000)
(1.455429,  2.279351,  3.531732),  (0.945590,  0.000000)
(1.462629,  2.273854,  3.556777),  (0.953034,  0.000000)
(1.463433,  2.273240,  3.551660),  (0.955524,  0.000000)
(1.462398,  2.272737,  3.545650),  (0.550933,  0.500000)
(1.459626,  2.272393,  3.539333),  (0.600384,  0.500000)
(1.455387,  2.272243,  3.533328),  (0.648746,  0.500000)
(0.951057,  -0.988565,  -2.792870),  (0.695488,  0.500000)
(0.809018,  -0.988519,  -3.071638),  (0.740098,  0.500000)
(0.587786,  -0.988482,  -3.292868),  (0.782089,  0.500000)
(0.309017,  -0.988458,  -3.434906),  (0.820999,  0.500000)
(0.000000,  -0.988450,  -3.483850),  (0.852829,  0.500000)
(-0.309015,  -0.988458,  -3.434906),  (0.864384,  0.500000)
(-0.587785,  -0.988482,  -3.292866),  (0.899845,  0.500000)
(-0.809017,  -0.988519,  -3.071636),  (0.937910,  0.500000)
(-0.951056,  -0.988565,  -2.792870),  (0.955852,  0.500000)
(-1.000000,  -0.988616,  -2.483854),  (0.968811,  0.500000)
(-0.951056,  -0.988667,  -2.174835),  (0.976643,  0.500000)
(-0.809017,  -0.988713,  -1.896072),  (0.979263,  0.500000)
(-0.587785,  -0.988750,  -1.674841),  (0.548451,  1.000000)
(-0.309015,  -0.988774,  -1.532803),  (0.595448,  1.000000)
(0.000000,  -0.988782,  -1.483856),  (0.641410,  1.000000)
(0.309017,  -0.988774,  -1.532803),  (0.685832,  1.000000)
(0.587786,  -0.988750,  -1.674841),  (0.728229,  1.000000)
(0.809017,  -0.988713,  -1.896072),  (0.768135,  1.000000)
(0.951056,  -0.988667,  -2.174835),  (0.805114,  1.000000)
(1.000002,  -0.988616,  -2.483854),  (0.841381,  1.000000)
(0.951057,  -0.855607,  -2.169405),  (0.852807,  1.000000)
(0.809018,  -0.852321,  -2.441027),  (0.883272,  1.000000)
(0.587786,  -0.849714,  -2.656591),  (0.916223,  1.000000)
(0.309017,  -0.848039,  -2.794991),  (0.933275,  1.000000)
(0.000000,  -0.847462,  -2.842678),  (0.945590,  1.000000)
(-0.309015,  -0.848039,  -2.794991),  (0.953034,  1.000000)
(-0.587785,  -0.849714,  -2.656590),  (0.955524,  1.000000)
(-0.809017,  -0.852321,  -2.441025),  (0.561084,  0.500000)
(-0.951056,  -0.855607,  -2.169405),  (0.608688,  0.500000)
(-1.000000,  -0.859250,  -1.868305),  (0.656293,  0.500000)
(-0.951056,  -0.862892,  -1.567211),  (0.703897,  0.500000)
(-0.809017,  -0.866178,  -1.295584),  (0.751502,  0.500000)
(-0.587785,  -0.868786,  -1.080025),  (0.799107,  0.500000)
(-0.309015,  -0.870460,  -0.941626),  (0.846711,  0.500000)
(0.000000,  -0.871037,  -0.893936),  (0.901741,  0.500000)
(0.309017,  -0.870460,  -0.941626),  (0.561084,  0.000000)
(0.587786,  -0.868786,  -1.080025),  (0.608688,  0.000000)
(0.809017,  -0.866178,  -1.295584),  (0.656293,  0.000000)
(0.951056,  -0.862892,  -1.567211),  (0.703897,  0.000000)
(1.000002,  -0.859250,  -1.868305),  (0.751502,  0.000000)
(0.951057,  -0.725747,  -1.642637),  (0.799107,  0.000000)
(0.809018,  -0.722960,  -1.916283),  (0.846711,  0.000000)
(0.587786,  -0.720748,  -2.133451),  (0.901741,  0.000000)
(0.309017,  -0.719328,  -2.272881),  (0.561084,  0.500000)
(0.000000,  -0.718838,  -2.320925),  (0.608688,  0.500000)
(-0.309015,  -0.719328,  -2.272881),  (0.656293,  0.500000)
(-0.587785,  -0.720748,  -2.133451),  (0.703897,  0.500000)
(-0.809017,  -0.722960,  -1.916283),  (0.751502,  0.500000)
(-0.951056,  -0.725747,  -1.642637),  (0.799107,  0.500000)
(-1.000000,  -0.728837,  -1.339294),  (0.846711,  0.500000)
(-0.951056,  -0.731926,  -1.035957),  (0.901741,  0.500000)
(-0.809017,  -0.734714,  -0.762312),  (0.561084,  1.000000)
(-0.587785,  -0.736926,  -0.545145),  (0.608688,  1.000000)
(-0.309015,  -0.738346,  -0.405714),  (0.656293,  1.000000)
(0.000000,  -0.738835,  -0.357670),  (0.703897,  1.000000)
(0.309017,  -0.738346,  -0.405714),  (0.751502,  1.000000)
(0.587786,  -0.736926,  -0.545145),  (0.799107,  1.000000)
(0.809017,  -0.734714,  -0.762312),  (0.846711,  1.000000)
(0.951056,  -0.731926,  -1.035957),  (0.901741,  1.000000)
(1.000002,  -0.728837,  -1.339294),  (0.952404,  0.000000)
(0.951057,  -0.595003,  -1.202677),  (0.952404,  1.000000)
(0.809018,  -0.592717,  -1.478012),  (0.976111,  1.000000)
(0.587786,  -0.590904,  -1.696522),  (0.999818,  0.500000)
(0.309017,  -0.589740,  -1.836815),  (0.976111,  0.000000)
(0.000000,  -0.589338,  -1.885153),  (1.000000,  0.500000)
(-0.309015,  -0.589740,  -1.836815),  (0.997630,  0.500000)
(-0.587785,  -0.590904,  -1.696522),  (0.990161,  0.500000)
(-0.809017,  -0.592717,  -1.478012),  (0.979725,  0.500000)
(-0.951056,  -0.595003,  -1.202677),  (0.951775,  0.000000)
(-1.000000,  -0.597536,  -0.897465),  (0.963006,  0.000000)
(-0.951056,  -0.600069,  -0.592251),  (0.950408,  0.500000)
(-0.809017,  -0.602354,  -0.316916),  (0.948843,  0.500000)
(-0.587785,  -0.604167,  -0.098410),  (0.943864,  0.500000)
(-0.309015,  -0.605332,  0.041880),  (0.936889,  0.500000)
(0.000000,  -0.605733,  0.090225),  (0.963006,  1.000000)
(0.309017,  -0.605332,  0.041880),  (0.951775,  1.000000)
(0.587786,  -0.604167,  -0.098410),  (0.955105,  0.000000)
(0.809017,  -0.602354,  -0.316916),  (0.951361,  0.000000)
(0.951056,  -0.600069,  -0.592251),  (0.951361,  1.000000)
(1.000002,  -0.597536,  -0.897465),  (0.955105,  1.000000)
(0.951057,  -0.463533,  -0.850069),  (0.997205,  1.000000)
(0.809018,  -0.461753,  -1.126759),  (0.997886,  0.997493)
(0.587786,  -0.460340,  -1.346342),  (0.998385,  0.990645)
(0.309017,  -0.459433,  -1.487322),  (0.998568,  0.981290)
(0.000000,  -0.459121,  -1.535902),  (0.996076,  0.981290)
(-0.309015,  -0.459433,  -1.487322),  (0.995894,  0.990645)
(-0.587785,  -0.460340,  -1.346342),  (0.995395,  0.997493)
(-0.809017,  -0.461753,  -1.126759),  (0.994713,  1.000000)
(-0.951056,  -0.463533,  -0.850067),  (0.993585,  0.981290)
(-1.000000,  -0.465507,  -0.543354),  (0.993402,  0.990645)
(-0.951056,  -0.467480,  -0.236641),  (0.992903,  0.997493)
(-0.809017,  -0.469260,  0.040049),  (0.992222,  1.000000)
(-0.587785,  -0.470673,  0.259632),  (0.991094,  0.981290)
(-0.309015,  -0.471580,  0.400612),  (0.990911,  0.990645)
(0.000000,  -0.471893,  0.449192),  (0.990412,  0.997493)
(0.309017,  -0.471580,  0.400612),  (0.989730,  1.000000)
(0.587786,  -0.470673,  0.259632),  (0.988602,  0.981290)
(0.809017,  -0.469260,  0.040049),  (0.988419,  0.990645)
(0.951056,  -0.467480,  -0.236641),  (0.987921,  0.997493)
(1.000002,  -0.465507,  -0.543354),  (0.987239,  1.000000)
(0.951057,  -0.331499,  -0.585234),  (0.986111,  0.981290)
(0.809018,  -0.330226,  -0.862942),  (0.985928,  0.990645)
(0.587786,  -0.329216,  -1.083332),  (0.985429,  0.997493)
(0.309017,  -0.328567,  -1.224831),  (0.984748,  1.000000)
(0.000000,  -0.328343,  -1.273588),  (0.983619,  0.981290)
(-0.309015,  -0.328567,  -1.224831),  (0.983437,  0.990645)
(-0.587785,  -0.329216,  -1.083332),  (0.982938,  0.997493)
(-0.809017,  -0.330226,  -0.862940),  (0.982256,  1.000000)
(-0.951056,  -0.331499,  -0.585234),  (0.981128,  0.981290)
(-1.000000,  -0.332910,  -0.277391),  (0.980945,  0.990645)
(-0.951056,  -0.334322,  0.030449),  (0.980446,  0.997493)
(-0.809017,  -0.335595,  0.308155),  (0.979765,  1.000000)
(-0.587785,  -0.336605,  0.528547),  (0.979111,  0.981454)
(-0.309015,  -0.337254,  0.670046),  (0.978918,  0.990752)
(0.000000,  -0.337477,  0.718803),  (0.978415,  0.997526)
(0.309017,  -0.337254,  0.670046),  (0.977733,  1.000000)
(0.587786,  -0.336605,  0.528545),  (0.998568,  0.018710)
(0.809017,  -0.335595,  0.308155),  (0.998385,  0.009355)
(0.951056,  -0.334322,  0.030449),  (0.997886,  0.002507)
(1.000002,  -0.332910,  -0.277391),  (0.997205,  0.000000)
(0.951057,  -0.199061,  -0.408499),  (0.996076,  0.018710)
(0.809018,  -0.198297,  -0.686884),  (0.995894,  0.009355)
(0.587786,  -0.197690,  -0.907812),  (0.995395,  0.002507)
(0.309017,  -0.197300,  -1.049656),  (0.994713,  0.000000)
(0.000000,  -0.197166,  -1.098532),  (0.993585,  0.018710)
(-0.309015,  -0.197300,  -1.049656),  (0.993402,  0.009355)
(-0.587785,  -0.197690,  -0.907812),  (0.992903,  0.002507)
(-0.809017,  -0.198297,  -0.686884),  (0.992222,  0.000000)
(-0.951056,  -0.199061,  -0.408499),  (0.991094,  0.018710)
(-1.000000,  -0.199909,  -0.099905),  (0.990911,  0.009355)
(-0.951056,  -0.200756,  0.208689),  (0.990412,  0.002507)
(-0.809017,  -0.201521,  0.487078),  (0.989730,  0.000000)
(-0.587785,  -0.202127,  0.708008),  (0.988602,  0.018710)
(-0.309015,  -0.202517,  0.849852),  (0.988419,  0.009355)
(0.000000,  -0.202651,  0.898729),  (0.987921,  0.002507)
(0.309017,  -0.202517,  0.849852),  (0.987239,  0.000000)
(0.587786,  -0.202127,  0.708008),  (0.986111,  0.018710)
(0.809017,  -0.201521,  0.487078),  (0.985928,  0.009355)
(0.951056,  -0.200756,  0.208689),  (0.985429,  0.002507)
(1.000002,  -0.199909,  -0.099905),  (0.984748,  0.000000)
(0.951057,  -0.066381,  -0.320076),  (0.983619,  0.018710)
(0.809018,  -0.066126,  -0.598801),  (0.983437,  0.009355)
(0.587786,  -0.065923,  -0.820000),  (0.982938,  0.002507)
(0.309017,  -0.065794,  -0.962019),  (0.982256,  0.000000)
(0.000000,  -0.065749,  -1.010952),  (0.981128,  0.018710)
(-0.309015,  -0.065794,  -0.962019),  (0.980945,  0.009355)
(-0.587785,  -0.065923,  -0.820000),  (0.980446,  0.002507)
(-0.809017,  -0.066126,  -0.598801),  (0.979764,  0.000000)
(-0.951056,  -0.066381,  -0.320076),  (0.978362,  0.000000)
(-1.000000,  -0.066663,  -0.011103),  (0.979044,  0.002507)
(-0.951056,  -0.066946,  0.297865),  (0.979543,  0.009355)
(-0.809017,  -0.067201,  0.576590),  (0.979726,  0.018710)
(-0.587785,  -0.067403,  0.797789),  (0.950026,  0.000000)
(-0.309015,  -0.067533,  0.939802),  (0.949344,  0.002507)
(0.000000,  -0.067578,  0.988747),  (0.948845,  0.009355)
(0.309017,  -0.067533,  0.939802),  (0.948663,  0.018710)
(0.587786,  -0.067403,  0.797789),  (0.947534,  0.000000)
(0.809017,  -0.067201,  0.576590),  (0.946853,  0.002507)
(0.951056,  -0.066946,  0.297863),  (0.946354,  0.009355)
(1.000002,  -0.066663,  -0.011103),  (0.946171,  0.018710)
(0.951057,  0.066381,  -0.320076),  (0.945043,  0.000000)
(0.809018,  0.066126,  -0.598801),  (0.944361,  0.002507)
(0.587786,  0.065923,  -0.820000),  (0.943862,  0.009355)
(0.309017,  0.065794,  -0.962019),  (0.943680,  0.018710)
(0.000000,  0.065749,  -1.010952),  (0.942552,  0.000000)
(-0.309015,  0.065794,  -0.962019),  (0.941870,  0.002507)
(-0.587785,  0.065923,  -0.820000),  (0.941371,  0.009355)
(-0.809017,  0.066126,  -0.598801),  (0.941188,  0.018710)
(-0.951056,  0.066381,  -0.320076),  (0.940060,  0.000000)
(-1.000000,  0.066663,  -0.011103),  (0.939379,  0.002507)
(-0.951056,  0.066946,  0.297865),  (0.938880,  0.009355)
(-0.809017,  0.067201,  0.576590),  (0.938697,  0.018710)
(-0.587785,  0.067403,  0.797789),  (0.937569,  0.000000)
(-0.309015,  0.067533,  0.939802),  (0.936887,  0.002507)
(0.000000,  0.067578,  0.988747),  (0.936388,  0.009355)
(0.309017,  0.067533,  0.939802),  (0.936206,  0.018710)
(0.587786,  0.067403,  0.797789),  (0.935078,  0.000000)
(0.809017,  0.067201,  0.576590),  (0.934396,  0.002507)
(0.951056,  0.066946,  0.297865),  (0.933897,  0.009355)
(1.000002,  0.066663,  -0.011103),  (0.933714,  0.018710)
(0.951057,  0.199061,  -0.408499),  (0.932312,  0.018710)
(0.809018,  0.198297,  -0.686884),  (0.932495,  0.009355)
(0.587786,  0.197690,  -0.907812),  (0.932994,  0.002507)
(0.309017,  0.197300,  -1.049656),  (0.933676,  0.000000)
(0.000000,  0.197166,  -1.098532),  (0.948663,  0.981290)
(-0.309015,  0.197300,  -1.049654),  (0.948845,  0.990645)
(-0.587785,  0.197690,  -0.907812),  (0.949344,  0.997493)
(-0.809017,  0.198297,  -0.686884),  (0.950026,  1.000000)
(-0.951056,  0.199061,  -0.408499),  (0.946171,  0.981290)
(-1.000000,  0.199909,  -0.099905),  (0.946354,  0.990645)
(-0.951056,  0.200756,  0.208689),  (0.946853,  0.997493)
(-0.809017,  0.201521,  0.487078),  (0.947534,  1.000000)
(-0.587785,  0.202127,  0.708008),  (0.943680,  0.981290)
(-0.309015,  0.202517,  0.849852),  (0.943862,  0.990645)
(0.000000,  0.202651,  0.898729),  (0.944361,  0.997493)
(0.309017,  0.202517,  0.849852),  (0.945043,  1.000000)
(0.587786,  0.202127,  0.708008),  (0.941188,  0.981290)
(0.809017,  0.201521,  0.487078),  (0.941371,  0.990645)
(0.951056,  0.200756,  0.208689),  (0.941870,  0.997493)
(1.000002,  0.199909,  -0.099905),  (0.942552,  1.000000)
(0.951057,  0.331499,  -0.585234),  (0.938697,  0.981290)
(0.809018,  0.330226,  -0.862942),  (0.938880,  0.990645)
(0.587786,  0.329216,  -1.083332),  (0.939379,  0.997493)
(0.309017,  0.328567,  -1.224831),  (0.940060,  1.000000)
(0.000000,  0.328343,  -1.273588),  (0.936206,  0.981290)
(-0.309015,  0.328567,  -1.224831),  (0.936388,  0.990645)
(-0.587785,  0.329216,  -1.083332),  (0.936887,  0.997493)
(-0.809017,  0.330226,  -0.862940),  (0.937569,  1.000000)
(-0.951056,  0.331499,  -0.585234),  (0.933714,  0.981291)
(-1.000000,  0.332910,  -0.277391),  (0.933897,  0.990645)
(-0.951056,  0.334322,  0.030449),  (0.934396,  0.997493)
(-0.809017,  0.335595,  0.308157),  (0.935077,  1.000000)
(-0.587785,  0.336605,  0.528547),  (0.933051,  1.000000)
(-0.309015,  0.337254,  0.670046),  (0.932368,  0.997461)
(0.000000,  0.337477,  0.718803),  (0.931871,  0.990538)
(0.309017,  0.337254,  0.670046),  (0.931698,  0.981128)
(0.587786,  0.336605,  0.528547),  (0.977283,  0.000000)
(0.809017,  0.335595,  0.308155),  (0.977318,  0.002508)
(0.951056,  0.334322,  0.030449),  (0.977343,  0.009361)
(1.000002,  0.332910,  -0.277391),  (0.977352,  0.018723)
(0.951057,  0.463533,  -0.850067),  (0.953646,  0.018722)
(0.809018,  0.461753,  -1.126759),  (0.953636,  0.009361)
(0.587786,  0.460340,  -1.346342),  (0.953610,  0.002508)
(0.309017,  0.459433,  -1.487322),  (0.953574,  0.000000)
(0.000000,  0.459121,  -1.535902),  (0.953574,  1.000000)
(-0.309015,  0.459433,  -1.487322),  (0.953610,  0.997492)
(-0.587785,  0.460340,  -1.346342),  (0.953636,  0.990639)
(-0.809017,  0.461753,  -1.126759),  (0.953646,  0.981278)
(-0.951056,  0.463533,  -0.850067),  (0.977283,  1.000000)
(-1.000000,  0.465507,  -0.543354),  (0.977318,  0.997492)
(-0.951056,  0.467480,  -0.236641),  (0.977343,  0.990639)
(-0.809017,  0.469260,  0.040049),  (0.977352,  0.981277)
(-0.587785,  0.470673,  0.259632),  (0.979725,  0.981290)
(-0.309015,  0.471580,  0.400612),  (0.979701,  0.990645)
(0.000000,  0.471893,  0.449192),  (0.979634,  0.997493)
(0.309017,  0.471580,  0.400612),  (0.979542,  1.000000)
(0.587786,  0.470673,  0.259632),  (0.545970,  0.981290)
(0.809017,  0.469260,  0.040049),  (0.545989,  0.990645)
(0.951056,  0.467480,  -0.236641),  (0.546041,  0.997493)
(1.000002,  0.465507,  -0.543354),  (0.546113,  1.000000)
(0.951057,  0.595003,  -1.202677),  (0.590513,  0.981290)
(0.809018,  0.592717,  -1.478012),  (0.590551,  0.990645)
(0.587786,  0.590904,  -1.696522),  (0.590655,  0.997493)
(0.309017,  0.589740,  -1.836815),  (0.590797,  1.000000)
(0.000000,  0.589338,  -1.885153),  (0.634074,  0.981290)
(-0.309015,  0.589740,  -1.836815),  (0.634131,  0.990645)
(-0.587785,  0.590904,  -1.696520),  (0.634285,  0.997493)
(-0.809017,  0.592717,  -1.478012),  (0.634496,  1.000000)
(-0.951056,  0.595003,  -1.202677),  (0.676177,  0.981290)
(-1.000000,  0.597536,  -0.897465),  (0.676251,  0.990645)
(-0.951056,  0.600069,  -0.592251),  (0.676455,  0.997493)
(-0.809017,  0.602354,  -0.316916),  (0.676733,  1.000000)
(-0.587785,  0.604167,  -0.098410),  (0.716359,  0.981290)
(-0.309015,  0.605332,  0.041882),  (0.716451,  0.990645)
(0.000000,  0.605733,  0.090225),  (0.716701,  0.997493)
(0.309017,  0.605332,  0.041882),  (0.717043,  1.000000)
(0.587786,  0.604167,  -0.098410),  (0.754182,  0.981290)
(0.809017,  0.602354,  -0.316916),  (0.754289,  0.990645)
(0.951056,  0.600069,  -0.592251),  (0.754583,  0.997493)
(1.000002,  0.597536,  -0.897465),  (0.754985,  1.000000)
(0.951057,  0.725747,  -1.642637),  (0.789229,  0.981290)
(0.809018,  0.722960,  -1.916283),  (0.789352,  0.990645)
(0.587786,  0.720748,  -2.133451),  (0.789687,  0.997493)
(0.309017,  0.719328,  -2.272881),  (0.790144,  1.000000)
(0.000000,  0.718838,  -2.320925),  (0.829933,  0.981290)
(-0.309015,  0.719328,  -2.272881),  (0.830022,  0.990645)
(-0.587785,  0.720748,  -2.133451),  (0.830263,  0.997493)
(-0.809017,  0.722960,  -1.916283),  (0.830593,  1.000000)
(-0.951056,  0.725747,  -1.642637),  (0.841230,  0.981290)
(-1.000000,  0.728837,  -1.339294),  (0.841320,  0.990645)
(-0.951056,  0.731926,  -1.035957),  (0.841564,  0.997493)
(-0.809017,  0.734714,  -0.762312),  (0.841897,  1.000000)
(-0.587785,  0.736926,  -0.545143),  (0.866700,  0.981290)
(-0.309015,  0.738346,  -0.405714),  (0.866828,  0.990645)
(0.000000,  0.738835,  -0.357670),  (0.867177,  0.997493)
(0.309017,  0.738346,  -0.405714),  (0.867654,  1.000000)
(0.587786,  0.736926,  -0.545143),  (0.894536,  0.981290)
(0.809017,  0.734714,  -0.762312),  (0.894703,  0.990645)
(0.951056,  0.731926,  -1.035957),  (0.895160,  0.997493)
(1.000002,  0.728837,  -1.339294),  (0.895784,  1.000000)
(0.951057,  0.855607,  -2.169405),  (0.910697,  0.981290)
(0.809018,  0.852321,  -2.441025),  (0.910872,  0.990645)
(0.587786,  0.849713,  -2.656590),  (0.911347,  0.997493)
(0.309017,  0.848039,  -2.794989),  (0.911997,  1.000000)
(0.000000,  0.847462,  -2.842678),  (0.922369,  0.981290)
(-0.309015,  0.848039,  -2.794989),  (0.922549,  0.990645)
(-0.587785,  0.849713,  -2.656590),  (0.923038,  0.997493)
(-0.809017,  0.852321,  -2.441025),  (0.923707,  1.000000)
(-0.951056,  0.855607,  -2.169405),  (0.929425,  0.981290)
(-1.000000,  0.859250,  -1.868305),  (0.929607,  0.990645)
(-0.951056,  0.862892,  -1.567211),  (0.930104,  0.997493)
(-0.809017,  0.866178,  -1.295584),  (0.930784,  1.000000)
(-0.587785,  0.868786,  -1.080025),  (0.931785,  0.981290)
(-0.309015,  0.870460,  -0.941626),  (0.931968,  0.990645)
(0.000000,  0.871037,  -0.893936),  (0.932467,  0.997493)
(0.309017,  0.870460,  -0.941626),  (0.933150,  1.000000)
(0.587786,  0.868786,  -1.080025),  (0.545970,  0.018710)
(0.809017,  0.866178,  -1.295584),  (0.545989,  0.009355)
(0.951056,  0.862892,  -1.567211),  (0.546041,  0.002507)
(1.000002,  0.859250,  -1.868305),  (0.546113,  0.000000)
(0.000000,  -0.988616,  -2.483854),  (0.590513,  0.018710)
(0.000000,  0.988616,  -2.483854),  (0.590551,  0.009355)
(0.951057,  0.969529,  -2.711466),  (0.590655,  0.002507)
(0.941449,  0.973432,  -2.726816),  (0.590797,  0.000000)
(0.913268,  0.977150,  -2.735071),  (0.634074,  0.018710)
(0.868425,  0.980431,  -2.735668),  (0.634131,  0.009355)
(0.809957,  0.983054,  -2.728573),  (0.634285,  0.002507)
(0.741817,  0.984840,  -2.714258),  (0.634496,  0.000000)
(0.668621,  0.985670,  -2.693699),  (0.676177,  0.018710)
(0.809018,  0.965785,  -2.980906),  (0.676251,  0.009355)
(0.800876,  0.969721,  -2.993536),  (0.676455,  0.002507)
(0.776994,  0.973542,  -2.993835),  (0.676733,  0.000000)
(0.738978,  0.976991,  -2.981792),  (0.716359,  0.018710)
(0.689388,  0.979837,  -2.958206),  (0.716451,  0.009355)
(0.631558,  0.981888,  -2.924667),  (0.716701,  0.002507)
(0.569381,  0.983006,  -2.883436),  (0.717043,  0.000000)
(0.587786,  0.962813,  -3.194736),  (0.754182,  0.018710)
(0.581888,  0.966775,  -3.205225),  (0.754289,  0.009355)
(0.564591,  0.970678,  -3.199261),  (0.754583,  0.002507)
(0.537052,  0.974260,  -3.177244),  (0.754985,  0.000000)
(0.501112,  0.977282,  -3.140650),  (0.789229,  0.018710)
(0.459177,  0.979541,  -3.091927),  (0.789352,  0.009355)
(0.414060,  0.980887,  -3.034336),  (0.789687,  0.002507)
(0.309017,  0.960899,  -3.331991),  (0.790144,  0.000000)
(0.305925,  0.964879,  -3.341122),  (0.829933,  0.018710)
(0.296849,  0.968835,  -3.331165),  (0.830022,  0.009355)
(0.282401,  0.972503,  -3.302792),  (0.830263,  0.002507)
(0.263538,  0.975639,  -3.257896),  (0.830593,  0.000000)
(0.241525,  0.978032,  -3.199471),  (0.841230,  0.018710)
(0.217830,  0.979524,  -3.131418),  (0.841320,  0.009355)
(0.000000,  0.960248,  -3.379326),  (0.841564,  0.002507)
(0.000000,  0.964232,  -3.387980),  (0.841897,  0.000000)
(0.000000,  0.968204,  -3.376656),  (0.866700,  0.018710)
(0.000000,  0.971900,  -3.346102),  (0.866828,  0.009355)
(0.000000,  0.975073,  -3.298363),  (0.867177,  0.002507)
(0.000000,  0.977511,  -3.236618),  (0.867654,  0.000000)
(0.000000,  0.979052,  -3.164982),  (0.894536,  0.018710)
(-0.309015,  0.960911,  -3.332052),  (0.894703,  0.009355)
(-0.305925,  0.964888,  -3.341171),  (0.895160,  0.002507)
(-0.296858,  0.968841,  -3.331226),  (0.895784,  0.000000)
(-0.282422,  0.972506,  -3.302876),  (0.910697,  0.018710)
(-0.263576,  0.975639,  -3.258018),  (0.910872,  0.009355)
(-0.241581,  0.978030,  -3.199642),  (0.911347,  0.002507)
(-0.217905,  0.979521,  -3.131645),  (0.911997,  0.000000)
(-0.587785,  0.962813,  -3.194736),  (0.922369,  0.018710)
(-0.581898,  0.966775,  -3.205233),  (0.922549,  0.009355)
(-0.564628,  0.970677,  -3.199310),  (0.923038,  0.002507)
(-0.537131,  0.974258,  -3.177351),  (0.923707,  0.000000)
(-0.501249,  0.977279,  -3.140833),  (0.929425,  0.018710)
(-0.459383,  0.979537,  -3.092199),  (0.929607,  0.009355)
(-0.414336,  0.980882,  -3.034708),  (0.930104,  0.002507)
(-0.809017,  0.965785,  -2.980906),  (0.930784,  0.000000)
(-0.800892,  0.969720,  -2.993549),  (0.933151,  0.000000)
(-0.777062,  0.973541,  -2.993889),  (0.932468,  0.002509)
(-0.739132,  0.976990,  -2.981901),  (0.931968,  0.009362)
(-0.689650,  0.979835,  -2.958389),  (0.931785,  0.018724)
(-0.631949,  0.981884,  -2.924944),  (0.550790,  0.000000)
(-0.569907,  0.983000,  -2.883804),  (0.550861,  0.002507)
(-0.951056,  0.969529,  -2.711466),  (0.550914,  0.009355)
(-0.941472,  0.973432,  -2.726826),  (0.550933,  0.018710)
(-0.913365,  0.977149,  -2.735104),  (0.600100,  0.000000)
(-0.868640,  0.980430,  -2.735739),  (0.600242,  0.002507)
(-0.810322,  0.983052,  -2.728687),  (0.600346,  0.009355)
(-0.742359,  0.984838,  -2.714430),  (0.600384,  0.018710)
(-0.669353,  0.985666,  -2.693928),  (0.648323,  0.000000)
(-1.000000,  0.973680,  -2.412788),  (0.648535,  0.002507)
(-0.989880,  0.977546,  -2.431181),  (0.648689,  0.009355)
(-0.960215,  0.981148,  -2.448320),  (0.648746,  0.018710)
(-0.913021,  0.984241,  -2.463036),  (0.694932,  0.000000)
(-0.851516,  0.986615,  -2.474333),  (0.695210,  0.002507)
(-0.779893,  0.988107,  -2.481434),  (0.695413,  0.009355)
(-0.703033,  0.988616,  -2.483854),  (0.695488,  0.018710)
(-0.951056,  0.977832,  -2.114109),  (0.739415,  0.000000)
(-0.941393,  0.981660,  -2.135563),  (0.739757,  0.002507)
(-0.913064,  0.985146,  -2.161634),  (0.740007,  0.009355)
(-0.868014,  0.988050,  -2.190535),  (0.740098,  0.018710)
(-0.809335,  0.990173,  -2.220285),  (0.781285,  0.000000)
(-0.741050,  0.991370,  -2.248846),  (0.781687,  0.002507)
(-0.667849,  0.991559,  -2.274248),  (0.781981,  0.009355)
(-0.809017,  0.981577,  -1.844673),  (0.782089,  0.018710)
(-0.800764,  0.985371,  -1.868902),  (0.820084,  0.000000)
(-0.776573,  0.988750,  -1.903095),  (0.820541,  0.002507)
(-0.738119,  0.991483,  -1.944887),  (0.820876,  0.009355)
(-0.688053,  0.993380,  -1.991396),  (0.820999,  0.018710)
(-0.629830,  0.994309,  -2.039406),  (0.852170,  0.000000)
(-0.567473,  0.994208,  -2.085609),  (0.852499,  0.002507)
(-0.587785,  0.984549,  -1.630844),  (0.852740,  0.009355)
(-0.581768,  0.988315,  -1.657299),  (0.852829,  0.018710)
(-0.564139,  0.991610,  -1.697983),  (0.863717,  0.000000)
(-0.536119,  0.994206,  -1.750072),  (0.864051,  0.002507)
(-0.499650,  0.995921,  -1.809956),  (0.864295,  0.009355)
(-0.457266,  0.996637,  -1.873478),  (0.864384,  0.018710)
(-0.411901,  0.996305,  -1.936237),  (0.898890,  0.000000)
(-0.309015,  0.986463,  -1.493586),  (0.899367,  0.002507)
(-0.305846,  0.990210,  -1.521471),  (0.899717,  0.009355)
(-0.296556,  0.993449,  -1.566343),  (0.899845,  0.018710)
(-0.281795,  0.995955,  -1.625074),  (0.936661,  0.000000)
(-0.262588,  0.997552,  -1.693590),  (0.937285,  0.002507)
(-0.240271,  0.998130,  -1.767115),  (0.937742,  0.009355)
(-0.216399,  0.997648,  -1.840536),  (0.937910,  0.018710)
(0.000000,  0.987114,  -1.446251),  (0.954552,  0.000000)
(0.000000,  0.990857,  -1.474638),  (0.955202,  0.002507)
(0.000000,  0.994078,  -1.520977),  (0.955678,  0.009355)
(0.000000,  0.996554,  -1.582031),  (0.955852,  0.018710)
(0.000000,  0.998112,  -1.653549),  (0.967474,  0.000000)
(0.000000,  0.998643,  -1.730551),  (0.968142,  0.002507)
(0.000000,  0.998110,  -1.807674),  (0.968632,  0.009355)
(0.309017,  0.986451,  -1.493526),  (0.968811,  0.018710)
(0.305845,  0.990201,  -1.521433),  (0.975284,  0.000000)
(0.296549,  0.993442,  -1.566343),  (0.975963,  0.002507)
(0.281773,  0.995950,  -1.625128),  (0.976461,  0.009355)
(0.262551,  0.997548,  -1.693699),  (0.976643,  0.018710)
(0.240215,  0.998127,  -1.767286),  (0.979263,  0.018730)
(0.216321,  0.997645,  -1.840767),  (0.979080,  0.009365)
(0.587786,  0.984549,  -1.630844),  (0.978580,  0.002509)
(0.581759,  0.988315,  -1.657310),  (0.977897,  0.000000)
(0.564101,  0.991610,  -1.698029),  (0.550933,  0.981290)
(0.536037,  0.994204,  -1.750183),  (0.550914,  0.990645)
(0.499510,  0.995918,  -1.810144),  (0.550861,  0.997493)
(0.457056,  0.996633,  -1.873756),  (0.550790,  1.000000)
(0.411619,  0.996299,  -1.936609),  (0.600384,  0.981290)
(0.809017,  0.981577,  -1.844673),  (0.600346,  0.990645)
(0.800745,  0.985370,  -1.868917),  (0.600242,  0.997493)
(0.776505,  0.988750,  -1.903147),  (0.600100,  1.000000)
(0.737963,  0.991481,  -1.944996),  (0.648746,  0.981290)
(0.687786,  0.993377,  -1.991583),  (0.648689,  0.990645)
(0.629437,  0.994305,  -2.039682),  (0.648535,  0.997493)
(0.566939,  0.994202,  -2.085981),  (0.648323,  1.000000)
(0.951056,  0.977832,  -2.114109),  (0.695488,  0.981290)
(0.941368,  0.981660,  -2.135567),  (0.695413,  0.990645)
(0.912965,  0.985145,  -2.161665),  (0.695210,  0.997493)
(0.867799,  0.988049,  -2.190601),  (0.694932,  1.000000)
(0.808968,  0.990172,  -2.220404),  (0.740098,  0.981290)
(0.740505,  0.991368,  -2.249014),  (0.740007,  0.990645)
(0.667111,  0.991556,  -2.274483),  (0.739757,  0.997493)
(1.000002,  0.973680,  -2.412788),  (0.739415,  1.000000)
(0.989854,  0.977546,  -2.431181),  (0.782089,  0.981290)
(0.960107,  0.981148,  -2.448320),  (0.781981,  0.990645)
(0.912783,  0.984241,  -2.463036),  (0.781687,  0.997493)
(0.851111,  0.986615,  -2.474333),  (0.781285,  1.000000)
(0.779292,  0.988107,  -2.481434),  (0.820999,  0.981290)
(0.702221,  0.988616,  -2.483854),  (0.820876,  0.990645)
(0.776031,  0.598561,  3.464409),  (0.820541,  0.997493)
(0.770560,  0.598232,  3.453677),  (0.820084,  1.000000)
(0.762039,  0.597971,  3.445161),  (0.852829,  0.981290)
(0.751302,  0.597804,  3.439692),  (0.852740,  0.990645)
(0.739400,  0.597746,  3.437808),  (0.852499,  0.997493)
(0.727498,  0.597804,  3.439692),  (0.852170,  1.000000)
(0.716761,  0.597971,  3.445160),  (0.864384,  0.981290)
(0.708241,  0.598232,  3.453677),  (0.864295,  0.990645)
(0.702770,  0.598561,  3.464409),  (0.864051,  0.997493)
(0.700885,  0.598925,  3.476305),  (0.863717,  1.000000)
(0.702770,  0.599289,  3.488202),  (0.899845,  0.981290)
(0.708241,  0.599617,  3.498934),  (0.899717,  0.990645)
(0.716761,  0.599878,  3.507451),  (0.899367,  0.997493)
(0.727498,  0.600046,  3.512919),  (0.898890,  1.000000)
(0.739400,  0.600103,  3.514803),  (0.937910,  0.981290)
(0.751302,  0.600046,  3.512918),  (0.937742,  0.990645)
(0.762039,  0.599878,  3.507451),  (0.937285,  0.997493)
(0.770560,  0.599617,  3.498934),  (0.936661,  1.000000)
(0.776031,  0.599289,  3.488202),  (0.955852,  0.981290)
(0.777916,  0.598925,  3.476305),  (0.955678,  0.990645)
(0.776031,  0.688383,  3.461659),  (0.955202,  0.997493)
(0.770560,  0.688054,  3.450927),  (0.954552,  1.000000)
(0.762039,  0.687793,  3.442411),  (0.968811,  0.981290)
(0.751302,  0.687626,  3.436943),  (0.968632,  0.990645)
(0.739400,  0.687568,  3.435059),  (0.968142,  0.997493)
(0.727498,  0.687626,  3.436943),  (0.967474,  1.000000)
(0.716761,  0.687793,  3.442411),  (0.976643,  0.981290)
(0.708241,  0.688054,  3.450927),  (0.976461,  0.990645)
(0.702770,  0.688383,  3.461659),  (0.975963,  0.997493)
(0.700885,  0.688747,  3.473556),  (0.975284,  1.000000)
(0.702770,  0.689111,  3.485452),  (0.977898,  1.000000)
(0.708241,  0.689440,  3.496184),  (0.978580,  0.997494)
(0.716761,  0.689700,  3.504701),  (0.979080,  0.990645)
(0.727498,  0.689868,  3.510169),  (0.979263,  0.981291)
(0.739400,  0.689925,  3.512053),  (0.561084,  0.981290)
(0.751302,  0.689868,  3.510169),  (0.561084,  0.990645)
(0.762039,  0.689700,  3.504701),  (0.561084,  0.997493)
(0.770560,  0.689440,  3.496184),  (0.561084,  1.000000)
(0.776031,  0.689111,  3.485452),  (0.608688,  0.981290)
(0.777916,  0.688747,  3.473556),  (0.608688,  0.990645)
(0.776031,  0.778205,  3.458910),  (0.608688,  0.997493)
(0.770560,  0.777876,  3.448178),  (0.608688,  1.000000)
(0.762039,  0.777616,  3.439661),  (0.656293,  0.981290)
(0.751302,  0.777448,  3.434193),  (0.656293,  0.990645)
(0.739400,  0.777390,  3.432309),  (0.656293,  0.997493)
(0.727498,  0.777448,  3.434193),  (0.656293,  1.000000)
(0.716761,  0.777616,  3.439661),  (0.703897,  0.981290)
(0.708241,  0.777876,  3.448178),  (0.703897,  0.990645)
(0.702770,  0.778205,  3.458910),  (0.703897,  0.997493)
(0.700885,  0.778569,  3.470806),  (0.703897,  1.000000)
(0.702770,  0.778933,  3.482702),  (0.751502,  0.981290)
(0.708241,  0.779262,  3.493434),  (0.751502,  0.990645)
(0.716761,  0.779522,  3.501951),  (0.751502,  0.997493)
(0.727498,  0.779690,  3.507419),  (0.751502,  1.000000)
(0.739400,  0.779747,  3.509304),  (0.799107,  0.981290)
(0.751302,  0.779690,  3.507419),  (0.799107,  0.990645)
(0.762039,  0.779522,  3.501951),  (0.799107,  0.997493)
(0.770560,  0.779262,  3.493434),  (0.799107,  1.000000)
(0.776031,  0.778933,  3.482702),  (0.846711,  0.981290)
(0.777916,  0.778569,  3.470806),  (0.846711,  0.990645)
(0.776031,  0.868027,  3.456160),  (0.846711,  0.997493)
(0.770560,  0.867698,  3.445428),  (0.846711,  1.000000)
(0.762039,  0.867438,  3.436911),  (0.901741,  0.981290)
(0.751302,  0.867270,  3.431443),  (0.901741,  0.990645)
(0.739400,  0.867213,  3.429559),  (0.901741,  0.997493)
(0.727498,  0.867270,  3.431443),  (0.901741,  1.000000)
(0.716761,  0.867438,  3.436912),  (0.561084,  0.018710)
(0.708241,  0.867698,  3.445428),  (0.561084,  0.009355)
(0.702770,  0.868027,  3.456160),  (0.561084,  0.002507)
(0.700885,  0.868391,  3.468056),  (0.561084,  0.000000)
(0.702770,  0.868755,  3.479953),  (0.608688,  0.018710)
(0.708241,  0.869084,  3.490685),  (0.608688,  0.009355)
(0.716761,  0.869345,  3.499202),  (0.608688,  0.002507)
(0.727498,  0.869512,  3.504670),  (0.608688,  0.000000)
(0.739400,  0.869570,  3.506554),  (0.656293,  0.018710)
(0.751302,  0.869512,  3.504670),  (0.656293,  0.009355)
(0.762039,  0.869345,  3.499201),  (0.656293,  0.002507)
(0.770560,  0.869084,  3.490685),  (0.656293,  0.000000)
(0.776031,  0.868755,  3.479953),  (0.703897,  0.018710)
(0.777916,  0.868391,  3.468056),  (0.703897,  0.009355)
(0.776031,  0.957849,  3.453410),  (0.703897,  0.002507)
(0.770560,  0.957520,  3.442678),  (0.703897,  0.000000)
(0.762039,  0.957260,  3.434162),  (0.751502,  0.018710)
(0.751302,  0.957092,  3.428694),  (0.751502,  0.009355)
(0.739400,  0.957035,  3.426809),  (0.751502,  0.002507)
(0.727498,  0.957092,  3.428693),  (0.751502,  0.000000)
(0.716761,  0.957260,  3.434162),  (0.799107,  0.018710)
(0.708241,  0.957520,  3.442679),  (0.799107,  0.009355)
(0.702770,  0.957849,  3.453410),  (0.799107,  0.002507)
(0.700885,  0.958213,  3.465307),  (0.799107,  0.000000)
(0.702770,  0.958577,  3.477203),  (0.846711,  0.018710)
(0.708241,  0.958906,  3.487935),  (0.846711,  0.009355)
(0.716761,  0.959167,  3.496452),  (0.846711,  0.002507)
(0.727498,  0.959334,  3.501920),  (0.846711,  0.000000)
(0.739400,  0.959392,  3.503804),  (0.901741,  0.000000)
(0.751302,  0.959334,  3.501920),  (0.901741,  0.002507)
(0.762039,  0.959167,  3.496452),  (0.901741,  0.009355)
(0.770560,  0.958906,  3.487935),  (0.901741,  0.018710)
(0.776031,  0.958577,  3.477203),  (0.561084,  0.000000)
(0.777916,  0.958213,  3.465307),  (0.561084,  0.002507)
(0.776031,  1.047671,  3.450661),  (0.561084,  0.009355)
(0.770560,  1.047343,  3.439929),  (0.561084,  0.018710)
(0.762039,  1.047082,  3.431412),  (0.608688,  0.000000)
(0.751302,  1.046915,  3.425944),  (0.608688,  0.002507)
(0.739400,  1.046857,  3.424059),  (0.608688,  0.009355)
(0.727498,  1.046915,  3.425944),  (0.608688,  0.018710)
(0.716761,  1.047082,  3.431412),  (0.656293,  0.000000)
(0.708241,  1.047343,  3.439929),  (0.656293,  0.002507)
(0.702770,  1.047671,  3.450661),  (0.656293,  0.009355)
(0.700885,  1.048035,  3.462557),  (0.656293,  0.018710)
(0.702770,  1.048400,  3.474453),  (0.703897,  0.000000)
(0.708241,  1.048728,  3.485185),  (0.703897,  0.002507)
(0.716761,  1.048989,  3.493702),  (0.703897,  0.009355)
(0.727498,  1.049156,  3.499170),  (0.703897,  0.018710)
(0.739400,  1.049214,  3.501054),  (0.751502,  0.000000)
(0.751302,  1.049156,  3.499170),  (0.751502,  0.002507)
(0.762039,  1.048989,  3.493702),  (0.751502,  0.009355)
(0.770560,  1.048728,  3.485185),  (0.751502,  0.018710)
(0.776031,  1.048400,  3.474453),  (0.799107,  0.000000)
(0.777916,  1.048035,  3.462557),  (0.799107,  0.002507)
(0.776031,  1.137493,  3.447911),  (0.799107,  0.009355)
(0.770560,  1.137165,  3.437179),  (0.799107,  0.018710)
(0.762039,  1.136904,  3.428663),  (0.846711,  0.000000)
(0.751302,  1.136737,  3.423194),  (0.846711,  0.002507)
(0.739400,  1.136679,  3.421310),  (0.846711,  0.009355)
(0.727498,  1.136737,  3.423194),  (0.846711,  0.018710)
(0.716761,  1.136904,  3.428662),  (0.901741,  0.018710)
(0.708241,  1.137165,  3.437179),  (0.901741,  0.009355)
(0.702770,  1.137493,  3.447911),  (0.901741,  0.002507)
(0.700885,  1.137857,  3.459807),  (0.901741,  0.000000)
(0.702770,  1.138222,  3.471704),  (0.561084,  0.981290)
(0.708241,  1.138550,  3.482436),  (0.561084,  0.990645)
(0.716761,  1.138811,  3.490952),  (0.561084,  0.997493)
(0.727498,  1.138978,  3.496421),  (0.561084,  1.000000)
(0.739400,  1.139036,  3.498305),  (0.608688,  0.981290)
(0.751302,  1.138978,  3.496420),  (0.608688,  0.990645)
(0.762039,  1.138811,  3.490952),  (0.608688,  0.997493)
(0.770560,  1.138550,  3.482435),  (0.608688,  1.000000)
(0.776031,  1.138222,  3.471704),  (0.656293,  0.981290)
(0.777916,  1.137857,  3.459807),  (0.656293,  0.990645)
(0.776031,  1.227315,  3.445161),  (0.656293,  0.997493)
(0.770560,  1.226987,  3.434429),  (0.656293,  1.000000)
(0.762039,  1.226726,  3.425913),  (0.703897,  0.981290)
(0.751302,  1.226559,  3.420444),  (0.703897,  0.990645)
(0.739400,  1.226501,  3.418560),  (0.703897,  0.997493)
(0.727498,  1.226559,  3.420444),  (0.703897,  1.000000)
(0.716761,  1.226726,  3.425913),  (0.751502,  0.981290)
(0.708241,  1.226987,  3.434429),  (0.751502,  0.990645)
(0.702770,  1.227315,  3.445161),  (0.751502,  0.997493)
(0.700885,  1.227680,  3.457058),  (0.751502,  1.000000)
(0.702770,  1.228044,  3.468954),  (0.799107,  0.981290)
(0.708241,  1.228372,  3.479686),  (0.799107,  0.990645)
(0.716761,  1.228633,  3.488203),  (0.799107,  0.997493)
(0.727498,  1.228800,  3.493671),  (0.799107,  1.000000)
(0.739400,  1.228858,  3.495555),  (0.846711,  0.981290)
(0.751302,  1.228800,  3.493671),  (0.846711,  0.990645)
(0.762039,  1.228633,  3.488203),  (0.846711,  0.997493)
(0.770560,  1.228372,  3.479686),  (0.846711,  1.000000)
(0.776031,  1.228044,  3.468954),  (0.901741,  1.000000)
(0.777916,  1.227680,  3.457058),  (0.901741,  0.997493)
(0.776031,  1.317137,  3.442412),  (0.901741,  0.990645)
(0.770560,  1.316809,  3.431680),  (0.901741,  0.981290)
(0.762039,  1.316548,  3.423163),  (0.998453,  1.000000)
(0.751302,  1.316381,  3.417695),  (0.999135,  0.997493)
(0.739400,  1.316323,  3.415811),  (0.999635,  0.990644)
(0.727498,  1.316381,  3.417695),  (0.999818,  0.981288)
(0.716761,  1.316548,  3.423163),  (0.999818,  0.018712)
(0.708241,  1.316809,  3.431679),  (0.999635,  0.009356)
(0.702770,  1.317137,  3.442411),  (0.999135,  0.002507)
(0.700885,  1.317502,  3.454308),  (0.998453,  0.000000)
(0.702770,  1.317866,  3.466204),  (1.000000,  0.981290)
(0.708241,  1.318194,  3.476936),  (0.999816,  0.990645)
(0.716761,  1.318455,  3.485453),  (0.999314,  0.997493)
(0.727498,  1.318622,  3.490921),  (0.998627,  1.000000)
(0.739400,  1.318680,  3.492805),  (0.979725,  0.018710)
(0.751302,  1.318622,  3.490921),  (0.979701,  0.009355)
(0.762039,  1.318455,  3.485453),  (0.979634,  0.002507)
(0.770560,  1.318194,  3.476936),  (0.979542,  0.000000)
(0.776031,  1.317866,  3.466204),  (1.000000,  0.018710)
(0.777916,  1.317502,  3.454308),  (0.999816,  0.009355)
(0.776031,  1.406960,  3.439662),  (0.999314,  0.002507)
(0.770560,  1.406631,  3.428930),  (0.998627,  0.000000)
(0.762039,  1.406370,  3.420413),  (0.990161,  0.981290)
(0.751302,  1.406203,  3.414945),  (0.990064,  0.990645)
(0.739400,  1.406145,  3.413061),  (0.989798,  0.997493)
(0.727498,  1.406203,  3.414945),  (0.989434,  1.000000)
(0.716761,  1.406370,  3.420413),  (0.997630,  0.981290)
(0.708241,  1.406631,  3.428930),  (0.997463,  0.990645)
(0.702770,  1.406960,  3.439662),  (0.997006,  0.997493)
(0.700885,  1.407324,  3.451558),  (0.996381,  1.000000)
(0.702770,  1.407688,  3.463455),  (0.990161,  0.018710)
(0.708241,  1.408017,  3.474186),  (0.990064,  0.009355)
(0.716761,  1.408277,  3.482703),  (0.989798,  0.002507)
(0.727498,  1.408445,  3.488172),  (0.989434,  0.000000)
(0.739400,  1.408502,  3.490056),  (0.997630,  0.018710)
(0.751302,  1.408445,  3.488172),  (0.997463,  0.009355)
(0.762039,  1.408277,  3.482703),  (0.997006,  0.002507)
(0.770560,  1.408017,  3.474186),  (0.996381,  0.000000)
(0.776031,  1.407688,  3.463454),  (0.937078,  0.000000)
(0.777916,  1.407324,  3.451558),  (0.936983,  0.002507)
(0.776031,  1.496782,  3.436912),  (0.936914,  0.009355)
(0.770560,  1.496453,  3.426180),  (0.936889,  0.018710)
(0.762039,  1.496192,  3.417664),  (0.951780,  0.000000)
(0.751302,  1.496025,  3.412195),  (0.951094,  0.002507)
(0.739400,  1.495967,  3.410311),  (0.950592,  0.009355)
(0.727498,  1.496025,  3.412195),  (0.950408,  0.018710)
(0.716761,  1.496192,  3.417664),  (0.937078,  1.000000)
(0.708241,  1.496453,  3.426180),  (0.936983,  0.997493)
(0.702770,  1.496782,  3.436912),  (0.936914,  0.990645)
(0.700885,  1.497146,  3.448809),  (0.936889,  0.981290)
(0.702770,  1.497510,  3.460705),  (0.950408,  0.981290)
(0.708241,  1.497839,  3.471437),  (0.950592,  0.990645)
(0.716761,  1.498099,  3.479954),  (0.951094,  0.997493)
(0.727498,  1.498267,  3.485422),  (0.951780,  1.000000)
(0.739400,  1.498324,  3.487306),  (0.943864,  0.018710)
(0.751302,  1.498267,  3.485422),  (0.943962,  0.009355)
(0.762039,  1.498099,  3.479954),  (0.944230,  0.002507)
(0.770560,  1.497839,  3.471437),  (0.944595,  0.000000)
(0.776031,  1.497510,  3.460705),  (0.948843,  0.018710)
(0.777916,  1.497146,  3.448809),  (0.949010,  0.009355)
(0.776031,  1.586604,  3.434163),  (0.949468,  0.002507)
(0.770560,  1.586275,  3.423430),  (0.950094,  0.000000)
(0.762039,  1.586015,  3.414914),  (0.943864,  0.981290)
(0.751302,  1.585847,  3.409446),  (0.943962,  0.990645)
(0.739400,  1.585790,  3.407561),  (0.944230,  0.997493)
(0.727498,  1.585847,  3.409446),  (0.944595,  1.000000)
(0.716761,  1.586015,  3.414914),  (0.948843,  0.981290)
(0.708241,  1.586275,  3.423431),  (0.949010,  0.990645)
(0.702770,  1.586604,  3.434163),  (0.949468,  0.997493)
(0.700885,  1.586968,  3.446059),  (0.950094,  1.000000)
(0.702770,  1.587332,  3.457955),  (0.865216,  0.165303)
(0.708241,  1.587661,  3.468687),  (0.865216,  0.205781)
(0.716761,  1.587922,  3.477204),  (0.865216,  0.246259)
(0.727498,  1.588089,  3.482672),  (0.865216,  0.286737)
(0.739400,  1.588147,  3.484556),  (0.865216,  0.327215)
(0.751302,  1.588089,  3.482672),  (0.865216,  0.367693)
(0.762039,  1.587922,  3.477204),  (0.865216,  0.408171)
(0.770560,  1.587661,  3.468687),  (0.865216,  0.448649)
(0.776031,  1.587332,  3.457955),  (0.865216,  0.489127)
(0.777916,  1.586968,  3.446059),  (0.865216,  0.529606)
(0.776031,  1.676426,  3.431413),  (0.865216,  0.570084)
(0.770560,  1.676097,  3.420681),  (0.865216,  0.610562)
(0.762039,  1.675837,  3.412164),  (0.865216,  0.651040)
(0.751302,  1.675669,  3.406696),  (0.865216,  0.691518)
(0.739400,  1.675612,  3.404812),  (0.865216,  0.731996)
(0.727498,  1.675669,  3.406696),  (0.865216,  0.772474)
(0.716761,  1.675837,  3.412164),  (0.865216,  0.812952)
(0.708241,  1.676097,  3.420681),  (0.865216,  0.853430)
(0.702770,  1.676426,  3.431413),  (0.865216,  0.893908)
(0.700885,  1.676790,  3.443309),  (0.889564,  0.934387)
(0.702770,  1.677154,  3.455205),  (0.889564,  0.165303)
(0.708241,  1.677483,  3.465938),  (0.889564,  0.205781)
(0.716761,  1.677744,  3.474454),  (0.889564,  0.246259)
(0.727498,  1.677911,  3.479923),  (0.889564,  0.286737)
(0.739400,  1.677969,  3.481807),  (0.889564,  0.327215)
(0.751302,  1.677911,  3.479922),  (0.889564,  0.367693)
(0.762039,  1.677744,  3.474454),  (0.889564,  0.408171)
(0.770560,  1.677483,  3.465937),  (0.889564,  0.448649)
(0.776031,  1.677154,  3.455205),  (0.889564,  0.489127)
(0.777916,  1.676790,  3.443309),  (0.889564,  0.529606)
(0.776031,  1.766248,  3.428663),  (0.889564,  0.570084)
(0.770560,  1.765920,  3.417931),  (0.889564,  0.610562)
(0.762039,  1.765659,  3.409415),  (0.889564,  0.651040)
(0.751302,  1.765491,  3.403946),  (0.889564,  0.691518)
(0.739400,  1.765434,  3.402062),  (0.889564,  0.731996)
(0.727498,  1.765491,  3.403946),  (0.889564,  0.772474)
(0.716761,  1.765659,  3.409415),  (0.889564,  0.812952)
(0.708241,  1.765920,  3.417931),  (0.889564,  0.853430)
(0.702770,  1.766248,  3.428663),  (0.889564,  0.893908)
(0.700885,  1.766612,  3.440560),  (0.913911,  0.934387)
(0.702770,  1.766976,  3.452456),  (0.913911,  0.165303)
(0.708241,  1.767305,  3.463188),  (0.913911,  0.205781)
(0.716761,  1.767566,  3.471705),  (0.913911,  0.246259)
(0.727498,  1.767733,  3.477173),  (0.913911,  0.286737)
(0.739400,  1.767791,  3.479057),  (0.913911,  0.327215)
(0.751302,  1.767733,  3.477173),  (0.913911,  0.367693)
(0.762039,  1.767566,  3.471704),  (0.913911,  0.408171)
(0.770560,  1.767305,  3.463188),  (0.913911,  0.448649)
(0.776031,  1.766976,  3.452456),  (0.913911,  0.489127)
(0.777916,  1.766612,  3.440560),  (0.913911,  0.529606)
(0.776031,  1.856070,  3.425914),  (0.913911,  0.570084)
(0.770560,  1.855742,  3.415182),  (0.913911,  0.610562)
(0.762039,  1.855481,  3.406665),  (0.913911,  0.651040)
(0.751302,  1.855314,  3.401196),  (0.913911,  0.691518)
(0.739400,  1.855256,  3.399312),  (0.913911,  0.731996)
(0.727498,  1.855314,  3.401196),  (0.913911,  0.772474)
(0.716761,  1.855481,  3.406665),  (0.913911,  0.812952)
(0.708241,  1.855742,  3.415181),  (0.913911,  0.853430)
(0.702770,  1.856070,  3.425913),  (0.913911,  0.893908)
(0.700885,  1.856434,  3.437810),  (0.938259,  0.934387)
(0.702770,  1.856799,  3.449706),  (0.938259,  0.165303)
(0.708241,  1.857127,  3.460438),  (0.938259,  0.205781)
(0.716761,  1.857388,  3.468955),  (0.938259,  0.246259)
(0.727498,  1.857555,  3.474423),  (0.938259,  0.286737)
(0.739400,  1.857613,  3.476307),  (0.938259,  0.327215)
(0.751302,  1.857555,  3.474423),  (0.938259,  0.367693)
(0.762039,  1.857388,  3.468955),  (0.938259,  0.408171)
(0.770560,  1.857127,  3.460438),  (0.938259,  0.448649)
(0.776031,  1.856799,  3.449706),  (0.938259,  0.489127)
(0.777916,  1.856434,  3.437810),  (0.938259,  0.529606)
(0.776031,  1.945892,  3.423164),  (0.938259,  0.570084)
(0.770560,  1.945564,  3.412432),  (0.938259,  0.610562)
(0.762039,  1.945303,  3.403915),  (0.938259,  0.651040)
(0.751302,  1.945136,  3.398447),  (0.938259,  0.691518)
(0.739400,  1.945078,  3.396563),  (0.938259,  0.731996)
(0.727498,  1.945136,  3.398447),  (0.938259,  0.772474)
(0.716761,  1.945303,  3.403915),  (0.938259,  0.812952)
(0.708241,  1.945564,  3.412432),  (0.938259,  0.853430)
(0.702770,  1.945892,  3.423164),  (0.938259,  0.893908)
(0.700885,  1.946257,  3.435060),  (0.962607,  0.934387)
(0.702770,  1.946621,  3.446957),  (0.962607,  0.165303)
(0.708241,  1.946949,  3.457688),  (0.962607,  0.205781)
(0.716761,  1.947210,  3.466205),  (0.962607,  0.246259)
(0.727498,  1.947377,  3.471673),  (0.962607,  0.286737)
(0.739400,  1.947435,  3.473557),  (0.962607,  0.327215)
(0.751302,  1.947377,  3.471673),  (0.962607,  0.367693)
(0.762039,  1.947210,  3.466205),  (0.962607,  0.408171)
(0.770560,  1.946949,  3.457688),  (0.962607,  0.448649)
(0.776031,  1.946621,  3.446956),  (0.962607,  0.489127)
(0.777916,  1.946257,  3.435060),  (0.962607,  0.529606)
(0.776031,  2.035714,  3.420414),  (0.962607,  0.570084)
(0.770560,  2.035386,  3.409682),  (0.962607,  0.610562)
(0.762039,  2.035125,  3.401165),  (0.962607,  0.651040)
(0.751302,  2.034958,  3.395697),  (0.962607,  0.691518)
(0.739400,  2.034900,  3.393813),  (0.962607,  0.731996)
(0.727498,  2.034958,  3.395697),  (0.962607,  0.772474)
(0.716761,  2.035125,  3.401165),  (0.962607,  0.812952)
(0.708241,  2.035386,  3.409682),  (0.962607,  0.853430)
(0.702770,  2.035714,  3.420414),  (0.962607,  0.893908)
(0.700885,  2.036078,  3.432310),  (0.986954,  0.934387)
(0.702770,  2.036443,  3.444207),  (0.986954,  0.165303)
(0.708241,  2.036771,  3.454939),  (0.986954,  0.205781)
(0.716761,  2.037032,  3.463456),  (0.986954,  0.246259)
(0.727498,  2.037199,  3.468924),  (0.986954,  0.286737)
(0.739400,  2.037257,  3.470808),  (0.986954,  0.327215)
(0.751302,  2.037199,  3.468924),  (0.986954,  0.367693)
(0.762039,  2.037032,  3.463456),  (0.986954,  0.408171)
(0.770560,  2.036771,  3.454939),  (0.986954,  0.448649)
(0.776031,  2.036443,  3.444207),  (0.986954,  0.489127)
(0.777916,  2.036078,  3.432310),  (0.986954,  0.529606)
(0.739400,  0.598925,  3.476305),  (0.986954,  0.570084)
(0.739400,  2.036078,  3.432310),  (0.986954,  0.610562)
(-0.738277,  -0.500000,  -1.901927),  (0.986954,  0.651040)
(0.500000,  -0.500000,  -1.902429),  (0.986954,  0.691518)
(-0.738277,  0.500000,  -1.901927),  (0.986954,  0.731996)
(0.500000,  0.500000,  -1.902429),  (0.986954,  0.772474)
(0.495282,  0.500000,  -2.672884),  (0.986954,  0.812952)
(0.495282,  -0.500000,  -2.672884),  (0.986954,  0.853430)
(0.000000,  0.000000,  -1.902429),  (0.986954,  0.893908)
