(-1.683922,  -4.527827,  -12.613571),  (0.909961,  0.770881)
(1.683922,  -4.527827,  -12.613571),  (0.955151,  0.770880)
(-1.683922,  4.527822,  -12.613571),  (0.909960,  0.761243)
(1.683922,  4.527822,  -12.613571),  (0.955151,  0.761243)
(-1.683922,  -4.527827,  32.693542),  (0.909960,  0.750534)
(1.683922,  -4.527827,  32.693542),  (0.955151,  0.750534)
(-1.683922,  4.527822,  32.693542),  (0.909960,  0.740896)
(1.683922,  4.527822,  32.693542),  (0.955151,  0.740896)
(-1.683922,  -4.527827,  -16.113571),  (0.180005,  0.018351)
(1.683922,  -4.527827,  -16.113571),  (0.389521,  0.029858)
(-1.683922,  3.713729,  -16.113571),  (0.418625,  0.042983)
(1.683922,  3.713729,  -16.113571),  (0.209109,  0.031476)
(-1.683922,  -4.896358,  -19.613571),  (0.195984,  0.060579)
(1.683922,  -4.896358,  -19.613571),  (0.222234,  0.002372)
(-1.683922,  2.810477,  -19.613571),  (0.197911,  0.026426)
(1.683922,  2.810477,  -19.613571),  (0.198097,  0.002373)
(-1.683922,  -5.723849,  -24.813572),  (0.378324,  0.024808)
(1.683922,  -5.723849,  -24.813572),  (0.180006,  0.042488)
(-1.683922,  2.377731,  -24.813572),  (0.384471,  0.041056)
(1.683922,  2.377731,  -24.813572),  (0.400719,  0.034908)
(-1.383922,  -4.227827,  -24.913574),  (0.394571,  0.018661)
(1.383922,  -4.227827,  -24.913574),  (0.238212,  0.020464)
(-1.383922,  1.255351,  -24.913574),  (0.220306,  0.036526)
(1.383922,  1.255351,  -24.913574),  (0.220120,  0.060579)
(-1.383922,  -4.227827,  -36.213577),  (0.214159,  0.020279)
(1.383922,  -4.227827,  -36.213577),  (0.204059,  0.042673)
(-1.383922,  1.255351,  -36.213577),  (0.194358,  0.037058)
(1.383922,  1.255351,  -36.213577),  (0.383940,  0.015107)
(-0.803682,  -4.727827,  -29.321793),  (0.404272,  0.024277)
(0.803682,  -4.727827,  -29.321793),  (0.214690,  0.046227)
(-0.803682,  -4.727827,  -36.238358),  (0.203527,  0.016725)
(0.803682,  -4.727827,  -36.238358),  (0.374770,  0.035440)
(-0.803682,  -7.827827,  -32.197670),  (0.395103,  0.044610)
(0.803682,  -7.827827,  -32.197670),  (0.223860,  0.025895)
(-0.803682,  -7.827827,  -36.238358),  (0.813798,  0.614385)
(0.803682,  -7.827827,  -36.238358),  (0.813799,  0.658612)
(-0.803682,  -10.427828,  -33.505737),  (0.810419,  0.614385)
(0.803682,  -10.427828,  -33.505737),  (0.810420,  0.658612)
(-0.803682,  -10.427828,  -36.238358),  (0.807041,  0.614385)
(0.803682,  -10.427828,  -36.238358),  (0.807041,  0.658612)
(-0.904762,  1.355351,  -29.748459),  (0.823935,  0.614386)
(0.904762,  1.355351,  -29.748459),  (0.823936,  0.658612)
(-0.904762,  1.355351,  -36.214218),  (0.820556,  0.614386)
(0.904762,  1.355351,  -36.214218),  (0.820557,  0.658612)
(-0.904762,  2.155351,  -32.409096),  (0.817177,  0.614386)
(0.904762,  2.155351,  -32.409096),  (0.817178,  0.658612)
(-0.904762,  2.155351,  -36.214218),  (0.966799,  0.734936)
(0.904762,  2.155351,  -36.214218),  (0.966799,  0.779162)
(-1.683922,  -4.627827,  -10.446342),  (0.963420,  0.734936)
(1.683922,  -4.627827,  -10.446342),  (0.963420,  0.779162)
(-1.683922,  -4.627827,  12.228969),  (0.960041,  0.734936)
(1.683922,  -4.627827,  12.228969),  (0.960041,  0.779163)
(-1.683922,  -5.927827,  -10.087667),  (0.976936,  0.734936)
(1.683922,  -5.927827,  -10.087667),  (0.976936,  0.779162)
(-1.683922,  -5.927827,  11.922389),  (0.973557,  0.734936)
(1.683922,  -5.927827,  11.922389),  (0.973557,  0.779162)
(-1.464353,  5.027822,  -5.400169),  (0.970178,  0.734936)
(1.464353,  5.027822,  -5.400169),  (0.970178,  0.779162)
(-1.464353,  5.027822,  5.577845),  (0.304340,  0.171535)
(1.464353,  5.027822,  5.577845),  (0.343639,  0.218538)
(-1.464353,  7.927822,  -5.400169),  (0.280891,  0.947863)
(1.464353,  7.927822,  -5.400169),  (0.282189,  0.930530)
(-1.464353,  7.927822,  5.577845),  (0.222224,  0.930928)
(1.464353,  7.927822,  5.577845),  (0.252994,  0.908067)
(-2.883922,  -1.980225,  -12.613571),  (0.462384,  0.206673)
(2.883922,  -1.980225,  -12.613571),  (0.009576,  0.091903)
(-2.883922,  1.980220,  -12.613571),  (0.481433,  0.182399)
(2.883922,  1.980220,  -12.613571),  (0.342746,  0.264297)
(-2.883922,  -1.980225,  32.693542),  (0.319058,  0.944268)
(2.883922,  -1.980225,  32.693542),  (0.317299,  0.932260)
(-2.883922,  1.980220,  32.693542),  (0.745963,  0.233501)
(2.883922,  1.980220,  32.693542),  (0.770537,  0.290054)
(-1.403358,  -13.594807,  -11.562099),  (0.773189,  0.317262)
(1.403358,  -13.594807,  -11.562099),  (0.033826,  0.053877)
(-1.403358,  -2.450671,  -6.464943),  (0.485024,  0.134548)
(1.403358,  -2.450671,  -6.464943),  (0.016082,  0.070562)
(-1.403358,  -15.684132,  -6.078583),  (0.488218,  0.161760)
(1.403358,  -15.684132,  -6.078583),  (0.750844,  0.391795)
(-1.403358,  -4.077922,  -1.855457),  (0.056267,  0.062933)
(1.403358,  -4.077922,  -1.855457),  (0.462044,  0.117823)
(-0.816880,  -9.214228,  -4.377831),  (0.767496,  0.355242)
(0.816880,  -9.214228,  -4.377831),  (0.490850,  0.440458)
(-0.816880,  -8.718605,  -4.377831),  (0.527703,  0.438262)
(0.816880,  -8.718605,  -4.377831),  (0.489503,  0.574640)
(-0.816880,  -9.214228,  4.964367),  (0.523840,  0.565502)
(0.816880,  -9.214228,  4.964367),  (0.311710,  0.726236)
(-0.816880,  -8.718605,  4.964367),  (0.347382,  0.714717)
(0.816880,  -8.718605,  4.964367),  (0.480884,  0.438517)
(-1.403358,  -19.470884,  4.289785),  (0.470676,  0.582075)
(1.403358,  -19.470884,  4.289785),  (0.427672,  0.470480)
(-1.403358,  -2.354511,  4.289785),  (0.435431,  0.582903)
(1.403358,  -2.354511,  4.289785),  (0.411338,  0.481149)
(-1.403358,  -19.470884,  11.443741),  (0.415840,  0.572194)
(1.403358,  -19.470884,  11.443741),  (0.361762,  0.492237)
(-1.403358,  -2.354511,  11.443741),  (0.382396,  0.566161)
(1.403358,  -2.354511,  11.443741),  (0.542944,  0.566836)
(-2.945894,  3.634928,  -5.257786),  (0.552949,  0.468959)
(2.945894,  3.634928,  -5.257786),  (0.597911,  0.473296)
(-2.443840,  9.084046,  -3.428795),  (0.584669,  0.566918)
(2.443840,  9.084046,  -3.428795),  (0.737565,  0.078794)
(-2.945894,  3.634928,  5.396317),  (0.707180,  0.079016)
(2.945894,  3.634928,  5.396317),  (0.759757,  0.069455)
(-2.443840,  9.084046,  1.685287),  (0.759355,  0.035312)
(2.443840,  9.084046,  1.685287),  (0.737206,  0.023308)
(-1.241152,  -1.334914,  32.667671),  (0.707168,  0.020849)
(1.241152,  -1.334914,  32.667671),  (0.698001,  0.066243)
(-1.241152,  1.334910,  32.667671),  (0.698001,  0.032583)
(1.241152,  1.334910,  32.667671),  (0.217533,  0.394069)
(-1.241152,  -1.334915,  36.977676),  (0.212711,  0.360627)
(1.241152,  -1.334915,  36.977676),  (0.223802,  0.413928)
(1.241152,  1.334909,  36.977676),  (0.225074,  0.448458)
(-1.241152,  1.334909,  36.977676),  (0.218636,  0.468944)
(-0.645344,  -0.694097,  36.955776),  (0.216932,  0.502251)
(0.645344,  -0.694097,  36.955776),  (0.215378,  0.344916)
(-0.645344,  0.694092,  36.955776),  (0.216674,  0.313238)
(0.645344,  0.694092,  36.955776),  (0.963248,  0.921726)
(-0.645344,  -0.694098,  51.278435),  (0.983707,  0.921003)
(0.645344,  -0.694098,  51.278435),  (0.952699,  0.927618)
(0.645344,  0.694091,  51.278435),  (0.953898,  0.947252)
(-0.645344,  0.694091,  51.278435),  (0.964172,  0.953652)
(-0.851241,  -0.903262,  47.311119),  (0.984277,  0.954117)
(0.851241,  -0.903262,  47.311119),  (0.990053,  0.927918)
(-0.851241,  0.927830,  47.311119),  (0.990053,  0.947271)
(0.851241,  0.927830,  47.311119),  (0.236833,  0.344143)
(-0.851241,  -0.903262,  50.828060),  (0.245559,  0.506559)
(0.851241,  -0.903262,  50.828060),  (0.241337,  0.320718)
(0.851241,  2.897184,  50.828060),  (0.234494,  0.463827)
(-0.851241,  2.897184,  50.828060),  (0.226006,  0.395914)
(-0.851241,  -0.903262,  48.806965),  (0.233961,  0.355825)
(-0.851241,  2.897184,  48.806965),  (0.294616,  0.722038)
(0.851241,  2.897184,  48.806965),  (0.268550,  0.662742)
(0.851241,  -0.903262,  48.806965),  (0.268550,  0.643417)
(-1.000000,  -4.182415,  -1.000000),  (0.314866,  0.625919)
(-1.000000,  -4.182415,  1.000000),  (0.352682,  0.665992)
(-1.000000,  5.235590,  -1.000000),  (0.337336,  0.635790)
(-1.000000,  5.235590,  1.000000),  (0.036216,  0.028806)
(1.000000,  -4.182415,  -1.000000),  (0.572098,  0.073115)
(1.000000,  -4.182415,  1.000000),  (0.579023,  0.070852)
(1.000000,  5.235590,  -1.000000),  (0.039239,  0.025855)
(1.000000,  5.235590,  1.000000),  (0.091370,  0.029650)
(-0.153557,  -4.182415,  -0.666738),  (0.076030,  0.024823)
(-0.153557,  -4.182415,  0.666738),  (0.084547,  0.048621)
(0.153557,  -4.182415,  0.666738),  (0.057803,  0.024901)
(0.153557,  -4.182415,  -0.666738),  (0.057774,  0.041700)
(-0.153557,  -28.600122,  -0.666739),  (0.047091,  0.028319)
(-0.153557,  -28.600122,  0.666739),  (0.033320,  0.027114)
(0.153557,  -28.600122,  0.666739),  (0.034435,  0.022694)
(0.153557,  -28.600122,  -0.666739),  (0.036550,  0.005058)
(-1.000000,  -28.598610,  1.000000),  (0.579325,  0.137000)
(-1.000000,  -28.598610,  -1.000000),  (0.572286,  0.153273)
(-1.000000,  -35.604958,  1.000000),  (0.046085,  0.011356)
(-1.000000,  -35.604958,  -1.000000),  (0.052063,  0.017526)
(1.000000,  -35.604958,  -1.000000),  (0.051023,  0.021071)
(1.000000,  -35.604958,  1.000000),  (0.044434,  0.022291)
(1.000000,  -28.598610,  -1.000000),  (0.041309,  0.021832)
(1.000000,  -28.598610,  1.000000),  (0.075067,  0.019376)
(-0.180296,  -30.284401,  2.994660),  (0.050851,  0.014336)
(-0.180296,  -35.243443,  2.994660),  (0.035848,  0.017687)
(0.180296,  -35.243443,  2.994660),  (0.041530,  0.011388)
(0.180296,  -30.284401,  2.994660),  (0.041668,  0.005240)
(0.180296,  -35.243443,  -3.182049),  (0.586371,  0.140423)
(0.180296,  -30.284401,  -3.182049),  (0.581717,  0.147777)
(-0.180296,  -30.284401,  -3.182049),  (0.578617,  0.144529)
(-0.180296,  -35.243443,  -3.182049),  (0.099519,  0.010696)
(-0.929968,  -30.284401,  -0.093695),  (0.109506,  0.010511)
(-0.929968,  -35.243443,  -0.093695),  (0.115967,  0.013908)
(0.929968,  -35.243443,  -0.093695),  (0.119684,  0.022832)
(0.929968,  -30.284401,  -0.093695),  (0.121755,  0.029267)
(0.000000,  -30.284401,  2.994660),  (0.112774,  0.052366)
(0.000000,  -35.243443,  2.994660),  (0.110654,  0.037660)
(0.000000,  -30.284401,  -3.182049),  (0.606940,  0.151267)
(0.000000,  -35.243443,  -3.182049),  (0.619270,  0.157080)
(0.000000,  -30.284401,  -0.093695),  (0.654734,  0.174635)
(0.000000,  -35.243443,  -0.093695),  (0.643154,  0.168784)
(0.180296,  -32.005257,  2.776860),  (0.631684,  0.163483)
(0.180296,  -33.522591,  2.776860),  (0.595527,  0.145148)
(-0.180296,  -32.005257,  2.776860),  (0.591612,  0.155494)
(-0.180296,  -33.522591,  2.776860),  (0.037302,  0.037638)
(0.180296,  -33.522591,  -2.964249),  (0.042795,  0.037909)
(0.180296,  -32.005257,  -2.964249),  (0.087972,  0.026687)
(-0.180296,  -33.522591,  -2.964249),  (0.078160,  0.041893)
(-0.180296,  -32.005257,  -2.964249),  (0.052234,  0.034867)
(0.929968,  -33.523003,  -0.093695),  (0.086712,  0.011265)
(0.929968,  -32.004845,  -0.093695),  (0.081548,  0.018517)
(-0.929968,  -32.004845,  -0.093695),  (0.604677,  0.162983)
(-0.929968,  -33.523003,  -0.093695),  (0.616644,  0.167434)
(0.000000,  -32.005257,  -2.964249),  (0.648991,  0.182952)
(0.000000,  -33.522591,  -2.964249),  (0.627189,  0.171991)
(0.000000,  -33.522591,  2.776860),  (0.638388,  0.177342)
(0.000000,  -32.005257,  2.776860),  (0.033157,  0.032287)
(0.020891,  1.638726,  -0.031723),  (0.119074,  0.034728)
(0.020891,  1.740180,  0.040181),  (0.658043,  0.193051)
(0.032508,  1.624942,  -0.012273),  (0.035940,  0.013946)
(0.032508,  1.726395,  0.059630),  (0.665923,  0.181387)
(0.032508,  1.607903,  0.011768),  (0.059070,  0.043627)
(0.032508,  1.709355,  0.083672),  (0.616119,  0.060417)
(0.020891,  1.594118,  0.031218),  (0.047236,  0.052366)
(0.020891,  1.695570,  0.103122),  (0.673437,  0.186869)
(0.181952,  1.558712,  -0.039770),  (0.330262,  0.532891)
(0.244000,  1.558712,  -0.101817),  (0.348410,  0.553187)
(0.306047,  1.558712,  -0.039770),  (0.344289,  0.592516)
(0.244000,  1.558712,  0.022278),  (0.334100,  0.624409)
(0.244000,  1.496665,  -0.039770),  (0.043632,  0.181692)
(0.244000,  1.620759,  -0.039770),  (0.062476,  0.179439)
(0.200126,  1.558712,  0.004104),  (0.282590,  0.121185)
(0.200126,  1.602586,  -0.039770),  (0.307184,  0.125625)
(0.200126,  1.558712,  -0.083644),  (0.340227,  0.592941)
(0.200126,  1.514838,  -0.039770),  (0.284903,  0.159653)
(0.244000,  1.602586,  -0.083644),  (0.301890,  0.161468)
(0.287874,  1.558712,  -0.083644),  (0.329988,  0.623730)
(0.244000,  1.514838,  -0.083644),  (0.443788,  0.942692)
(0.287874,  1.602586,  -0.039770),  (0.455876,  0.885878)
(0.287874,  1.558712,  0.004104),  (0.454179,  0.609550)
(0.287874,  1.514838,  -0.039770),  (0.806949,  0.585778)
(0.244000,  1.602586,  0.004104),  (0.822688,  0.506400)
(0.244000,  1.514838,  0.004104),  (0.459825,  0.836850)
(0.208177,  1.522889,  -0.003947),  (0.860797,  0.506400)
(0.208177,  1.522889,  -0.075593),  (0.465536,  0.790704)
(0.279823,  1.522889,  -0.075593),  (0.887242,  0.527016)
(0.279823,  1.522889,  -0.003947),  (0.461805,  0.744940)
(0.208177,  1.594535,  -0.003947),  (0.476848,  0.733306)
(0.208177,  1.594535,  -0.075593),  (0.020440,  0.408447)
(0.279823,  1.594535,  -0.075593),  (0.047788,  0.354382)
(0.279823,  1.594535,  -0.003947),  (0.131598,  0.454630)
(0.041233,  1.715613,  0.062205),  (0.144947,  0.428172)
(0.061088,  1.610137,  0.004833),  (0.889694,  0.776568)
(0.032945,  1.716313,  0.058049),  (0.845107,  0.779163)
(0.052800,  1.610837,  0.000678),  (0.889620,  0.677997)
(0.032205,  1.720634,  0.049849),  (0.940250,  0.188147)
(0.052060,  1.615158,  -0.007522),  (0.027069,  0.286216)
(0.039754,  1.724255,  0.045805),  (0.071030,  0.327910)
(0.059609,  1.618779,  -0.011567),  (0.177684,  0.435787)
(0.048043,  1.723554,  0.049961),  (0.154927,  0.416805)
(0.067898,  1.618079,  -0.007411),  (0.769751,  0.504448)
(0.048782,  1.719234,  0.058161),  (0.766580,  0.465528)
(0.068637,  1.613758,  0.000789),  (0.776372,  0.534485)
(0.022404,  1.694110,  0.123379),  (0.789138,  0.571380)
(0.038088,  1.588158,  0.065595),  (0.670187,  0.520335)
(0.014534,  1.695532,  0.118635),  (0.666063,  0.472515)
(0.030219,  1.589580,  0.060852),  (0.679513,  0.562644)
(0.014760,  1.700008,  0.110489),  (0.695241,  0.608039)
(0.030445,  1.594056,  0.052705),  (0.948401,  0.090723)
(0.022856,  1.703062,  0.107086),  (0.918610,  0.317490)
(0.038541,  1.597111,  0.049302),  (0.930925,  0.043252)
(0.030726,  1.701640,  0.111829),  (0.901984,  0.108242)
(0.046411,  1.595688,  0.054046),  (0.904485,  0.070585)
(0.030500,  1.697164,  0.119976),  (0.910857,  0.088779)
(0.046184,  1.591212,  0.062193),  (0.928531,  0.081845)
(0.088300,  1.296118,  0.175444),  (0.921913,  0.062866)
(0.183374,  1.237437,  0.049189),  (0.928408,  0.108242)
(0.233031,  1.372352,  0.049408),  (0.962519,  0.297308)
(0.239415,  1.427824,  0.047223),  (0.948600,  0.063848)
(0.124382,  1.436696,  0.190866),  (0.944816,  0.290447)
(0.180324,  1.488150,  0.113847),  (0.938519,  0.308668)
(0.068131,  1.587869,  0.128403),  (0.955980,  0.316315)
(0.224029,  1.594543,  0.067351),  (0.884649,  0.088325)
(0.125714,  1.638150,  0.091447),  (0.904095,  0.043792)
(0.183374,  1.237437,  -0.076750),  (0.910384,  0.059561)
(0.233031,  1.372352,  -0.076531),  (0.932466,  0.069828)
(0.226870,  1.411602,  -0.075284),  (0.966503,  0.309309)
(0.120102,  1.257650,  -0.106464),  (0.944465,  0.319667)
(0.169759,  1.390121,  -0.119225),  (0.900450,  0.082395)
(0.169794,  1.444278,  -0.121576),  (0.922429,  0.092466)
(0.259603,  1.677653,  -0.017674),  (0.956373,  0.286712)
(0.157376,  1.705749,  -0.017471),  (0.934435,  0.296875)
(0.244853,  1.644763,  0.038833),  (0.749585,  0.700473)
(0.149376,  1.675322,  0.051047),  (0.729685,  0.742203)
(0.228334,  1.592829,  -0.102131),  (0.713592,  0.673809)
(0.247720,  1.643648,  -0.073681),  (0.792959,  0.711658)
(0.122173,  1.692237,  -0.085989),  (0.753990,  0.755406)
(0.198214,  1.515601,  -0.122889),  (0.704126,  0.731628)
(0.239142,  1.031502,  0.080164),  (0.807876,  0.313257)
(0.247395,  1.031502,  -0.040167),  (0.809387,  0.298854)
(0.247395,  0.631448,  0.063278),  (0.854158,  0.781061)
(0.247395,  0.665296,  -0.025970),  (0.830873,  0.781061)
(0.180014,  1.108550,  0.058505),  (0.815699,  0.325996)
(0.188267,  1.108550,  -0.044315),  (0.822689,  0.289734)
(0.216021,  1.032139,  0.098470),  (0.867271,  0.796685)
(0.218531,  0.605788,  0.107065),  (0.821340,  0.796685)
(0.082995,  0.913965,  0.108837),  (0.867271,  0.818616)
(0.115624,  0.604741,  0.104128),  (0.821340,  0.818616)
(0.045265,  0.881510,  0.090100),  (0.425787,  0.097007)
(0.080252,  0.638874,  0.063401),  (0.405924,  0.096603)
(0.045265,  0.881275,  -0.046141),  (0.399584,  0.105717)
(0.074105,  0.671714,  -0.025163),  (0.918610,  0.269401)
(0.210058,  0.665455,  -0.056435),  (0.425188,  0.106539)
(0.210063,  0.927881,  -0.104496),  (0.438008,  0.095887)
(0.085449,  0.906315,  -0.094297),  (0.932291,  0.223469)
(0.108841,  0.672998,  -0.054769),  (0.918610,  0.237149)
(0.237379,  0.562734,  0.033280),  (0.452025,  0.061312)
(0.237379,  0.598492,  -0.042303),  (0.535666,  0.009601)
(0.211036,  0.537285,  0.088487),  (0.428568,  0.064930)
(0.117115,  0.536575,  0.085849),  (0.499210,  0.045571)
(0.084833,  0.569210,  0.033903),  (0.489729,  0.031134)
(0.079223,  0.604040,  -0.041152),  (0.489729,  0.010102)
(0.203303,  0.600747,  -0.068895),  (0.329788,  0.510678)
(0.110925,  0.607218,  -0.066916),  (0.855453,  0.091964)
(0.239641,  0.449128,  -0.021166),  (0.329749,  0.522076)
(0.239641,  0.499987,  -0.096341),  (0.862603,  0.075246)
(0.215188,  0.415798,  0.013734),  (0.658071,  0.425232)
(0.128009,  0.415472,  0.010787),  (0.680751,  0.427873)
(0.098044,  0.450055,  -0.019427),  (0.650489,  0.425149)
(0.092836,  0.498421,  -0.094189),  (0.688164,  0.429464)
(0.208011,  0.506802,  -0.124496),  (0.817262,  0.081348)
(0.122263,  0.506091,  -0.121304),  (0.822210,  0.070977)
(0.237812,  0.149814,  -0.084252),  (0.811289,  0.080614)
(0.237812,  0.149814,  -0.140583),  (0.812159,  0.055046)
(0.222635,  0.149814,  -0.054669),  (0.953404,  0.161024)
(0.168525,  0.149814,  -0.056059),  (0.941900,  0.170421)
(0.149925,  0.149814,  -0.083691),  (0.999218,  0.169794)
(0.146693,  0.149814,  -0.138932),  (0.956519,  0.221661)
(0.218180,  0.149814,  -0.157364),  (0.990165,  0.221816)
(0.164958,  0.149814,  -0.155483),  (0.986539,  0.160568)
(0.209741,  0.458371,  -0.169089),  (0.944559,  0.200858)
(0.104485,  0.436535,  -0.142867),  (0.999218,  0.200649)
(0.130918,  0.446209,  -0.167232),  (0.640325,  0.616353)
(0.105470,  0.407663,  -0.028626),  (0.541331,  0.613301)
(0.239497,  0.425762,  -0.026141),  (0.603746,  0.615027)
(0.239336,  0.455079,  -0.142708),  (0.669413,  0.615137)
(0.162845,  1.087246,  0.098470),  (0.630088,  0.616376)
(0.065619,  0.938222,  0.108837),  (0.678737,  0.614535)
(0.037764,  0.896980,  0.090100),  (0.560212,  0.612852)
(0.037826,  0.896752,  -0.046141),  (0.586142,  0.613907)
(0.126930,  1.004601,  -0.104496),  (0.640325,  0.658590)
(0.070001,  0.931488,  -0.094297),  (0.541331,  0.655537)
(0.020264,  1.720659,  0.182303),  (0.603746,  0.657263)
(0.022618,  1.652514,  0.183660),  (0.669413,  0.657374)
(0.028842,  1.653096,  0.164612),  (0.630088,  0.658612)
(0.024711,  1.725952,  0.171192),  (0.678737,  0.656772)
(0.070144,  1.759253,  0.091683),  (0.560212,  0.655088)
(0.059764,  1.751266,  0.133933),  (0.586142,  0.656143)
(0.060711,  1.705485,  0.081916),  (0.874969,  0.667993)
(0.052474,  1.721779,  0.129539),  (0.902866,  0.669940)
(0.045291,  1.674200,  0.131832),  (0.858945,  0.672630)
(0.039644,  1.714100,  0.157026),  (0.830990,  0.674062)
(0.010132,  1.725189,  0.182438),  (0.874889,  0.616673)
(0.012356,  1.736666,  0.175225),  (0.902829,  0.619179)
(0.017905,  1.765495,  0.178432),  (0.859057,  0.622552)
(0.014962,  1.779305,  0.175509),  (0.831045,  0.624730)
(0.047647,  1.768814,  0.157774),  (0.342069,  0.496027)
(0.036053,  1.756467,  0.155479),  (0.349328,  0.483270)
(0.046963,  1.741666,  0.143445),  (0.342069,  0.486544)
(0.045042,  1.732615,  0.145821),  (0.349328,  0.499300)
(0.030225,  1.729475,  0.154929),  (0.346055,  0.506558)
(0.025129,  1.733226,  0.160798),  (0.352602,  0.492039)
(0.057825,  1.763114,  0.143086),  (0.346535,  0.498040)
(0.044946,  1.749813,  0.145746),  (0.346581,  0.492041)
(0.012447,  1.743671,  0.163630),  (0.352121,  0.482010)
(0.026300,  1.754825,  0.161705),  (0.342070,  0.502046)
(0.030821,  1.766599,  0.172161),  (0.348069,  0.480477)
(0.017302,  1.798828,  0.172031),  (0.346535,  0.484529)
(0.039338,  1.790722,  0.168282),  (0.350588,  0.486063)
(0.033105,  1.781957,  0.172650),  (0.356588,  0.496552)
(0.067023,  1.815896,  0.096226),  (0.352122,  0.500559)
(0.069506,  1.829332,  0.072386),  (0.352075,  0.506559)
(0.072072,  1.829533,  0.052487),  (0.350588,  0.496506)
(0.075455,  1.812796,  0.032124),  (0.348069,  0.502092)
(0.077740,  1.799935,  0.018906),  (0.345649,  0.500692)
(0.076162,  1.732635,  0.010227),  (0.353008,  0.484662)
(0.077225,  1.765187,  0.034897),  (0.347936,  0.486949)
(0.023547,  1.849815,  0.126750),  (0.350721,  0.502979)
(0.025346,  1.866371,  0.084830),  (0.347936,  0.495620)
(0.027317,  1.804021,  -0.020511),  (0.350720,  0.479590)
(0.026845,  1.837242,  0.003386),  (0.345649,  0.481878)
(0.028268,  1.864164,  0.036165),  (0.353008,  0.497907)
(0.020203,  1.824567,  0.157993),  (0.046111,  0.012995)
(0.047368,  1.814979,  0.146313),  (0.049905,  0.017379)
(0.021441,  1.692244,  0.181978),  (0.049305,  0.019746)
(0.026777,  1.689524,  0.167902),  (0.045177,  0.020044)
(0.068466,  1.762036,  0.103687),  (0.042373,  0.019501)
(0.055863,  1.713798,  0.105482),  (0.049596,  0.015181)
(0.043878,  1.693942,  0.146189),  (0.040237,  0.017147)
(0.063923,  1.797922,  0.126400),  (0.042919,  0.013478)
(0.064558,  1.773611,  0.129893),  (0.040075,  0.015221)
(0.054355,  1.838522,  0.112816),  (0.791899,  0.409442)
(0.056444,  1.853628,  0.078265),  (0.774537,  0.409442)
(0.054454,  1.802747,  -0.009264),  (0.798629,  0.409442)
(0.057905,  1.852578,  0.041757),  (0.712317,  0.409442)
(0.055582,  1.831339,  0.010145),  (0.722338,  0.409443)
(0.009817,  1.708729,  0.183668),  (0.738989,  0.409443)
(0.078555,  1.783240,  0.018377),  (0.767395,  0.409443)
(0.061539,  1.767691,  -0.010204),  (0.748776,  0.409443)
(0.012224,  1.751719,  0.163125),  (0.748776,  0.421114)
(0.027317,  1.766541,  -0.023372),  (0.767395,  0.421114)
(0.042223,  1.670079,  0.128005),  (0.738989,  0.421114)
(0.057554,  1.701125,  0.078338),  (0.722338,  0.421114)
(0.026445,  1.649836,  0.159447),  (0.712317,  0.421114)
(0.027317,  1.748451,  -0.009805),  (0.798629,  0.421114)
(0.059716,  1.750952,  -0.027866),  (0.774538,  0.421114)
(0.109849,  1.719109,  0.017855),  (0.791899,  0.421114)
(0.098756,  1.662510,  0.110275),  (0.896025,  0.233596)
(0.062920,  1.585931,  0.073418),  (0.871377,  0.233596)
(0.084165,  1.628764,  -0.017738),  (0.871338,  0.223327)
(0.066822,  1.649173,  -0.062573),  (0.895986,  0.223327)
(0.053870,  1.745976,  -0.020722),  (0.665564,  0.015257)
(0.099869,  1.716759,  0.021229),  (0.688207,  0.012324)
(0.087570,  1.661827,  0.111260),  (0.658253,  0.017270)
(0.059632,  1.645989,  -0.055577),  (0.695790,  0.012317)
(0.074138,  1.627462,  -0.014878),  (0.669490,  0.029749)
(0.051884,  1.589093,  0.073495),  (0.688160,  0.027466)
(0.020609,  1.044337,  0.182268),  (0.662180,  0.031758)
(0.074118,  1.235665,  0.134068),  (0.695742,  0.027466)
(0.037128,  0.899416,  0.127607),  (0.873349,  0.046272)
(0.068938,  0.952219,  0.147981),  (0.874070,  0.052768)
(0.175682,  1.141725,  0.100239),  (0.866529,  0.047040)
(0.081397,  1.235666,  -0.069502),  (0.867250,  0.053536)
(0.168403,  1.141725,  -0.004376),  (0.871951,  0.031168)
(0.078465,  1.105413,  -0.139505),  (0.879878,  0.030814)
(0.151124,  1.086337,  -0.076118),  (0.864443,  0.032226)
(0.071067,  0.976241,  -0.153327),  (0.856647,  0.033703)
(0.086743,  0.960900,  -0.120061),  (0.539445,  0.045655)
(0.551984,  1.449422,  0.046285),  (0.538756,  0.040607)
(0.555174,  1.443277,  -0.120293),  (0.543964,  0.045030)
(0.791490,  1.220923,  0.034612),  (0.543275,  0.039981)
(0.793722,  1.218750,  -0.046876),  (0.553404,  0.029752)
(0.344205,  1.550445,  0.034273),  (0.559557,  0.030392)
(0.247304,  1.626037,  0.034658),  (0.548364,  0.029752)
(0.344205,  1.550445,  -0.119029),  (0.542187,  0.030094)
(0.247304,  1.626037,  -0.118645),  (0.909963,  0.686068)
(0.483205,  1.363933,  0.043902),  (0.955151,  0.686071)
(0.494423,  1.367766,  -0.122398),  (0.909963,  0.694349)
(0.762818,  1.185284,  0.033618),  (0.955151,  0.694352)
(0.767636,  1.186326,  -0.047780),  (0.909962,  0.703987)
(0.510821,  1.457780,  0.010196),  (0.955151,  0.703988)
(0.516062,  1.459010,  -0.097122),  (0.909961,  0.714695)
(0.459662,  1.390351,  0.010196),  (0.955150,  0.714696)
(0.462648,  1.394287,  -0.097122),  (0.909961,  0.724333)
(0.300265,  1.637966,  0.023293),  (0.955150,  0.724333)
(0.304286,  1.637588,  -0.108723),  (0.909960,  0.732615)
(0.228207,  1.542992,  0.023293),  (0.955151,  0.732615)
(0.232413,  1.548535,  -0.108723),  (0.989203,  0.824393)
(0.116346,  1.021223,  -0.057679),  (0.449238,  0.029859)
(0.116346,  1.021223,  0.081346),  (0.420135,  0.016733)
(0.079438,  0.962318,  0.011834),  (0.960099,  0.811269)
(0.153254,  1.080128,  0.011834),  (0.946975,  0.840374)
(0.074694,  1.047321,  0.060986),  (0.973224,  0.782167)
(0.100792,  1.088973,  0.011834),  (0.971297,  0.816319)
(0.074694,  1.047321,  -0.037319),  (0.989202,  0.800257)
(0.048596,  1.005669,  0.011834),  (0.460436,  0.034909)
(0.142444,  1.062875,  -0.037319),  (0.971112,  0.840372)
(0.157998,  0.995125,  -0.037319),  (0.444188,  0.041056)
(0.090248,  0.979571,  -0.037319),  (0.438041,  0.024809)
(0.184096,  1.036778,  0.011834),  (0.454288,  0.018661)
(0.157998,  0.995125,  0.060986),  (0.949088,  0.782167)
(0.131900,  0.953473,  0.011834),  (0.948902,  0.806220)
(0.142444,  1.062876,  0.060986),  (0.930996,  0.822281)
(0.090248,  0.979571,  0.060986),  (0.965149,  0.800072)
(0.061028,  1.008523,  0.051967),  (0.955050,  0.822467)
(0.061028,  1.008523,  -0.028300),  (0.965681,  0.826021)
(0.129046,  0.965906,  -0.028300),  (0.463990,  0.024278)
(0.129046,  0.965906,  0.051967),  (0.443657,  0.015108)
(0.103646,  1.076541,  0.051967),  (0.945348,  0.816851)
(0.103646,  1.076541,  -0.028300),  (0.974850,  0.805688)
(0.171664,  1.033923,  -0.028300),  (0.454820,  0.044610)
(0.171664,  1.033923,  0.051967),  (0.434487,  0.035440)
(0.150989,  1.282298,  0.021359),  (0.954518,  0.796518)
(0.094556,  1.168283,  0.021359),  (0.967586,  0.563812)
(0.111893,  1.323711,  0.130672),  (0.967586,  0.608038)
(0.111893,  1.323711,  -0.087954),  (0.970965,  0.563812)
(0.085524,  1.168283,  -0.054215),  (0.970965,  0.608038)
(0.085524,  1.168283,  0.096934),  (0.974344,  0.563812)
(0.222635,  0.152180,  -0.039337),  (0.974344,  0.608039)
(0.168525,  0.152180,  -0.039337),  (0.957449,  0.563812)
(0.227616,  0.077780,  0.028999),  (0.957449,  0.608039)
(0.163544,  0.077780,  0.028999),  (0.960828,  0.563812)
(0.242304,  0.134350,  -0.067431),  (0.960828,  0.608039)
(0.148856,  0.134350,  -0.067431),  (0.964207,  0.563812)
(0.263700,  0.048884,  -0.002837),  (0.964207,  0.608038)
(0.137309,  0.048884,  -0.002837),  (0.966799,  0.689199)
(0.263700,  -0.000636,  -0.037325),  (0.966799,  0.733425)
(0.137309,  -0.000636,  -0.037325),  (0.970178,  0.689199)
(0.227616,  0.042201,  0.118296),  (0.970178,  0.733425)
(0.163544,  0.042201,  0.118296),  (0.973557,  0.689199)
(0.137309,  0.027257,  0.143666),  (0.973557,  0.733425)
(0.137309,  -0.000636,  0.144060),  (0.956662,  0.689199)
(0.226059,  0.027257,  0.143666),  (0.956662,  0.733425)
(0.263700,  0.032826,  0.105942),  (0.960041,  0.689199)
(0.263700,  -0.000636,  0.106415),  (0.960041,  0.733425)
(0.226059,  -0.000636,  0.144060),  (0.963420,  0.689199)
(0.263700,  0.047827,  0.004326),  (0.963420,  0.733425)
(0.263700,  -0.000636,  -0.027859),  (0.270358,  0.171535)
(0.227616,  0.075437,  0.034879),  (0.179833,  0.922401)
(0.163544,  0.075437,  0.034879),  (0.236473,  0.174115)
(0.137309,  0.047460,  0.006810),  (0.200856,  0.223965)
(0.137309,  -0.000636,  -0.025380),  (0.078775,  0.947845)
(0.871224,  1.163590,  0.036284),  (0.077480,  0.930512)
(0.874560,  1.163262,  -0.033316),  (0.137442,  0.930922)
(0.852840,  1.138186,  0.035628),  (0.106677,  0.908057)
(0.856176,  1.137858,  -0.033972),  (0.439592,  0.218276)
(0.900285,  1.123240,  0.034475),  (0.414019,  0.218612)
(0.903336,  1.122940,  -0.028279),  (0.098198,  0.098090)
(0.883728,  1.110560,  0.033843),  (0.385862,  0.205989)
(0.886779,  1.110260,  -0.028911),  (0.205220,  0.269524)
(0.784910,  1.215901,  0.029346),  (0.040610,  0.944243)
(0.787985,  1.215599,  -0.037708),  (0.042371,  0.932236)
(0.766681,  1.190711,  0.028695),  (0.639168,  0.211944)
(0.769756,  1.190409,  -0.038359),  (0.594580,  0.254538)
(0.113240,  0.586569,  -0.078022),  (0.581582,  0.278588)
(0.082002,  0.582474,  -0.051982),  (0.694742,  0.211944)
(0.237841,  0.578378,  -0.053337),  (0.742127,  0.379155)
(0.119340,  0.511847,  0.070522),  (0.749268,  0.348390)
(0.211883,  0.512478,  0.073223),  (0.122448,  0.136116)
(0.204264,  0.581564,  -0.080248),  (0.360418,  0.165305)
(0.087530,  0.544880,  0.023013),  (0.104703,  0.119431)
(0.237841,  0.539537,  0.022162),  (0.370253,  0.190878)
(0.198080,  0.633585,  -0.031797),  (0.573270,  0.355958)
(0.103183,  0.598124,  0.047794),  (0.656305,  0.402380)
(0.219874,  0.592545,  0.048005),  (0.144889,  0.127060)
(0.118040,  0.636636,  -0.030395),  (0.372976,  0.139808)
(0.220407,  0.625059,  -0.016884),  (0.753945,  0.317324)
(0.097986,  0.630186,  -0.015656),  (0.572098,  0.315806)
(0.128667,  0.576870,  0.087793),  (0.105610,  0.542259)
(0.199994,  0.573443,  0.087956),  (0.071000,  0.555106)
(0.198080,  0.532476,  -0.089110),  (0.160938,  0.664511)
(0.103183,  0.497015,  -0.009519),  (0.125830,  0.669991)
(0.219874,  0.491436,  -0.009308),  (0.891570,  0.906517)
(0.118040,  0.535527,  -0.087708),  (0.929011,  0.904686)
(0.220407,  0.523950,  -0.074197),  (0.113948,  0.536465)
(0.097986,  0.529077,  -0.072969),  (0.181164,  0.663725)
(0.128667,  0.475761,  0.030480),  (0.175530,  0.544264)
(0.199994,  0.472334,  0.030643),  (0.213752,  0.650274)
(0.540349,  1.413919,  0.000192),  (0.194779,  0.547443)
(0.547279,  1.405009,  -0.075928),  (0.227363,  0.632576)
(0.522297,  1.371832,  0.003338),  (0.244617,  0.537603)
(0.528529,  1.363980,  -0.073030),  (0.255536,  0.613572)
(0.430966,  1.502657,  -0.009998),  (0.108884,  0.678914)
(0.438906,  1.492543,  -0.086111),  (0.060271,  0.593375)
(0.415900,  1.458808,  -0.006868),  (0.020873,  0.615470)
(0.423477,  1.449350,  -0.083228),  (0.070733,  0.695809)
(0.012860,  1.743493,  0.145231),  (0.920500,  0.634497)
(0.028336,  1.743493,  0.129755),  (0.920278,  0.664883)
(0.043813,  1.743493,  0.145231),  (0.929838,  0.612305)
(0.028336,  1.743493,  0.160707),  (0.963982,  0.612708)
(0.028336,  1.728017,  0.145231),  (0.975986,  0.634857)
(0.028336,  1.758970,  0.145231),  (0.978445,  0.664895)
(0.017393,  1.743493,  0.156174),  (0.933051,  0.674062)
(0.017393,  1.754437,  0.145231),  (0.966711,  0.674062)
(0.017393,  1.743493,  0.134287),  (0.455516,  0.271685)
(0.017393,  1.732550,  0.145231),  (0.423051,  0.262325)
(0.028336,  1.754437,  0.134287),  (0.474329,  0.280617)
(0.039280,  1.743493,  0.134287),  (0.508359,  0.286610)
(0.028336,  1.732550,  0.134287),  (0.529534,  0.283041)
(0.039280,  1.754437,  0.145231),  (0.562760,  0.285919)
(0.039280,  1.743493,  0.156174),  (0.407123,  0.262813)
(0.039280,  1.732550,  0.145231),  (0.375566,  0.259755)
(0.028336,  1.754437,  0.156174),  (0.954374,  0.035431)
(0.028336,  1.732550,  0.156174),  (0.969543,  0.049177)
(0.019401,  1.734558,  0.154166),  (0.950111,  0.024125)
(0.019401,  1.734558,  0.136296),  (0.963689,  0.009893)
(0.037272,  1.734558,  0.136296),  (0.975669,  0.011627)
(0.037272,  1.734558,  0.154166),  (0.991334,  0.024237)
(0.019401,  1.752428,  0.154166),  (0.978853,  0.047985)
(0.019401,  1.752428,  0.136296),  (0.991334,  0.033194)
(0.037272,  1.752428,  0.136296),  (0.403416,  0.283959)
(0.037272,  1.752428,  0.154166),  (0.563103,  0.314866)
(0.034763,  1.753187,  0.152849),  (0.379595,  0.285210)
(0.041166,  1.742195,  0.143911),  (0.522291,  0.298048)
(0.039963,  1.735472,  0.145676),  (0.456183,  0.280331)
(0.031359,  1.735092,  0.152502),  (0.415382,  0.282716)
(0.024256,  1.736612,  0.154753),  (0.877063,  0.916485)
(0.041367,  1.748245,  0.145620),  (0.873634,  0.981167)
(0.018946,  1.743683,  0.155049),  (0.880464,  0.999245)
(0.027519,  1.751968,  0.156333),  (0.929975,  0.999245)
(0.018780,  1.749661,  0.154674),  (0.951189,  0.948394)
(0.167866,  0.161228,  -0.148321),  (0.947507,  0.982071)
(0.215612,  0.161228,  -0.150009),  (0.023917,  0.028801)
(0.154144,  0.161228,  -0.135887),  (0.572099,  0.089554)
(0.157057,  0.161228,  -0.086097),  (0.579025,  0.091815)
(0.172455,  0.161228,  -0.063220),  (0.020919,  0.025763)
(0.218259,  0.161228,  -0.062044),  (0.677287,  0.078170)
(0.230552,  0.161228,  -0.137238),  (0.682397,  0.093419)
(0.230552,  0.161228,  -0.086005),  (0.658446,  0.085345)
(0.230552,  0.129112,  -0.086005),  (0.002261,  0.024716)
(0.230552,  0.129112,  -0.137238),  (0.002080,  0.041513)
(0.218259,  0.129112,  -0.062044),  (0.012976,  0.028150)
(0.172455,  0.129112,  -0.063220),  (0.026832,  0.027161)
(0.157057,  0.129112,  -0.086097),  (0.025887,  0.022733)
(0.154144,  0.129112,  -0.135887),  (0.023216,  0.004808)
(0.215612,  0.129112,  -0.150009),  (0.584682,  0.125944)
(0.167866,  0.129112,  -0.148321),  (0.592565,  0.110521)
(0.878568,  1.158526,  -0.031946),  (0.013904,  0.011107)
(0.875311,  1.158846,  0.035799),  (0.007983,  0.017320)
(0.857434,  1.136971,  0.035149),  (0.009042,  0.020870)
(0.860691,  1.136651,  -0.032596),  (0.015668,  0.022081)
(0.906667,  1.113635,  0.034190),  (0.018852,  0.021615)
(0.909365,  1.112181,  -0.028564),  (0.687861,  0.094281)
(0.886499,  1.108326,  0.033557),  (0.009174,  0.014126)
(0.889197,  1.106872,  -0.029197),  (0.024364,  0.017156)
(0.917089,  1.073879,  0.029960),  (0.018421,  0.011060)
(0.919788,  1.072425,  -0.021708),  (0.018210,  0.005025)
(0.896921,  1.068570,  0.029439),  (0.591673,  0.129107)
(0.899619,  1.067116,  -0.022228),  (0.594326,  0.121006)
(0.818443,  1.135614,  0.028980),  (0.589954,  0.120702)
(0.802401,  1.127500,  0.029455),  (0.696087,  0.069671)
(0.814282,  1.144712,  0.044997),  (0.696087,  0.059682)
(0.798240,  1.136598,  0.045473),  (0.692571,  0.053285)
(0.803914,  1.167408,  0.006170),  (0.683579,  0.049734)
(0.784437,  1.157557,  0.006747),  (0.677106,  0.047782)
(0.799516,  1.177004,  0.024167),  (0.654177,  0.057191)
(0.780039,  1.167153,  0.024744),  (0.668921,  0.059038)
(0.833304,  1.111712,  0.041194),  (0.612974,  0.137856)
(0.822106,  1.103285,  0.040772),  (0.625338,  0.143435)
(0.831612,  1.113304,  0.053529),  (0.661739,  0.158672)
(0.820413,  1.104877,  0.053107),  (0.649843,  0.153708)
(0.818357,  1.134431,  0.035649),  (0.638339,  0.148750)
(0.804760,  1.124200,  0.035136),  (0.601004,  0.133070)
(0.816692,  1.135869,  0.049341),  (0.606360,  0.123579)
(0.803095,  1.125638,  0.048828),  (0.022693,  0.037614)
(0.000000,  1.643992,  -0.039152),  (0.017179,  0.037840)
(0.000000,  1.745445,  0.032751),  (0.680313,  0.081513)
(-0.020891,  1.638726,  -0.031723),  (0.665291,  0.091605)
(-0.020891,  1.740180,  0.040181),  (0.007722,  0.034683)
(-0.032508,  1.624942,  -0.012273),  (0.695755,  0.082486)
(-0.032508,  1.726395,  0.059630),  (0.688600,  0.087784)
(-0.032508,  1.607903,  0.011768),  (0.620355,  0.128618)
(-0.032508,  1.709355,  0.083672),  (0.631448,  0.134738)
(-0.020891,  1.594118,  0.031218),  (0.664386,  0.148869)
(-0.020891,  1.695570,  0.103122),  (0.641787,  0.139697)
(0.000000,  1.588852,  0.038647),  (0.653157,  0.144537)
(0.000000,  1.690305,  0.110551),  (0.026972,  0.032359)
(-0.181952,  1.558712,  -0.039770),  (0.671695,  0.050565)
(-0.244000,  1.558712,  -0.101817),  (0.678187,  0.149140)
(-0.306047,  1.558712,  -0.039770),  (0.024341,  0.013394)
(-0.244000,  1.558712,  0.022278),  (0.674278,  0.163011)
(-0.244000,  1.496665,  -0.039770),  (0.000755,  0.043443)
(-0.244000,  1.620759,  -0.039770),  (0.656092,  0.085278)
(-0.200126,  1.558712,  0.004104),  (0.012597,  0.052366)
(-0.200126,  1.602586,  -0.039770),  (0.683802,  0.165433)
(-0.200126,  1.558712,  -0.083644),  (0.286851,  0.532752)
(-0.200126,  1.514838,  -0.039770),  (0.268550,  0.552951)
(-0.244000,  1.602586,  -0.083644),  (0.272422,  0.592387)
(-0.287874,  1.558712,  -0.083644),  (0.308589,  0.523586)
(-0.244000,  1.514838,  -0.083644),  (0.088081,  0.178457)
(-0.287874,  1.602586,  -0.039770),  (0.282425,  0.624409)
(-0.287874,  1.558712,  0.004104),  (0.132531,  0.181692)
(-0.287874,  1.514838,  -0.039770),  (0.113686,  0.179439)
(-0.244000,  1.602586,  0.004104),  (0.241055,  0.121185)
(-0.244000,  1.514838,  0.004104),  (0.216461,  0.125625)
(-0.208177,  1.522889,  -0.003947),  (0.276489,  0.592840)
(-0.208177,  1.522889,  -0.075593),  (0.261822,  0.119441)
(-0.279823,  1.522889,  -0.075593),  (0.238742,  0.159653)
(-0.279823,  1.522889,  -0.003947),  (0.261822,  0.160532)
(-0.208177,  1.594535,  -0.003947),  (0.221754,  0.161467)
(-0.208177,  1.594535,  -0.075593),  (0.286549,  0.623756)
(-0.279823,  1.594535,  -0.075593),  (0.437358,  0.942751)
(-0.279823,  1.594535,  -0.003947),  (0.430927,  0.942716)
(-0.041233,  1.715613,  0.062205),  (0.437254,  0.886294)
(-0.061088,  1.610137,  0.004833),  (0.418632,  0.885945)
(-0.032945,  1.716313,  0.058049),  (0.436750,  0.609549)
(-0.052800,  1.610837,  0.000678),  (0.419321,  0.609613)
(-0.032205,  1.720634,  0.049849),  (0.811091,  0.126107)
(-0.052060,  1.615158,  -0.007522),  (0.437420,  0.976810)
(-0.039754,  1.724255,  0.045805),  (0.774700,  0.198386)
(-0.059609,  1.618779,  -0.011567),  (0.414504,  0.836933)
(-0.048043,  1.723554,  0.049961),  (0.804755,  0.221816)
(-0.067898,  1.618079,  -0.007411),  (0.408625,  0.790807)
(-0.048782,  1.719234,  0.058161),  (0.838286,  0.221816)
(-0.068637,  1.613758,  0.000789),  (0.412189,  0.745030)
(-0.022404,  1.694110,  0.123379),  (0.397104,  0.733452)
(-0.038088,  1.588158,  0.065595),  (0.436993,  0.742769)
(-0.014534,  1.695532,  0.118635),  (0.437078,  0.789604)
(-0.030218,  1.589580,  0.060852),  (0.437162,  0.835500)
(-0.014760,  1.700008,  0.110489),  (0.436963,  0.726584)
(-0.030445,  1.594056,  0.052705),  (0.670968,  0.902358)
(-0.022856,  1.703062,  0.107086),  (0.640703,  0.849871)
(-0.038541,  1.597111,  0.049302),  (0.562504,  0.954555)
(-0.030726,  1.701640,  0.111829),  (0.547728,  0.928867)
(-0.046411,  1.595688,  0.054046),  (0.508485,  0.216017)
(-0.030500,  1.697164,  0.119976),  (0.553071,  0.218612)
(-0.046184,  1.591212,  0.062193),  (0.508558,  0.117446)
(0.000000,  1.326868,  0.174121),  (0.553155,  0.115022)
(0.000000,  1.464968,  0.208327),  (0.657663,  0.780673)
(-0.088300,  1.296118,  0.175444),  (0.616047,  0.824710)
(-0.183374,  1.237437,  0.049189),  (0.515456,  0.938263)
(-0.233031,  1.372352,  0.049408),  (0.537140,  0.918063)
(-0.239415,  1.427824,  0.047223),  (0.728230,  0.902607)
(-0.124382,  1.436696,  0.190866),  (0.727967,  0.863559)
(-0.180324,  1.488150,  0.113847),  (0.724276,  0.933110)
(0.000000,  1.590360,  0.145863),  (0.714803,  0.970985)
(-0.068131,  1.587869,  0.128403),  (0.828805,  0.909678)
(-0.224029,  1.594543,  0.067351),  (0.828708,  0.861680)
(-0.125714,  1.638150,  0.091447),  (0.823235,  0.952643)
(-0.183374,  1.237437,  -0.076750),  (0.811560,  0.999245)
(-0.233031,  1.372352,  -0.076531),  (0.982352,  0.354837)
(-0.226870,  1.411602,  -0.075284),  (0.905815,  0.441036)
(-0.120102,  1.257650,  -0.106464),  (0.965074,  0.402380)
(-0.169759,  1.390121,  -0.119225),  (0.935862,  0.337511)
(-0.169794,  1.444278,  -0.121576),  (0.938519,  0.375158)
(0.000000,  1.234314,  -0.123458),  (0.944816,  0.356937)
(0.228334,  1.592051,  -0.138939),  (0.962519,  0.363798)
(0.198214,  1.515240,  -0.164108),  (0.955980,  0.382804)
(-0.259603,  1.677653,  -0.017674),  (0.962285,  0.337401)
(-0.157376,  1.705749,  -0.017471),  (0.949807,  0.461034)
(-0.244853,  1.644763,  0.038833),  (0.982663,  0.381711)
(-0.149376,  1.675322,  0.051047),  (0.932133,  0.467969)
(-0.228334,  1.592829,  -0.102131),  (0.925761,  0.449775)
(0.000000,  1.673674,  -0.126389),  (0.943190,  0.442056)
(-0.247720,  1.643648,  -0.073681),  (0.918610,  0.357500)
(-0.122173,  1.692237,  -0.085989),  (0.938242,  0.401952)
(0.169794,  1.443917,  -0.162795),  (0.944465,  0.386157)
(-0.198214,  1.515601,  -0.122889),  (0.966503,  0.375798)
(-0.239142,  1.031503,  0.080164),  (0.953742,  0.449018)
(-0.247395,  1.031503,  -0.040167),  (0.931660,  0.438751)
(-0.247395,  0.631448,  0.063278),  (0.934435,  0.363364)
(-0.247395,  0.665297,  -0.025970),  (0.956373,  0.353202)
(-0.180014,  1.108550,  0.058505),  (0.943705,  0.471656)
(-0.188267,  1.108550,  -0.044315),  (0.921726,  0.461585)
(-0.216021,  1.032139,  0.098470),  (0.672468,  0.660123)
(-0.218531,  0.605788,  0.107065),  (0.595351,  0.700473)
(-0.082995,  0.913965,  0.108837),  (0.515456,  0.734997)
(-0.115624,  0.604741,  0.104128),  (0.569976,  0.779162)
(-0.045265,  0.881510,  0.090100),  (0.615251,  0.742203)
(-0.080252,  0.638874,  0.063401),  (0.672468,  0.730287)
(-0.045265,  0.881275,  -0.046141),  (0.631344,  0.673810)
(-0.074105,  0.671714,  -0.025163),  (0.551977,  0.711657)
(-0.210058,  0.665455,  -0.056435),  (0.590946,  0.755406)
(-0.210063,  0.927881,  -0.104496),  (0.640809,  0.731628)
(-0.085449,  0.906315,  -0.094297),  (0.979511,  0.955627)
(-0.108841,  0.672998,  -0.054769),  (0.959847,  0.955627)
(-0.237379,  0.562734,  0.033280),  (0.955014,  0.121503)
(-0.237379,  0.598492,  -0.042303),  (0.978298,  0.121503)
(-0.211036,  0.537285,  0.088487),  (0.986659,  0.967719)
(-0.117115,  0.536575,  0.085849),  (0.064571,  0.259322)
(-0.084833,  0.569210,  0.033903),  (0.941900,  0.137128)
(-0.079223,  0.604040,  -0.041152),  (0.987832,  0.137128)
(-0.203303,  0.600747,  -0.068895),  (0.941900,  0.159058)
(-0.110925,  0.607218,  -0.066916),  (0.987832,  0.159058)
(-0.239641,  0.449128,  -0.021166),  (0.245374,  0.081396)
(-0.239641,  0.499986,  -0.096341),  (0.225511,  0.081800)
(-0.215188,  0.415798,  0.013734),  (0.219171,  0.072685)
(-0.128009,  0.415472,  0.010787),  (0.489729,  0.090704)
(-0.098044,  0.450054,  -0.019427),  (0.244775,  0.071864)
(-0.092836,  0.498421,  -0.094189),  (0.257595,  0.082515)
(-0.208011,  0.506802,  -0.124496),  (0.531880,  0.113511)
(-0.122263,  0.506091,  -0.121304),  (0.512534,  0.113511)
(-0.237812,  0.149814,  -0.084252),  (0.271612,  0.117090)
(-0.237812,  0.149814,  -0.140583),  (0.884539,  0.005688)
(-0.222635,  0.149814,  -0.054669),  (0.248155,  0.113472)
(-0.168525,  0.149814,  -0.056059),  (0.920997,  0.041656)
(-0.149925,  0.149814,  -0.083691),  (0.930478,  0.027219)
(-0.146693,  0.149814,  -0.138932),  (0.930476,  0.006186)
(-0.218180,  0.149814,  -0.157364),  (0.833171,  0.449227)
(-0.164958,  0.149814,  -0.155483),  (0.852247,  0.432572)
(-0.209741,  0.458371,  -0.169089),  (0.825385,  0.457551)
(-0.104485,  0.436535,  -0.142867),  (0.861464,  0.425867)
(-0.130918,  0.446209,  -0.167232),  (0.321130,  0.066432)
(-0.105470,  0.407663,  -0.028626),  (0.329333,  0.087740)
(-0.239497,  0.425762,  -0.026141),  (0.319162,  0.059110)
(-0.239336,  0.455079,  -0.142708),  (0.332720,  0.094524)
(-0.162845,  1.087246,  0.098470),  (0.893701,  0.483564)
(-0.065620,  0.938222,  0.108837),  (0.879307,  0.463870)
(-0.037764,  0.896980,  0.090100),  (0.902841,  0.476916)
(-0.037826,  0.896753,  -0.046141),  (0.888447,  0.457222)
(-0.126930,  1.004601,  -0.104496),  (0.976685,  0.841884)
(-0.070001,  0.931488,  -0.094297),  (0.988317,  0.851122)
(-0.020264,  1.720659,  0.182303),  (0.930996,  0.851283)
(-0.022618,  1.652514,  0.183660),  (0.974403,  0.902558)
(-0.028842,  1.653096,  0.164612),  (0.940763,  0.903176)
(-0.024711,  1.725952,  0.171192),  (0.943547,  0.841884)
(-0.070144,  1.759253,  0.091683),  (0.986077,  0.881592)
(-0.059764,  1.751266,  0.133933),  (0.931420,  0.882135)
(-0.060711,  1.705485,  0.081916),  (0.874841,  0.363969)
(-0.052474,  1.721779,  0.129539),  (0.871787,  0.264974)
(-0.045291,  1.674200,  0.131832),  (0.873514,  0.327390)
(-0.039644,  1.714100,  0.157026),  (0.873626,  0.393057)
(-0.010132,  1.725189,  0.182438),  (0.874864,  0.353732)
(-0.012356,  1.736666,  0.175225),  (0.873024,  0.402380)
(-0.017905,  1.765495,  0.178432),  (0.871338,  0.283856)
(-0.014962,  1.779305,  0.175509),  (0.872393,  0.309786)
(-0.047647,  1.768814,  0.157774),  (0.917077,  0.363968)
(-0.036053,  1.756467,  0.155479),  (0.914024,  0.264974)
(-0.046963,  1.741666,  0.143445),  (0.915750,  0.327389)
(-0.045042,  1.732615,  0.145821),  (0.915862,  0.393055)
(-0.030225,  1.729475,  0.154929),  (0.917100,  0.353731)
(-0.025129,  1.733226,  0.160798),  (0.915260,  0.402379)
(-0.057825,  1.763114,  0.143086),  (0.913575,  0.283856)
(-0.044946,  1.749813,  0.145746),  (0.914630,  0.309785)
(-0.012447,  1.743671,  0.163630),  (0.993886,  0.102007)
(-0.026300,  1.754825,  0.161705),  (0.965997,  0.104060)
(-0.030821,  1.766599,  0.172161),  (0.573486,  0.024188)
(-0.017302,  1.798828,  0.172031),  (0.572098,  0.052145)
(-0.039338,  1.790722,  0.168282),  (0.993771,  0.050687)
(-0.033105,  1.781957,  0.172650),  (0.965841,  0.053299)
(-0.067023,  1.815896,  0.096226),  (0.623564,  0.023998)
(-0.069506,  1.829332,  0.072386),  (0.621430,  0.052014)
(-0.072072,  1.829533,  0.052487),  (0.356588,  0.470856)
(-0.075455,  1.812796,  0.032124),  (0.349954,  0.453090)
(-0.077740,  1.799935,  0.018906),  (0.356587,  0.456081)
(-0.076162,  1.732635,  0.010227),  (0.349954,  0.467866)
(-0.077225,  1.765187,  0.034897),  (0.346963,  0.474500)
(-0.023547,  1.849815,  0.126750),  (0.352945,  0.461233)
(-0.025346,  1.866371,  0.084830),  (0.352506,  0.469016)
(-0.027317,  1.804021,  -0.020511),  (0.356586,  0.465355)
(-0.026845,  1.837242,  0.003386),  (0.347402,  0.451940)
(-0.028268,  1.864164,  0.036165),  (0.352465,  0.474498)
(-0.020203,  1.824567,  0.157993),  (0.351105,  0.450538)
(-0.047368,  1.814979,  0.146313),  (0.352506,  0.454241)
(-0.021441,  1.692244,  0.181978),  (0.348803,  0.455642)
(-0.026777,  1.689524,  0.167902),  (0.347444,  0.461233)
(-0.068466,  1.762036,  0.103687),  (0.347402,  0.466715)
(-0.055863,  1.713798,  0.105482),  (0.343321,  0.470376)
(-0.043878,  1.693942,  0.146189),  (0.351105,  0.465314)
(-0.063923,  1.797922,  0.126400),  (0.348803,  0.470418)
(-0.064558,  1.773611,  0.129893),  (0.351227,  0.471227)
(-0.054355,  1.838522,  0.112816),  (0.346592,  0.454363)
(-0.056444,  1.853628,  0.078265),  (0.351226,  0.456452)
(-0.054454,  1.802747,  -0.009264),  (0.346592,  0.469139)
(-0.057905,  1.852578,  0.041757),  (0.353316,  0.466593)
(-0.055582,  1.831339,  0.010145),  (0.348682,  0.449728)
(-0.009817,  1.708729,  0.183668),  (0.353316,  0.451818)
(-0.078555,  1.783240,  0.018377),  (0.348682,  0.464504)
(-0.061539,  1.767691,  -0.010204),  (0.013901,  0.012744)
(-0.012224,  1.751719,  0.163125),  (0.010143,  0.017161)
(-0.027317,  1.766541,  -0.023372),  (0.010758,  0.019530)
(-0.042223,  1.670079,  0.128005),  (0.014906,  0.019812)
(-0.057554,  1.701125,  0.078338),  (0.017735,  0.019230)
(-0.026445,  1.649836,  0.159447),  (0.010436,  0.014958)
(-0.027317,  1.748451,  -0.009805),  (0.019908,  0.016777)
(-0.059716,  1.750952,  -0.027866),  (0.017104,  0.013178)
(-0.109849,  1.719109,  0.017855),  (0.019304,  0.014691)
(-0.098756,  1.662510,  0.110275),  (0.777954,  0.624524)
(0.000000,  1.765475,  -0.048719),  (0.760592,  0.624524)
(0.000000,  1.658496,  -0.083055),  (0.784684,  0.624524)
(-0.062920,  1.585931,  0.073418),  (0.698372,  0.624524)
(-0.084165,  1.628764,  -0.017738),  (0.708394,  0.624524)
(-0.066822,  1.649173,  -0.062573),  (0.725044,  0.624523)
(-0.053870,  1.745976,  -0.020722),  (0.753449,  0.624524)
(-0.099869,  1.716759,  0.021229),  (0.734831,  0.624523)
(-0.087569,  1.661827,  0.111260),  (0.734831,  0.612852)
(0.000000,  1.757214,  -0.036859),  (0.753450,  0.612852)
(-0.059632,  1.645989,  -0.055577),  (0.725044,  0.612852)
(0.000000,  1.651460,  -0.076875),  (0.708393,  0.612852)
(-0.074138,  1.627462,  -0.014878),  (0.698372,  0.612853)
(-0.051884,  1.589093,  0.073495),  (0.784684,  0.612853)
(0.000000,  1.044337,  0.182268),  (0.760593,  0.612853)
(-0.020609,  1.044337,  0.182268),  (0.777955,  0.612853)
(0.000000,  1.234614,  0.134068),  (0.314896,  0.094190)
(-0.074118,  1.235665,  0.134068),  (0.296019,  0.110041)
(0.000000,  0.899416,  0.127607),  (0.302594,  0.117930)
(-0.037128,  0.899416,  0.127607),  (0.321470,  0.102080)
(-0.068938,  0.952219,  0.147981),  (0.814411,  0.023755)
(0.000000,  0.952219,  0.147523),  (0.796122,  0.037423)
(-0.175682,  1.141725,  0.100239),  (0.821058,  0.020107)
(-0.081397,  1.235666,  -0.069502),  (0.790677,  0.042700)
(-0.168403,  1.141725,  -0.004376),  (0.821689,  0.036888)
(-0.078465,  1.105413,  -0.139505),  (0.806703,  0.048255)
(-0.151124,  1.086337,  -0.076118),  (0.828333,  0.033237)
(-0.071067,  0.976241,  -0.153327),  (0.801264,  0.053536)
(-0.086743,  0.960900,  -0.120061),  (0.333097,  0.032382)
(0.000000,  0.976241,  -0.153327),  (0.331620,  0.026015)
(0.000000,  1.105413,  -0.139505),  (0.326409,  0.033922)
(0.000000,  1.235666,  -0.069501),  (0.324932,  0.027556)
(0.000000,  0.960900,  -0.120061),  (0.306461,  0.018011)
(-0.551985,  1.449422,  0.046285),  (0.328507,  0.011171)
(-0.555174,  1.443277,  -0.120293),  (0.313589,  0.015426)
(-0.791491,  1.220923,  0.034612),  (0.321168,  0.013078)
(-0.793722,  1.218750,  -0.046876),  (0.971735,  0.562301)
(-0.343049,  1.550745,  0.034273),  (0.976804,  0.561784)
(-0.246149,  1.626337,  0.034658),  (0.971280,  0.557762)
(-0.343049,  1.550745,  -0.119029),  (0.976349,  0.557245)
(-0.246149,  1.626337,  -0.118645),  (0.964745,  0.548726)
(-0.483205,  1.363933,  0.043902),  (0.958767,  0.550321)
(-0.494423,  1.367766,  -0.122398),  (0.969722,  0.547938)
(-0.762818,  1.185284,  0.033618),  (0.975876,  0.547309)
(-0.767636,  1.186326,  -0.047780),  (0.357924,  0.613255)
(-0.510821,  1.457780,  0.010196),  (0.357927,  0.620689)
(-0.516062,  1.459010,  -0.097122),  (0.357921,  0.605822)
(-0.459663,  1.390351,  0.010196),  (0.357919,  0.598388)
(-0.462649,  1.394287,  -0.097122),  (0.357920,  0.602105)
(-0.300265,  1.637966,  0.023293),  (0.357925,  0.616972)
(-0.304286,  1.637588,  -0.108723),  (0.357923,  0.609538)
(-0.228207,  1.542992,  0.023293),  (0.357917,  0.594672)
(-0.232413,  1.548535,  -0.108723),  (0.358894,  0.526213)
(-0.116346,  1.021223,  -0.057679),  (0.349920,  0.529932)
(-0.116346,  1.021223,  0.081346),  (0.352549,  0.523587)
(-0.079438,  0.962318,  0.011834),  (0.356266,  0.532559)
(-0.153254,  1.080128,  0.011834),  (0.358894,  0.529931)
(-0.074694,  1.047321,  0.060986),  (0.352549,  0.532559)
(-0.100792,  1.088973,  0.011834),  (0.356265,  0.523586)
(-0.074694,  1.047321,  -0.037319),  (0.349921,  0.526215)
(-0.048596,  1.005669,  0.011834),  (0.350514,  0.579290)
(-0.142444,  1.062876,  -0.037319),  (0.350515,  0.582064)
(-0.157998,  0.995126,  -0.037319),  (0.350514,  0.584838)
(-0.090248,  0.979571,  -0.037319),  (0.350514,  0.576515)
(-0.184096,  1.036778,  0.011834),  (0.350514,  0.590387)
(-0.157998,  0.995125,  0.060986),  (0.350514,  0.593161)
(-0.131900,  0.953473,  0.011834),  (0.350514,  0.587612)
(-0.142444,  1.062876,  0.060986),  (0.350515,  0.573741)
(-0.090248,  0.979571,  0.060986),  (0.357927,  0.579290)
(-0.061028,  1.008523,  0.051967),  (0.357927,  0.582064)
(-0.061028,  1.008523,  -0.028300),  (0.357927,  0.584838)
(-0.129046,  0.965906,  -0.028300),  (0.357928,  0.576516)
(-0.129046,  0.965906,  0.051967),  (0.357928,  0.590387)
(-0.103646,  1.076541,  0.051967),  (0.357928,  0.593161)
(-0.103646,  1.076541,  -0.028300),  (0.357928,  0.587612)
(-0.171664,  1.033924,  -0.028300),  (0.357928,  0.573741)
(-0.171664,  1.033924,  0.051967),  (0.630088,  0.634766)
(0.000000,  1.356883,  0.155240),  (0.603746,  0.633417)
(-0.150989,  1.282298,  0.021359),  (0.586142,  0.632297)
(0.000000,  1.356884,  -0.112521),  (0.560212,  0.631242)
(0.000000,  1.168283,  -0.071200),  (0.541331,  0.631691)
(-0.094556,  1.168283,  0.021359),  (0.678737,  0.632925)
(0.000000,  1.168283,  0.113919),  (0.669413,  0.633527)
(-0.111893,  1.323711,  0.130672),  (0.640325,  0.634743)
(-0.111893,  1.323711,  -0.087954),  (0.892909,  0.353732)
(-0.085524,  1.168283,  -0.054215),  (0.891559,  0.327390)
(-0.085524,  1.168283,  0.096934),  (0.890438,  0.309785)
(-0.222635,  0.152180,  -0.039337),  (0.889383,  0.283856)
(-0.168525,  0.152180,  -0.039337),  (0.889832,  0.264974)
(-0.227616,  0.077780,  0.028999),  (0.891069,  0.402379)
(-0.163544,  0.077780,  0.028999),  (0.891671,  0.393056)
(-0.242304,  0.134350,  -0.067431),  (0.892886,  0.363969)
(-0.148856,  0.134350,  -0.067431),  (0.733670,  0.245559)
(-0.263700,  0.048884,  -0.002837),  (0.734503,  0.298702)
(-0.137309,  0.048884,  -0.002837),  (0.733963,  0.316789)
(-0.263700,  -0.000636,  -0.037325),  (0.732815,  0.343428)
(-0.137309,  -0.000636,  -0.037325),  (0.645822,  0.227827)
(-0.227616,  0.042201,  0.118296),  (0.624440,  0.276487)
(-0.163544,  0.042201,  0.118296),  (0.617922,  0.293368)
(-0.137309,  0.027257,  0.143666),  (0.691025,  0.230360)
(-0.137309,  -0.000636,  0.144060),  (0.679654,  0.286692)
(-0.226059,  0.027257,  0.143666),  (0.675577,  0.306890)
(-0.263700,  0.032826,  0.105942),  (0.586207,  0.347688)
(-0.263700,  -0.000636,  0.106415),  (0.658513,  0.391438)
(-0.226059,  -0.000636,  0.144060),  (0.668131,  0.343782)
(-0.263700,  0.047827,  0.004326),  (0.608648,  0.318368)
(-0.263700,  -0.000636,  -0.027859),  (0.609301,  0.265734)
(-0.227616,  0.075437,  0.034879),  (0.599297,  0.286110)
(-0.163544,  0.075437,  0.034879),  (0.591558,  0.316560)
(-0.137309,  0.047460,  0.006810),  (0.752627,  0.294663)
(-0.137309,  -0.000636,  -0.025380),  (0.955755,  0.488947)
(-0.871224,  1.163590,  0.036284),  (0.955939,  0.522006)
(-0.874560,  1.163262,  -0.033316),  (0.928723,  0.594441)
(-0.852840,  1.138186,  0.035628),  (0.937472,  0.608039)
(-0.856176,  1.137858,  -0.033972),  (0.946479,  0.488943)
(-0.900286,  1.123240,  0.034475),  (0.946663,  0.522003)
(-0.903336,  1.122940,  -0.028279),  (0.934035,  0.591045)
(-0.883728,  1.110560,  0.033843),  (0.942783,  0.604642)
(-0.886779,  1.110260,  -0.028911),  (0.698001,  0.080594)
(-0.774090,  1.222360,  0.029346),  (0.698001,  0.116435)
(-0.777165,  1.222058,  -0.037708),  (0.725154,  0.194584)
(-0.755861,  1.197170,  0.028695),  (0.717659,  0.210433)
(-0.758936,  1.196868,  -0.038359),  (0.708541,  0.080527)
(-0.113240,  0.586569,  -0.078022),  (0.708427,  0.116367)
(-0.082002,  0.582474,  -0.051982),  (0.720918,  0.192650)
(-0.237841,  0.578378,  -0.053337),  (0.713472,  0.208523)
(-0.119340,  0.511847,  0.070522),  (0.835398,  0.344426)
(-0.211883,  0.512478,  0.073223),  (0.840849,  0.347580)
(-0.204264,  0.581564,  -0.080248),  (0.863859,  0.355519)
(-0.087530,  0.544880,  0.023013),  (0.869828,  0.355924)
(-0.237841,  0.539537,  0.022162),  (0.828432,  0.372111)
(-0.198081,  0.633585,  -0.031797),  (0.823475,  0.369303)
(-0.103183,  0.598124,  0.047794),  (0.863663,  0.382752)
(-0.219874,  0.592545,  0.048005),  (0.857877,  0.381920)
(-0.118040,  0.636636,  -0.030395),  (0.819834,  0.390173)
(-0.220407,  0.625059,  -0.016884),  (0.814062,  0.387226)
(-0.097986,  0.630186,  -0.015656),  (0.858987,  0.402380)
(-0.128667,  0.576870,  0.087793),  (0.852983,  0.400960)
(-0.199994,  0.573443,  0.087956),  (0.289636,  0.057611)
(-0.198080,  0.532476,  -0.089110),  (0.140986,  0.260148)
(-0.103183,  0.497015,  -0.009519),  (0.136078,  0.256091)
(-0.219874,  0.491436,  -0.009308),  (0.159080,  0.284706)
(-0.118040,  0.535527,  -0.087707),  (0.156601,  0.279187)
(-0.220407,  0.523950,  -0.074197),  (0.155472,  0.236040)
(-0.097986,  0.529077,  -0.072969),  (0.159878,  0.239755)
(-0.128667,  0.475761,  0.030480),  (0.179535,  0.264243)
(-0.199994,  0.472334,  0.030643),  (0.182360,  0.269438)
(-0.540349,  1.413919,  0.000192),  (0.169167,  0.220797)
(-0.547279,  1.405009,  -0.075928),  (0.173999,  0.225235)
(-0.522297,  1.371832,  0.003338),  (0.195887,  0.252899)
(-0.528529,  1.363980,  -0.073030),  (0.199345,  0.258100)
(-0.430966,  1.502658,  -0.009998),  (0.173261,  0.009333)
(-0.438907,  1.492543,  -0.086111),  (0.734807,  0.654842)
(-0.415900,  1.458808,  -0.006868),  (0.717265,  0.658612)
(-0.423477,  1.449350,  -0.083228),  (0.750294,  0.648109)
(-0.014953,  1.742743,  0.147077),  (0.769979,  0.646370)
(-0.029094,  1.742743,  0.132936),  (0.784305,  0.649472)
(-0.043235,  1.742743,  0.147077),  (0.680247,  0.646370)
(-0.029094,  1.742743,  0.161219),  (0.736248,  0.634185)
(-0.029094,  1.728602,  0.147077),  (0.721117,  0.637437)
(-0.029094,  1.756885,  0.147077),  (0.749606,  0.628378)
(-0.019095,  1.742743,  0.157077),  (0.766584,  0.626878)
(-0.019095,  1.752743,  0.147077),  (0.778941,  0.629554)
(-0.019095,  1.742743,  0.137078),  (0.689188,  0.626878)
(-0.019095,  1.732744,  0.147077),  (0.715442,  0.810963)
(-0.029094,  1.752743,  0.137078),  (0.819829,  0.807239)
(-0.039093,  1.742743,  0.137078),  (0.731913,  0.807239)
(-0.029094,  1.732744,  0.137078),  (0.751576,  0.809203)
(-0.039093,  1.752743,  0.147077),  (0.765073,  0.814924)
(-0.039093,  1.742743,  0.157077),  (0.782537,  0.818616)
(-0.039093,  1.732744,  0.147077),  (0.720711,  0.790938)
(-0.029094,  1.752743,  0.157077),  (0.810749,  0.787725)
(-0.029094,  1.732744,  0.157077),  (0.734918,  0.787725)
(-0.020930,  1.734579,  0.155242),  (0.751879,  0.789420)
(-0.020930,  1.734579,  0.138913),  (0.763519,  0.794354)
(-0.037259,  1.734579,  0.138913),  (0.778583,  0.797538)
(-0.037259,  1.734579,  0.155242),  (0.908450,  0.745056)
(-0.020930,  1.750908,  0.155242),  (0.904135,  0.754804)
(-0.020930,  1.750908,  0.138913),  (0.833967,  0.754880)
(-0.037259,  1.750908,  0.138913),  (0.830990,  0.745177)
(-0.037259,  1.750908,  0.155242),  (0.904129,  0.699721)
(-0.034763,  1.753187,  0.152849),  (0.908450,  0.709468)
(-0.041166,  1.742195,  0.143911),  (0.830990,  0.709590)
(-0.039963,  1.735472,  0.145676),  (0.833960,  0.699887)
(-0.031359,  1.735092,  0.152502),  (0.494043,  0.194253)
(-0.024256,  1.736612,  0.154753),  (0.489729,  0.184505)
(-0.041367,  1.748245,  0.145620),  (0.567188,  0.184626)
(-0.018946,  1.743683,  0.155049),  (0.564212,  0.194329)
(-0.027519,  1.751968,  0.156333),  (0.489729,  0.148917)
(-0.021010,  1.749661,  0.154674),  (0.494050,  0.139170)
(-0.167866,  0.161228,  -0.148321),  (0.564219,  0.139336)
(-0.215612,  0.161228,  -0.150009),  (0.567188,  0.149039)
(-0.154144,  0.161228,  -0.135887),  (0.298165,  0.508528)
(-0.157057,  0.161228,  -0.086097),  (0.275339,  0.511676)
(-0.172455,  0.161228,  -0.063220),  (0.305700,  0.509823)
(-0.218259,  0.161228,  -0.062044),  (0.268550,  0.515192)
(-0.230552,  0.161228,  -0.137238),  (0.299052,  0.516702)
(-0.230552,  0.161228,  -0.086005),  (0.276790,  0.519617)
(-0.230552,  0.129112,  -0.086005),  (0.304329,  0.517609)
(-0.230552,  0.129112,  -0.137238),  (0.272032,  0.522076)
(-0.218259,  0.129112,  -0.062044),  (0.945002,  0.404565)
(-0.172455,  0.129112,  -0.063220),  (0.925184,  0.403982)
(-0.157057,  0.129112,  -0.086097),  (0.948216,  0.405005)
(-0.154144,  0.129112,  -0.135887),  (0.921949,  0.404218)
(-0.215612,  0.129112,  -0.150009),  (0.944700,  0.416320)
(-0.167866,  0.129112,  -0.148321),  (0.924594,  0.415553)
(-0.878568,  1.158526,  -0.031946),  (0.948615,  0.414946)
(-0.875311,  1.158846,  0.035799),  (0.920775,  0.413931)
(-0.857434,  1.136971,  0.035149),  (0.852918,  0.413005)
(-0.860691,  1.136651,  -0.032596),  (0.830153,  0.409442)
(-0.906667,  1.113635,  0.034190),  (0.859760,  0.416416)
(-0.909366,  1.112181,  -0.028564),  (0.822640,  0.410854)
(-0.886499,  1.108326,  0.033557),  (0.851411,  0.421087)
(-0.889197,  1.106872,  -0.029197),  (0.829255,  0.417464)
(-0.917089,  1.073879,  0.029960),  (0.856204,  0.423476)
(-0.919788,  1.072425,  -0.021708),  (0.823991,  0.418448)
(-0.896921,  1.068570,  0.029439),  (0.914913,  0.403890)
(-0.899619,  1.067116,  -0.022228),  (0.895105,  0.404737)
(-0.818443,  1.135614,  0.028980),  (0.918150,  0.404098)
(-0.802400,  1.127500,  0.029455),  (0.891895,  0.405205)
(-0.814282,  1.144712,  0.044997),  (0.915459,  0.415637)
(-0.798239,  1.136598,  0.045473),  (0.895351,  0.416320)
(-0.803914,  1.171587,  0.015928),  (0.919265,  0.413984)
(-0.784437,  1.161736,  0.016505),  (0.891425,  0.414978)
(-0.799516,  1.181183,  0.033925),  (0.958767,  0.550321)
(-0.780039,  1.171332,  0.034502),  (0.975876,  0.547309)
(-0.833304,  1.111712,  0.041194),  (0.964745,  0.548726)
(-0.822106,  1.103284,  0.040772),  (0.969722,  0.547938)
(-0.831612,  1.113304,  0.053529),  (0.328507,  0.011171)
(-0.820413,  1.104877,  0.053107),  (0.321168,  0.013078)
(-0.818357,  1.134431,  0.035649),  (0.306461,  0.018011)
(-0.804760,  1.124200,  0.035136),  (0.313589,  0.015426)
(-0.816692,  1.135869,  0.049341),  (0.864443,  0.032226)
(-0.803096,  1.125638,  0.048828),  (0.856647,  0.033703)
(-0.040388,  1.752617,  0.138445),  (0.871951,  0.031168)
(-0.021490,  1.752617,  0.138445),  (0.879878,  0.030814)
(-0.040388,  1.733719,  0.138445),  (0.559557,  0.030392)
(-0.021490,  1.733719,  0.138445),  (0.542187,  0.030094)
(-0.030939,  1.729805,  0.138445),  (0.553404,  0.029752)
(-0.030939,  1.756531,  0.138445),  (0.548364,  0.029752)
