(0.895484,  4.125753,  -0.397268),  (0.344207,  0.605443)
(0.895485,  3.875592,  -0.625427),  (0.322954,  0.627202)
(0.355781,  3.842931,  -0.548613),  (0.330609,  0.630260)
(0.355781,  3.842931,  -0.548613),  (0.330609,  0.630260)
(0.355780,  4.044709,  -0.364583),  (0.347470,  0.613034)
(0.895484,  4.125753,  -0.397268),  (0.344207,  0.605443)
(-1.703751,  4.265995,  -0.787451),  (0.705881,  0.102716)
(-1.703750,  3.875592,  -0.625427),  (0.691004,  0.136500)
(-1.703748,  2.785234,  -0.625427),  (0.691097,  0.230985)
(-1.703748,  2.785234,  -0.625427),  (0.691097,  0.230985)
(-1.703747,  2.662093,  -0.787451),  (0.706133,  0.241996)
(-1.703751,  4.265995,  -0.787451),  (0.705881,  0.102716)
(-1.164046,  3.839999,  0.591832),  (0.292645,  0.182337)
(-1.164046,  3.842931,  -0.548613),  (0.397848,  0.182084)
(-1.164047,  4.044709,  -0.364583),  (0.380871,  0.164677)
(-1.164047,  4.044709,  -0.364583),  (0.380871,  0.164677)
(-1.164047,  4.044709,  0.403671),  (0.310002,  0.164677)
(-1.164046,  3.839999,  0.591832),  (0.292645,  0.182337)
(0.330496,  2.988948,  0.838664),  (0.459028,  0.705064)
(0.895478,  3.067192,  0.838664),  (0.458984,  0.697459)
(0.895482,  3.067192,  0.110791),  (0.391386,  0.697501)
(0.895482,  3.067192,  0.110791),  (0.391386,  0.697501)
(0.330499,  2.988948,  0.110791),  (0.391701,  0.705067)
(0.330496,  2.988948,  0.838664),  (0.459028,  0.705064)
(0.895483,  2.662093,  -0.308825),  (0.352418,  0.732611)
(0.895485,  2.662093,  -0.787451),  (0.308062,  0.732574)
(0.330503,  2.583850,  -0.787451),  (0.308140,  0.740170)
(0.330503,  2.583850,  -0.787451),  (0.308140,  0.740170)
(0.330501,  2.583850,  -0.308825),  (0.352722,  0.740161)
(0.895483,  2.662093,  -0.308825),  (0.352418,  0.732611)
(0.895482,  3.067192,  0.110791),  (0.391386,  0.697501)
(0.895483,  2.662093,  -0.308825),  (0.352418,  0.732611)
(0.330501,  2.583850,  -0.308825),  (0.352722,  0.740161)
(0.330501,  2.583850,  -0.308825),  (0.352722,  0.740161)
(0.330499,  2.988948,  0.110791),  (0.391701,  0.705067)
(0.895482,  3.067192,  0.110791),  (0.391386,  0.697501)
(0.895482,  3.190333,  0.065453),  (0.387213,  0.686858)
(0.895482,  3.067192,  0.110791),  (0.391386,  0.697501)
(0.895478,  3.067192,  0.838664),  (0.458984,  0.697459)
(0.895478,  3.067192,  0.838664),  (0.458984,  0.697459)
(0.895479,  3.190333,  0.668646),  (0.443194,  0.686798)
(0.895482,  3.190333,  0.065453),  (0.387213,  0.686858)
(0.895483,  2.785234,  -0.354164),  (0.348294,  0.721979)
(0.895483,  2.662093,  -0.308825),  (0.352418,  0.732611)
(0.895482,  3.067192,  0.110791),  (0.391386,  0.697501)
(0.895482,  3.067192,  0.110791),  (0.391386,  0.697501)
(0.895482,  3.190333,  0.065453),  (0.387213,  0.686858)
(0.895483,  2.785234,  -0.354164),  (0.348294,  0.721979)
(0.895485,  2.785234,  -0.625427),  (0.323012,  0.721917)
(0.895485,  2.662093,  -0.787451),  (0.308062,  0.732574)
(0.895483,  2.662093,  -0.308825),  (0.352418,  0.732611)
(0.895483,  2.662093,  -0.308825),  (0.352418,  0.732611)
(0.895483,  2.785234,  -0.354164),  (0.348294,  0.721979)
(0.895485,  2.785234,  -0.625427),  (0.323012,  0.721917)
(0.895478,  4.265995,  0.838664),  (0.458952,  0.593357)
(0.895480,  4.125753,  0.436180),  (0.421624,  0.605446)
(0.895479,  3.872843,  0.668646),  (0.443267,  0.627454)
(0.355776,  3.271378,  0.591832),  (0.435720,  0.679445)
(0.895479,  3.190333,  0.668646),  (0.443194,  0.686798)
(0.895479,  3.872843,  0.668646),  (0.443267,  0.627454)
(0.895479,  3.872843,  0.668646),  (0.443267,  0.627454)
(0.355775,  3.839999,  0.591832),  (0.435598,  0.630528)
(0.355776,  3.271378,  0.591832),  (0.435720,  0.679445)
(0.355781,  3.842931,  -0.548613),  (0.330609,  0.630260)
(0.895485,  3.875592,  -0.625427),  (0.322954,  0.627202)
(0.895485,  2.785234,  -0.625427),  (0.323012,  0.721917)
(0.895485,  2.785234,  -0.625427),  (0.323012,  0.721917)
(0.355780,  2.866279,  -0.548613),  (0.330448,  0.714566)
(0.355781,  3.842931,  -0.548613),  (0.330609,  0.630260)
(0.355778,  3.271378,  0.035613),  (0.384218,  0.679249)
(0.895482,  3.190333,  0.065453),  (0.387213,  0.686858)
(0.895479,  3.190333,  0.668646),  (0.443194,  0.686798)
(0.895479,  3.190333,  0.668646),  (0.443194,  0.686798)
(0.355776,  3.271378,  0.591832),  (0.435720,  0.679445)
(0.355778,  3.271378,  0.035613),  (0.384218,  0.679249)
(0.355780,  2.866279,  -0.384003),  (0.345338,  0.714367)
(0.895483,  2.785234,  -0.354164),  (0.348294,  0.721979)
(0.895482,  3.190333,  0.065453),  (0.387213,  0.686858)
(0.895482,  3.190333,  0.065453),  (0.387213,  0.686858)
(0.355778,  3.271378,  0.035613),  (0.384218,  0.679249)
(0.355780,  2.866279,  -0.384003),  (0.345338,  0.714367)
(0.355780,  2.866279,  -0.548613),  (0.330448,  0.714566)
(0.895485,  2.785234,  -0.625427),  (0.323012,  0.721917)
(0.895483,  2.785234,  -0.354164),  (0.348294,  0.721979)
(0.895483,  2.785234,  -0.354164),  (0.348294,  0.721979)
(0.355780,  2.866279,  -0.384003),  (0.345338,  0.714367)
(0.355780,  2.866279,  -0.548613),  (0.330448,  0.714566)
(0.355775,  3.839999,  0.591832),  (0.435598,  0.630528)
(0.895479,  3.872843,  0.668646),  (0.443267,  0.627454)
(0.895480,  4.125753,  0.436180),  (0.421624,  0.605446)
(0.895480,  4.125753,  0.436180),  (0.421624,  0.605446)
(0.355776,  4.044709,  0.403671),  (0.418375,  0.613034)
(0.355775,  3.839999,  0.591832),  (0.435598,  0.630528)
(0.355776,  4.044709,  0.403671),  (0.418375,  0.613034)
(0.895480,  4.125753,  0.436180),  (0.421624,  0.605446)
(0.895484,  4.125753,  -0.397268),  (0.344207,  0.605443)
(0.895484,  4.125753,  -0.397268),  (0.344207,  0.605443)
(0.355780,  4.044709,  -0.364583),  (0.347470,  0.613034)
(0.355776,  4.044709,  0.403671),  (0.418375,  0.613034)
(-1.138767,  2.988948,  0.838664),  (0.553844,  0.213808)
(-1.138766,  2.988948,  0.110791),  (0.621241,  0.215859)
(-1.703749,  3.067192,  0.110791),  (0.621665,  0.207966)
(-1.703749,  3.067192,  0.110791),  (0.621665,  0.207966)
(-1.703749,  3.067192,  0.838664),  (0.554110,  0.206413)
(-1.138767,  2.988948,  0.838664),  (0.553844,  0.213808)
(-1.703748,  2.662093,  -0.308825),  (0.661904,  0.241819)
(-1.138765,  2.583850,  -0.308825),  (0.661836,  0.248913)
(-1.138765,  2.583850,  -0.787451),  (0.706142,  0.249955)
(-1.138765,  2.583850,  -0.787451),  (0.706142,  0.249955)
(-1.703747,  2.662093,  -0.787451),  (0.706133,  0.241996)
(-1.703748,  2.662093,  -0.308825),  (0.661904,  0.241819)
(-1.703749,  3.067192,  0.110791),  (0.621665,  0.207966)
(-1.138766,  2.988948,  0.110791),  (0.621241,  0.215859)
(-1.138765,  2.583850,  -0.308825),  (0.661836,  0.248913)
(-1.138765,  2.583850,  -0.308825),  (0.661836,  0.248913)
(-1.703748,  2.662093,  -0.308825),  (0.661904,  0.241819)
(-1.703749,  3.067192,  0.110791),  (0.621665,  0.207966)
(-1.703749,  3.190333,  0.065453),  (0.625910,  0.197631)
(-1.703749,  3.190333,  0.668646),  (0.569551,  0.195767)
(-1.703749,  3.067192,  0.838664),  (0.554110,  0.206413)
(-1.703749,  3.067192,  0.838664),  (0.554110,  0.206413)
(-1.703749,  3.067192,  0.110791),  (0.621665,  0.207966)
(-1.703749,  3.190333,  0.065453),  (0.625910,  0.197631)
(-1.703748,  2.785234,  -0.354164),  (0.666052,  0.231352)
(-1.703749,  3.190333,  0.065453),  (0.625910,  0.197631)
(-1.703749,  3.067192,  0.110791),  (0.621665,  0.207966)
(-1.703749,  3.067192,  0.110791),  (0.621665,  0.207966)
(-1.703748,  2.662093,  -0.308825),  (0.661904,  0.241819)
(-1.703748,  2.785234,  -0.354164),  (0.666052,  0.231352)
(-1.703748,  2.785234,  -0.625427),  (0.691097,  0.230985)
(-1.703748,  2.785234,  -0.354164),  (0.666052,  0.231352)
(-1.703748,  2.662093,  -0.308825),  (0.661904,  0.241819)
(-1.703748,  2.662093,  -0.308825),  (0.661904,  0.241819)
(-1.703747,  2.662093,  -0.787451),  (0.706133,  0.241996)
(-1.703748,  2.785234,  -0.625427),  (0.691097,  0.230985)
(-1.164047,  4.044709,  -0.364583),  (0.665489,  0.121651)
(-1.164046,  3.842931,  -0.548613),  (0.682484,  0.138940)
(-1.703750,  3.875592,  -0.625427),  (0.691004,  0.136500)
(-1.703750,  3.875592,  -0.625427),  (0.691004,  0.136500)
(-1.703751,  4.125753,  -0.397268),  (0.669415,  0.115125)
(-1.164047,  4.044709,  -0.364583),  (0.665489,  0.121651)
(-1.703751,  4.125753,  -0.397268),  (0.669415,  0.115125)
(-1.703750,  3.875592,  -0.625427),  (0.691004,  0.136500)
(-1.703751,  4.265995,  -0.787451),  (0.705881,  0.102716)
(-1.164045,  3.271378,  0.591832),  (0.577821,  0.189046)
(-1.164046,  3.839999,  0.591832),  (0.577022,  0.140050)
(-1.703751,  3.872843,  0.668646),  (0.570014,  0.136295)
(-1.703751,  3.872843,  0.668646),  (0.570014,  0.136295)
(-1.703749,  3.190333,  0.668646),  (0.569551,  0.195767)
(-1.164045,  3.271378,  0.591832),  (0.577821,  0.189046)
(-1.164046,  3.842931,  -0.548613),  (0.682484,  0.138940)
(-1.164044,  2.866279,  -0.548613),  (0.684917,  0.223304)
(-1.703748,  2.785234,  -0.625427),  (0.691097,  0.230985)
(-1.703748,  2.785234,  -0.625427),  (0.691097,  0.230985)
(-1.703750,  3.875592,  -0.625427),  (0.691004,  0.136500)
(-1.164046,  3.842931,  -0.548613),  (0.682484,  0.138940)
(-1.164045,  3.271378,  0.035613),  (0.628883,  0.190376)
(-1.164045,  3.271378,  0.591832),  (0.577821,  0.189046)
(-1.703749,  3.190333,  0.668646),  (0.569551,  0.195767)
(-1.703749,  3.190333,  0.668646),  (0.569551,  0.195767)
(-1.703749,  3.190333,  0.065453),  (0.625910,  0.197631)
(-1.164045,  3.271378,  0.035613),  (0.628883,  0.190376)
(-1.164044,  2.866279,  -0.384003),  (0.669516,  0.223636)
(-1.164045,  3.271378,  0.035613),  (0.628883,  0.190376)
(-1.703749,  3.190333,  0.065453),  (0.625910,  0.197631)
(-1.703749,  3.190333,  0.065453),  (0.625910,  0.197631)
(-1.703748,  2.785234,  -0.354164),  (0.666052,  0.231352)
(-1.164044,  2.866279,  -0.384003),  (0.669516,  0.223636)
(-1.164044,  2.866279,  -0.548613),  (0.684917,  0.223304)
(-1.164044,  2.866279,  -0.384003),  (0.669516,  0.223636)
(-1.703748,  2.785234,  -0.354164),  (0.666052,  0.231352)
(-1.703748,  2.785234,  -0.354164),  (0.666052,  0.231352)
(-1.703748,  2.785234,  -0.625427),  (0.691097,  0.230985)
(-1.164044,  2.866279,  -0.548613),  (0.684917,  0.223304)
(-1.164046,  3.839999,  0.591832),  (0.577022,  0.140050)
(-1.164047,  4.044709,  0.403671),  (0.594394,  0.122616)
(-1.703751,  4.125753,  0.436180),  (0.591937,  0.114281)
(-1.703751,  4.125753,  0.436180),  (0.591937,  0.114281)
(-1.703751,  3.872843,  0.668646),  (0.570014,  0.136295)
(-1.164046,  3.839999,  0.591832),  (0.577022,  0.140050)
(-1.164047,  4.044709,  0.403671),  (0.594394,  0.122616)
(-1.164047,  4.044709,  -0.364583),  (0.665489,  0.121651)
(-1.703751,  4.125753,  -0.397268),  (0.669415,  0.115125)
(-1.703751,  4.125753,  -0.397268),  (0.669415,  0.115125)
(-1.703751,  4.125753,  0.436180),  (0.591937,  0.114281)
(-1.164047,  4.044709,  0.403671),  (0.594394,  0.122616)
(-1.703751,  4.265995,  0.838664),  (0.554748,  0.102033)
(-1.703751,  3.872843,  0.668646),  (0.570014,  0.136295)
(-1.703751,  4.125753,  0.436180),  (0.591937,  0.114281)
(-1.043698,  2.513573,  0.838665),  (0.240360,  0.835248)
(-1.043696,  2.513574,  0.110792),  (0.173297,  0.834595)
(-1.608678,  2.591817,  0.110792),  (0.172992,  0.842136)
(-1.608678,  2.591817,  0.110792),  (0.172992,  0.842136)
(-1.608680,  2.591817,  0.838665),  (0.240285,  0.842782)
(-1.043698,  2.513573,  0.838665),  (0.240360,  0.835248)
(-1.608677,  2.309226,  -0.181927),  (0.145334,  0.818357)
(-1.043695,  2.230982,  -0.181927),  (0.145873,  0.810823)
(-1.043694,  2.108475,  -0.308825),  (0.133888,  0.800463)
(-1.043694,  2.108475,  -0.308825),  (0.133888,  0.800463)
(-1.608676,  2.186719,  -0.308825),  (0.133567,  0.807985)
(-1.608677,  2.309226,  -0.181927),  (0.145334,  0.818357)
(-1.608676,  2.186719,  -0.308825),  (0.133567,  0.807985)
(-1.043694,  2.108475,  -0.308825),  (0.133888,  0.800463)
(-1.043693,  2.108476,  -0.787450),  (0.089618,  0.799752)
(-1.043693,  2.108476,  -0.787450),  (0.089618,  0.799752)
(-1.608675,  2.186719,  -0.787450),  (0.089501,  0.807313)
(-1.608676,  2.186719,  -0.308825),  (0.133567,  0.807985)
(-1.608678,  2.591817,  0.110792),  (0.172992,  0.842136)
(-1.043696,  2.513574,  0.110792),  (0.173297,  0.834595)
(-1.043695,  2.230982,  -0.181927),  (0.145873,  0.810823)
(-1.043695,  2.230982,  -0.181927),  (0.145873,  0.810823)
(-1.608677,  2.309226,  -0.181927),  (0.145334,  0.818357)
(-1.608678,  2.591817,  0.110792),  (0.172992,  0.842136)
(-1.608680,  2.591817,  0.838665),  (0.240285,  0.842782)
(-1.608678,  2.591817,  0.110792),  (0.172992,  0.842136)
(-1.608679,  2.775102,  0.110792),  (0.173084,  0.857939)
(-1.608679,  2.775102,  0.110792),  (0.173084,  0.857939)
(-1.608681,  2.775102,  0.838665),  (0.240124,  0.858607)
(-1.608680,  2.591817,  0.838665),  (0.240285,  0.842782)
(-1.608678,  2.591817,  0.110792),  (0.172992,  0.842136)
(-1.608677,  2.309226,  -0.181927),  (0.145334,  0.818357)
(-1.608677,  2.492511,  -0.181927),  (0.145630,  0.834177)
(-1.608677,  2.492511,  -0.181927),  (0.145630,  0.834177)
(-1.608679,  2.775102,  0.110792),  (0.173084,  0.857939)
(-1.608678,  2.591817,  0.110792),  (0.172992,  0.842136)
(-1.608677,  2.309226,  -0.181927),  (0.145334,  0.818357)
(-1.608676,  2.186719,  -0.308825),  (0.133567,  0.807985)
(-1.608677,  2.370004,  -0.308825),  (0.133567,  0.823821)
(-1.608677,  2.370004,  -0.308825),  (0.133567,  0.823821)
(-1.608677,  2.492511,  -0.181927),  (0.145630,  0.834177)
(-1.608677,  2.309226,  -0.181927),  (0.145334,  0.818357)
(-1.608676,  2.186719,  -0.308825),  (0.133567,  0.807985)
(-1.608675,  2.186719,  -0.787450),  (0.089501,  0.807313)
(-1.608676,  2.370004,  -0.787450),  (0.089263,  0.823122)
(-1.608676,  2.370004,  -0.787450),  (0.089263,  0.823122)
(-1.608677,  2.370004,  -0.308825),  (0.133567,  0.823821)
(-1.608676,  2.186719,  -0.308825),  (0.133567,  0.807985)
(-1.608681,  2.775102,  0.838665),  (0.240124,  0.858607)
(-1.608679,  2.775102,  0.110792),  (0.173084,  0.857939)
(-0.959346,  2.852466,  0.110792),  (0.172689,  0.865620)
(-0.959346,  2.852466,  0.110792),  (0.172689,  0.865620)
(-0.959348,  2.852466,  0.838665),  (0.240030,  0.866342)
(-1.608681,  2.775102,  0.838665),  (0.240124,  0.858607)
(-1.608677,  2.492511,  -0.181927),  (0.145630,  0.834177)
(-1.608677,  2.370004,  -0.308825),  (0.133567,  0.823821)
(-0.959344,  2.447367,  -0.308825),  (0.133138,  0.831551)
(-0.959344,  2.447367,  -0.308825),  (0.133138,  0.831551)
(-0.959345,  2.569874,  -0.181927),  (0.144938,  0.841856)
(-1.608677,  2.492511,  -0.181927),  (0.145630,  0.834177)
(-1.608679,  2.775102,  0.110792),  (0.173084,  0.857939)
(-1.608677,  2.492511,  -0.181927),  (0.145630,  0.834177)
(-0.959345,  2.569874,  -0.181927),  (0.144938,  0.841856)
(-0.959345,  2.569874,  -0.181927),  (0.144938,  0.841856)
(-0.959346,  2.852466,  0.110792),  (0.172689,  0.865620)
(-1.608679,  2.775102,  0.110792),  (0.173084,  0.857939)
(-1.608677,  2.370004,  -0.308825),  (0.133567,  0.823821)
(-1.608676,  2.370004,  -0.787450),  (0.089263,  0.823122)
(-0.959343,  2.447368,  -0.787450),  (0.089122,  0.830812)
(-0.959343,  2.447368,  -0.787450),  (0.089122,  0.830812)
(-0.959344,  2.447367,  -0.308825),  (0.133138,  0.831551)
(-1.608677,  2.370004,  -0.308825),  (0.133567,  0.823821)
(-1.043697,  2.043273,  0.838665),  (0.242675,  0.753474)
(-1.043695,  2.043273,  0.110792),  (0.175612,  0.752821)
(-1.608677,  2.121517,  0.110792),  (0.175307,  0.760363)
(-1.608677,  2.121517,  0.110792),  (0.175307,  0.760363)
(-1.608679,  2.121517,  0.838665),  (0.242600,  0.761008)
(-1.043697,  2.043273,  0.838665),  (0.242675,  0.753474)
(-1.608676,  1.838925,  -0.181927),  (0.147649,  0.736584)
(-1.043694,  1.760682,  -0.181927),  (0.148188,  0.729049)
(-1.043693,  1.638175,  -0.308825),  (0.136203,  0.718689)
(-1.043693,  1.638175,  -0.308825),  (0.136203,  0.718689)
(-1.608675,  1.716418,  -0.308825),  (0.135882,  0.726211)
(-1.608676,  1.838925,  -0.181927),  (0.147649,  0.736584)
(-1.608675,  1.716418,  -0.308825),  (0.135882,  0.726211)
(-1.043693,  1.638175,  -0.308825),  (0.136203,  0.718689)
(-1.043692,  1.638175,  -0.787450),  (0.091933,  0.717979)
(-1.043692,  1.638175,  -0.787450),  (0.091933,  0.717979)
(-1.608674,  1.716418,  -0.787450),  (0.091816,  0.725539)
(-1.608675,  1.716418,  -0.308825),  (0.135882,  0.726211)
(-1.608677,  2.121517,  0.110792),  (0.175307,  0.760363)
(-1.043695,  2.043273,  0.110792),  (0.175612,  0.752821)
(-1.043694,  1.760682,  -0.181927),  (0.148188,  0.729049)
(-1.043694,  1.760682,  -0.181927),  (0.148188,  0.729049)
(-1.608676,  1.838925,  -0.181927),  (0.147649,  0.736584)
(-1.608677,  2.121517,  0.110792),  (0.175307,  0.760363)
(-1.608679,  2.121517,  0.838665),  (0.242600,  0.761008)
(-1.608677,  2.121517,  0.110792),  (0.175307,  0.760363)
(-1.608678,  2.304802,  0.110792),  (0.175399,  0.776166)
(-1.608678,  2.304802,  0.110792),  (0.175399,  0.776166)
(-1.608679,  2.304802,  0.838665),  (0.242439,  0.776834)
(-1.608679,  2.121517,  0.838665),  (0.242600,  0.761008)
(-1.608677,  2.121517,  0.110792),  (0.175307,  0.760363)
(-1.608676,  1.838925,  -0.181927),  (0.147649,  0.736584)
(-1.608676,  2.022210,  -0.181927),  (0.147945,  0.752403)
(-1.608676,  2.022210,  -0.181927),  (0.147945,  0.752403)
(-1.608678,  2.304802,  0.110792),  (0.175399,  0.776166)
(-1.608677,  2.121517,  0.110792),  (0.175307,  0.760363)
(-1.608676,  1.838925,  -0.181927),  (0.147649,  0.736584)
(-1.608675,  1.716418,  -0.308825),  (0.135882,  0.726211)
(-1.608676,  1.899703,  -0.308825),  (0.135882,  0.742047)
(-1.608676,  1.899703,  -0.308825),  (0.135882,  0.742047)
(-1.608676,  2.022210,  -0.181927),  (0.147945,  0.752403)
(-1.608676,  1.838925,  -0.181927),  (0.147649,  0.736584)
(-1.608675,  1.716418,  -0.308825),  (0.135882,  0.726211)
(-1.608674,  1.716418,  -0.787450),  (0.091816,  0.725539)
(-1.608675,  1.899703,  -0.787450),  (0.091578,  0.741348)
(-1.608675,  1.899703,  -0.787450),  (0.091578,  0.741348)
(-1.608676,  1.899703,  -0.308825),  (0.135882,  0.742047)
(-1.608675,  1.716418,  -0.308825),  (0.135882,  0.726211)
(-1.608679,  2.304802,  0.838665),  (0.242439,  0.776834)
(-1.608678,  2.304802,  0.110792),  (0.175399,  0.776166)
(-0.959345,  2.382165,  0.110792),  (0.175004,  0.783847)
(-0.959345,  2.382165,  0.110792),  (0.175004,  0.783847)
(-0.959347,  2.382165,  0.838665),  (0.242345,  0.784568)
(-1.608679,  2.304802,  0.838665),  (0.242439,  0.776834)
(-1.608676,  2.022210,  -0.181927),  (0.147945,  0.752403)
(-1.608676,  1.899703,  -0.308825),  (0.135882,  0.742047)
(-0.959343,  1.977067,  -0.308825),  (0.135454,  0.749777)
(-0.959343,  1.977067,  -0.308825),  (0.135454,  0.749777)
(-0.959344,  2.099574,  -0.181927),  (0.147253,  0.760082)
(-1.608676,  2.022210,  -0.181927),  (0.147945,  0.752403)
(-1.608678,  2.304802,  0.110792),  (0.175399,  0.776166)
(-1.608676,  2.022210,  -0.181927),  (0.147945,  0.752403)
(-0.959344,  2.099574,  -0.181927),  (0.147253,  0.760082)
(-0.959344,  2.099574,  -0.181927),  (0.147253,  0.760082)
(-0.959345,  2.382165,  0.110792),  (0.175004,  0.783847)
(-1.608678,  2.304802,  0.110792),  (0.175399,  0.776166)
(-1.608676,  1.899703,  -0.308825),  (0.135882,  0.742047)
(-1.608675,  1.899703,  -0.787450),  (0.091578,  0.741348)
(-0.959342,  1.977067,  -0.787450),  (0.091438,  0.749039)
(-0.959342,  1.977067,  -0.787450),  (0.091438,  0.749039)
(-0.959343,  1.977067,  -0.308825),  (0.135454,  0.749777)
(-1.608676,  1.899703,  -0.308825),  (0.135882,  0.742047)
(-1.043696,  1.569964,  0.838665),  (0.240238,  0.793438)
(-1.043694,  1.569964,  0.110792),  (0.173175,  0.792784)
(-1.608676,  1.648207,  0.110792),  (0.172870,  0.800326)
(-1.608676,  1.648207,  0.110792),  (0.172870,  0.800326)
(-1.608678,  1.648207,  0.838665),  (0.240163,  0.800973)
(-1.043696,  1.569964,  0.838665),  (0.240238,  0.793438)
(-1.608675,  1.365616,  -0.181927),  (0.145212,  0.776547)
(-1.043693,  1.287372,  -0.181927),  (0.145751,  0.769012)
(-1.043692,  1.164865,  -0.308825),  (0.133766,  0.758652)
(-1.043692,  1.164865,  -0.308825),  (0.133766,  0.758652)
(-1.608674,  1.243109,  -0.308825),  (0.133446,  0.766174)
(-1.608675,  1.365616,  -0.181927),  (0.145212,  0.776547)
(-1.608674,  1.243109,  -0.308825),  (0.133446,  0.766174)
(-1.043692,  1.164865,  -0.308825),  (0.133766,  0.758652)
(-1.043691,  1.164865,  -0.787450),  (0.089497,  0.757941)
(-1.043691,  1.164865,  -0.787450),  (0.089497,  0.757941)
(-1.608673,  1.243109,  -0.787450),  (0.089379,  0.765502)
(-1.608674,  1.243109,  -0.308825),  (0.133446,  0.766174)
(-1.608676,  1.648207,  0.110792),  (0.172870,  0.800326)
(-1.043694,  1.569964,  0.110792),  (0.173175,  0.792784)
(-1.043693,  1.287372,  -0.181927),  (0.145751,  0.769012)
(-1.043693,  1.287372,  -0.181927),  (0.145751,  0.769012)
(-1.608675,  1.365616,  -0.181927),  (0.145212,  0.776547)
(-1.608676,  1.648207,  0.110792),  (0.172870,  0.800326)
(-1.608678,  1.648207,  0.838665),  (0.240163,  0.800973)
(-1.608676,  1.648207,  0.110792),  (0.172870,  0.800326)
(-1.608677,  1.831492,  0.110792),  (0.172962,  0.816129)
(-1.608677,  1.831492,  0.110792),  (0.172962,  0.816129)
(-1.608679,  1.831492,  0.838665),  (0.240002,  0.816798)
(-1.608678,  1.648207,  0.838665),  (0.240163,  0.800973)
(-1.608676,  1.648207,  0.110792),  (0.172870,  0.800326)
(-1.608675,  1.365616,  -0.181927),  (0.145212,  0.776547)
(-1.608675,  1.548901,  -0.181927),  (0.145508,  0.792366)
(-1.608675,  1.548901,  -0.181927),  (0.145508,  0.792366)
(-1.608677,  1.831492,  0.110792),  (0.172962,  0.816129)
(-1.608676,  1.648207,  0.110792),  (0.172870,  0.800326)
(-1.608675,  1.365616,  -0.181927),  (0.145212,  0.776547)
(-1.608674,  1.243109,  -0.308825),  (0.133446,  0.766174)
(-1.608675,  1.426394,  -0.308825),  (0.133446,  0.782010)
(-1.608675,  1.426394,  -0.308825),  (0.133446,  0.782010)
(-1.608675,  1.548901,  -0.181927),  (0.145508,  0.792366)
(-1.608675,  1.365616,  -0.181927),  (0.145212,  0.776547)
(-1.608674,  1.243109,  -0.308825),  (0.133446,  0.766174)
(-1.608673,  1.243109,  -0.787450),  (0.089379,  0.765502)
(-1.608673,  1.426394,  -0.787450),  (0.089142,  0.781310)
(-1.608673,  1.426394,  -0.787450),  (0.089142,  0.781310)
(-1.608675,  1.426394,  -0.308825),  (0.133446,  0.782010)
(-1.608674,  1.243109,  -0.308825),  (0.133446,  0.766174)
(-1.608679,  1.831492,  0.838665),  (0.240002,  0.816798)
(-1.608677,  1.831492,  0.110792),  (0.172962,  0.816129)
(-0.959344,  1.908856,  0.110792),  (0.172567,  0.823810)
(-0.959344,  1.908856,  0.110792),  (0.172567,  0.823810)
(-0.959346,  1.908856,  0.838665),  (0.239908,  0.824532)
(-1.608679,  1.831492,  0.838665),  (0.240002,  0.816798)
(-1.608675,  1.548901,  -0.181927),  (0.145508,  0.792366)
(-1.608675,  1.426394,  -0.308825),  (0.133446,  0.782010)
(-0.959342,  1.503757,  -0.308825),  (0.133017,  0.789741)
(-0.959342,  1.503757,  -0.308825),  (0.133017,  0.789741)
(-0.959343,  1.626265,  -0.181927),  (0.144816,  0.800045)
(-1.608675,  1.548901,  -0.181927),  (0.145508,  0.792366)
(-1.608677,  1.831492,  0.110792),  (0.172962,  0.816129)
(-1.608675,  1.548901,  -0.181927),  (0.145508,  0.792366)
(-0.959343,  1.626265,  -0.181927),  (0.144816,  0.800045)
(-0.959343,  1.626265,  -0.181927),  (0.144816,  0.800045)
(-0.959344,  1.908856,  0.110792),  (0.172567,  0.823810)
(-1.608677,  1.831492,  0.110792),  (0.172962,  0.816129)
(-1.608675,  1.426394,  -0.308825),  (0.133446,  0.782010)
(-1.608673,  1.426394,  -0.787450),  (0.089142,  0.781310)
(-0.959341,  1.503758,  -0.787450),  (0.089001,  0.789001)
(-0.959341,  1.503758,  -0.787450),  (0.089001,  0.789001)
(-0.959342,  1.503757,  -0.308825),  (0.133017,  0.789741)
(-1.608675,  1.426394,  -0.308825),  (0.133446,  0.782010)
(1.442193,  2.746729,  1.122682),  (0.335259,  0.697648)
(0.884386,  2.746729,  1.122682),  (0.333797,  0.699148)
(0.884387,  2.746729,  0.992360),  (0.350427,  0.701068)
(0.884387,  2.746729,  0.992360),  (0.350427,  0.701068)
(1.442193,  2.746729,  0.992360),  (0.349441,  0.698189)
(1.442193,  2.746729,  1.122682),  (0.335259,  0.697648)
(2.000000,  2.640783,  0.939788),  (0.353871,  0.686871)
(2.000000,  2.310506,  0.939788),  (0.353870,  0.653807)
(2.000000,  2.242427,  1.011336),  (0.347127,  0.646919)
(2.000000,  2.242427,  1.011336),  (0.347127,  0.646919)
(2.000000,  2.708863,  1.011336),  (0.347129,  0.693757)
(2.000000,  2.640783,  0.939788),  (0.353871,  0.686871)
(1.442193,  2.746729,  0.992360),  (0.349441,  0.698189)
(1.442194,  2.667597,  0.909196),  (0.358028,  0.689774)
(2.000000,  2.640783,  0.939788),  (0.353871,  0.686871)
(2.000000,  2.640783,  0.939788),  (0.353871,  0.686871)
(2.000000,  2.708863,  1.011336),  (0.347129,  0.693757)
(1.442193,  2.746729,  0.992360),  (0.349441,  0.698189)
(1.442194,  2.204560,  0.992360),  (0.349441,  0.642490)
(1.442194,  2.283693,  0.909196),  (0.358027,  0.650905)
(0.884387,  2.283693,  0.909196),  (0.360921,  0.649648)
(0.884387,  2.283693,  0.909196),  (0.360921,  0.649648)
(0.884387,  2.204560,  0.992360),  (0.350428,  0.639612)
(1.442194,  2.204560,  0.992360),  (0.349441,  0.642490)
(1.442193,  2.204560,  1.122682),  (0.335258,  0.643021)
(1.999999,  2.242427,  1.122682),  (0.336338,  0.647038)
(2.000000,  2.242427,  1.011336),  (0.347127,  0.646919)
(2.000000,  2.242427,  1.011336),  (0.347127,  0.646919)
(1.442194,  2.204560,  0.992360),  (0.349441,  0.642490)
(1.442193,  2.204560,  1.122682),  (0.335258,  0.643021)
(0.884386,  2.204560,  1.122682),  (0.333797,  0.641520)
(1.442193,  2.204560,  1.122682),  (0.335258,  0.643021)
(1.442194,  2.204560,  0.992360),  (0.349441,  0.642490)
(1.442194,  2.204560,  0.992360),  (0.349441,  0.642490)
(0.884387,  2.204560,  0.992360),  (0.350428,  0.639612)
(0.884386,  2.204560,  1.122682),  (0.333797,  0.641520)
(2.000000,  2.242427,  1.011336),  (0.347127,  0.646919)
(2.000000,  2.310506,  0.939788),  (0.353870,  0.653807)
(1.442194,  2.283693,  0.909196),  (0.358027,  0.650905)
(1.442194,  2.283693,  0.909196),  (0.358027,  0.650905)
(1.442194,  2.204560,  0.992360),  (0.349441,  0.642490)
(2.000000,  2.242427,  1.011336),  (0.347127,  0.646919)
(0.884387,  2.746729,  0.992360),  (0.350427,  0.701068)
(0.884387,  2.667597,  0.909195),  (0.360921,  0.691031)
(1.442194,  2.667597,  0.909196),  (0.358028,  0.689774)
(1.442194,  2.667597,  0.909196),  (0.358028,  0.689774)
(1.442193,  2.746729,  0.992360),  (0.349441,  0.698189)
(0.884387,  2.746729,  0.992360),  (0.350427,  0.701068)
(1.999999,  2.708863,  1.122682),  (0.336340,  0.693634)
(1.442193,  2.746729,  1.122682),  (0.335259,  0.697648)
(1.442193,  2.746729,  0.992360),  (0.349441,  0.698189)
(1.442193,  2.746729,  0.992360),  (0.349441,  0.698189)
(2.000000,  2.708863,  1.011336),  (0.347129,  0.693757)
(1.999999,  2.708863,  1.122682),  (0.336340,  0.693634)
(1.999999,  2.708863,  1.122682),  (0.336340,  0.693634)
(2.000000,  2.708863,  1.011336),  (0.347129,  0.693757)
(2.000000,  2.242427,  1.011336),  (0.347127,  0.646919)
(2.000000,  2.242427,  1.011336),  (0.347127,  0.646919)
(1.999999,  2.242427,  1.122682),  (0.336338,  0.647038)
(1.999999,  2.708863,  1.122682),  (0.336340,  0.693634)
(1.442194,  2.667597,  0.909196),  (0.358028,  0.689774)
(0.884387,  2.667597,  0.909195),  (0.360921,  0.691031)
(0.884387,  2.283693,  0.909196),  (0.360921,  0.649648)
(0.884387,  2.283693,  0.909196),  (0.360921,  0.649648)
(1.442194,  2.283693,  0.909196),  (0.358027,  0.650905)
(1.442194,  2.667597,  0.909196),  (0.358028,  0.689774)
(2.000000,  2.640783,  0.939788),  (0.353871,  0.686871)
(1.442194,  2.667597,  0.909196),  (0.358028,  0.689774)
(1.442194,  2.283693,  0.909196),  (0.358027,  0.650905)
(1.442194,  2.283693,  0.909196),  (0.358027,  0.650905)
(2.000000,  2.310506,  0.939788),  (0.353870,  0.653807)
(2.000000,  2.640783,  0.939788),  (0.353871,  0.686871)
(1.278893,  0.438999,  -0.322527),  (0.093552,  0.476801)
(1.278895,  0.325530,  -0.687681),  (0.059938,  0.486592)
(1.278894,  0.000000,  -0.687682),  (0.060221,  0.515122)
(1.278894,  0.000000,  -0.687682),  (0.060221,  0.515122)
(1.278893,  0.275194,  -0.322527),  (0.094213,  0.491304)
(1.278893,  0.438999,  -0.322527),  (0.093552,  0.476801)
(1.278895,  0.946546,  -0.759846),  (0.053087,  0.432405)
(1.278897,  0.833077,  -1.125000),  (0.019331,  0.442183)
(1.278895,  0.325530,  -0.687681),  (0.059938,  0.486592)
(1.278895,  0.325530,  -0.687681),  (0.059938,  0.486592)
(1.278893,  0.438999,  -0.322527),  (0.093552,  0.476801)
(1.278895,  0.946546,  -0.759846),  (0.053087,  0.432405)
(1.278895,  4.252324,  -0.482957),  (0.079516,  0.144818)
(1.278896,  4.500000,  -0.764613),  (0.053446,  0.123393)
(1.278898,  4.174083,  -1.124999),  (0.019567,  0.152049)
(1.278898,  4.174083,  -1.124999),  (0.019567,  0.152049)
(1.278896,  3.960249,  -0.759845),  (0.053257,  0.170525)
(1.278895,  4.252324,  -0.482957),  (0.079516,  0.144818)
(1.278896,  3.960249,  -0.759845),  (0.053257,  0.170525)
(1.278898,  4.174083,  -1.124999),  (0.019567,  0.152049)
(1.278897,  0.833077,  -1.125000),  (0.019331,  0.442183)
(1.278897,  0.833077,  -1.125000),  (0.019331,  0.442183)
(1.278895,  0.946546,  -0.759846),  (0.053087,  0.432405)
(1.278896,  3.960249,  -0.759845),  (0.053257,  0.170525)
(1.278886,  0.275193,  1.125000),  (0.228640,  0.491607)
(1.278893,  0.275194,  -0.322527),  (0.094213,  0.491304)
(1.278894,  0.000000,  -0.687682),  (0.060221,  0.515122)
(1.278894,  0.000000,  -0.687682),  (0.060221,  0.515122)
(1.278886,  0.000000,  1.125000),  (0.228444,  0.515251)
(1.278886,  0.275193,  1.125000),  (0.228640,  0.491607)
(1.278886,  0.946546,  1.125000),  (0.229502,  0.430642)
(1.278887,  0.946546,  0.918645),  (0.210612,  0.430724)
(0.384425,  0.880817,  0.889623),  (0.207280,  0.437868)
(0.384425,  0.880817,  0.889623),  (0.207280,  0.437868)
(0.384424,  0.880733,  1.125000),  (0.229273,  0.438029)
(1.278886,  0.946546,  1.125000),  (0.229502,  0.430642)
(1.278888,  3.960249,  0.796948),  (0.199420,  0.169736)
(1.278887,  0.946546,  0.918645),  (0.210612,  0.430724)
(1.278886,  0.946546,  1.125000),  (0.229502,  0.430642)
(1.278886,  0.946546,  1.125000),  (0.229502,  0.430642)
(1.278886,  4.500000,  1.125000),  (0.229316,  0.123012)
(1.278888,  3.960249,  0.796948),  (0.199420,  0.169736)
(0.384432,  0.969132,  -0.687165),  (0.061214,  0.429905)
(0.384426,  1.022897,  0.724267),  (0.191691,  0.425275)
(0.384426,  3.036363,  0.724267),  (0.191590,  0.250494)
(0.384426,  3.036363,  0.724267),  (0.191590,  0.250494)
(0.384430,  3.036363,  0.106854),  (0.134624,  0.250663)
(0.384436,  2.685732,  -0.318871),  (0.095154,  0.281065)
(0.384432,  0.969132,  -0.687165),  (0.061214,  0.429905)
(0.384426,  3.036363,  0.724267),  (0.191590,  0.250494)
(0.384436,  2.685732,  -0.318871),  (0.095154,  0.281065)
(0.384433,  2.681168,  -0.687164),  (0.061251,  0.281589)
(0.384432,  0.969132,  -0.687165),  (0.061214,  0.429905)
(0.384436,  2.685732,  -0.318871),  (0.095154,  0.281065)
(0.384431,  0.461584,  -0.249846),  (0.101636,  0.473985)
(1.278893,  0.438999,  -0.322527),  (0.093552,  0.476801)
(1.278893,  0.275194,  -0.322527),  (0.094213,  0.491304)
(1.278893,  0.275194,  -0.322527),  (0.094213,  0.491304)
(0.384431,  0.340924,  -0.249846),  (0.101779,  0.484346)
(0.384431,  0.461584,  -0.249846),  (0.101636,  0.473985)
(0.384432,  0.969132,  -0.687165),  (0.061214,  0.429905)
(1.278895,  0.946546,  -0.759846),  (0.053087,  0.432405)
(1.278893,  0.438999,  -0.322527),  (0.093552,  0.476801)
(1.278893,  0.438999,  -0.322527),  (0.093552,  0.476801)
(0.384431,  0.461584,  -0.249846),  (0.101636,  0.473985)
(0.384432,  0.969132,  -0.687165),  (0.061214,  0.429905)
(0.384433,  4.186594,  -0.449533),  (0.083242,  0.152248)
(1.278895,  4.252324,  -0.482957),  (0.079516,  0.144818)
(1.278896,  3.960249,  -0.759845),  (0.053257,  0.170525)
(1.278896,  3.960249,  -0.759845),  (0.053257,  0.170525)
(0.384434,  3.935930,  -0.687163),  (0.061449,  0.173307)
(0.384433,  4.186594,  -0.449533),  (0.083242,  0.152248)
(0.384425,  0.880817,  0.889623),  (0.207280,  0.437868)
(1.278887,  0.946546,  0.918645),  (0.210612,  0.430724)
(1.278888,  1.051113,  0.796949),  (0.199689,  0.421976)
(1.278888,  1.051113,  0.796949),  (0.199689,  0.421976)
(0.384426,  1.022897,  0.724267),  (0.191691,  0.425275)
(0.384425,  0.880817,  0.889623),  (0.207280,  0.437868)
(1.278896,  3.960249,  -0.759845),  (0.053257,  0.170525)
(1.278895,  0.946546,  -0.759846),  (0.053087,  0.432405)
(0.384432,  0.969132,  -0.687165),  (0.061214,  0.429905)
(1.278896,  3.960249,  -0.759845),  (0.053257,  0.170525)
(0.384432,  0.969132,  -0.687165),  (0.061214,  0.429905)
(0.384433,  2.681168,  -0.687164),  (0.061251,  0.281589)
(0.384434,  3.935930,  -0.687163),  (0.061449,  0.173307)
(1.278896,  3.960249,  -0.759845),  (0.053257,  0.170525)
(0.384433,  2.681168,  -0.687164),  (0.061251,  0.281589)
(0.384424,  0.340695,  1.125000),  (0.229048,  0.484401)
(0.384431,  0.340924,  -0.249846),  (0.101779,  0.484346)
(1.278893,  0.275194,  -0.322527),  (0.094213,  0.491304)
(1.278893,  0.275194,  -0.322527),  (0.094213,  0.491304)
(1.278886,  0.275193,  1.125000),  (0.228640,  0.491607)
(0.384424,  0.340695,  1.125000),  (0.229048,  0.484401)
(0.384431,  0.461584,  -0.249846),  (0.101636,  0.473985)
(0.384431,  0.340924,  -0.249846),  (0.101779,  0.484346)
(0.384424,  0.340695,  1.125000),  (0.229048,  0.484401)
(1.278896,  4.500000,  -0.764613),  (0.053446,  0.123393)
(1.278895,  4.252324,  -0.482957),  (0.079516,  0.144818)
(1.278889,  4.252323,  0.505712),  (0.171722,  0.144621)
(1.278889,  4.252323,  0.505712),  (0.171722,  0.144621)
(1.278886,  4.500000,  1.125000),  (0.229316,  0.123012)
(1.278896,  4.500000,  -0.764613),  (0.053446,  0.123393)
(1.278888,  3.960249,  0.796948),  (0.199420,  0.169736)
(1.278888,  1.051113,  0.796949),  (0.199689,  0.421976)
(1.278887,  0.946546,  0.918645),  (0.210612,  0.430724)
(0.876162,  1.044248,  0.109333),  (0.165505,  0.882119)
(0.124521,  1.139722,  0.149427),  (0.169642,  0.872971)
(0.124525,  1.139723,  -0.792459),  (0.082337,  0.872441)
(0.124525,  1.139723,  -0.792459),  (0.082337,  0.872441)
(0.876166,  1.044248,  -0.792459),  (0.082206,  0.881861)
(0.876162,  1.044248,  0.109333),  (0.165505,  0.882119)
(0.876166,  1.044248,  -0.792459),  (0.082206,  0.881861)
(0.876164,  0.152827,  -0.290728),  (0.128398,  0.959017)
(0.876161,  0.152827,  0.340942),  (0.186817,  0.959017)
(0.876166,  1.044248,  -0.792459),  (0.082206,  0.881861)
(0.876161,  0.152827,  0.340942),  (0.186817,  0.959017)
(0.876161,  0.799882,  0.340942),  (0.186743,  0.903143)
(0.876166,  1.044248,  -0.792459),  (0.082206,  0.881861)
(0.876161,  0.799882,  0.340942),  (0.186743,  0.903143)
(0.876162,  1.044248,  0.109333),  (0.165505,  0.882119)
(0.876162,  1.044248,  0.109333),  (0.165505,  0.882119)
(0.876161,  0.799882,  0.340942),  (0.186743,  0.903143)
(0.124519,  0.843413,  0.429940),  (0.195867,  0.898965)
(0.124519,  0.843413,  0.429940),  (0.195867,  0.898965)
(0.124521,  1.139722,  0.149427),  (0.169642,  0.872971)
(0.876162,  1.044248,  0.109333),  (0.165505,  0.882119)
(0.876161,  0.799882,  0.340942),  (0.186743,  0.903143)
(0.876161,  0.152827,  0.340942),  (0.186817,  0.959017)
(0.124519,  0.152827,  0.429940),  (0.196212,  0.958899)
(0.124519,  0.152827,  0.429940),  (0.196212,  0.958899)
(0.124519,  0.843413,  0.429940),  (0.195867,  0.898965)
(0.876161,  0.799882,  0.340942),  (0.186743,  0.903143)
(-1.413093,  1.561015,  0.846777),  (0.268811,  0.773276)
(-1.413093,  1.366190,  0.984749),  (0.289893,  0.773277)
(-1.413089,  0.807011,  0.275438),  (0.288854,  0.691992)
(-1.413089,  0.807011,  0.275438),  (0.288854,  0.691992)
(-1.413088,  1.001836,  0.137467),  (0.267771,  0.691991)
(-1.413093,  1.561015,  0.846777),  (0.268811,  0.773276)
(-1.001028,  1.597305,  0.821077),  (0.264180,  0.773285)
(-1.413093,  1.561015,  0.846777),  (0.268811,  0.773276)
(-1.413088,  1.001836,  0.137467),  (0.267771,  0.691991)
(-1.413088,  1.001836,  0.137467),  (0.267771,  0.691991)
(-1.001024,  1.038126,  0.111767),  (0.263141,  0.691999)
(-1.001028,  1.597305,  0.821077),  (0.264180,  0.773285)
(-1.413093,  1.366190,  0.984749),  (0.289893,  0.773277)
(-1.001029,  1.329337,  1.010848),  (0.294576,  0.773268)
(-1.001025,  0.770158,  0.301537),  (0.293536,  0.691983)
(-1.001025,  0.770158,  0.301537),  (0.293536,  0.691983)
(-1.413089,  0.807011,  0.275438),  (0.288854,  0.691992)
(-1.413093,  1.366190,  0.984749),  (0.289893,  0.773277)
(-1.999985,  0.438999,  -0.322527),  (0.378126,  0.477492)
(-1.999984,  0.275194,  -0.322527),  (0.377470,  0.491997)
(-1.999982,  0.000000,  -0.687682),  (0.411459,  0.515813)
(-1.999982,  0.000000,  -0.687682),  (0.411459,  0.515813)
(-1.999982,  0.325530,  -0.687681),  (0.411737,  0.487284)
(-1.999985,  0.438999,  -0.322527),  (0.378126,  0.477492)
(-1.999984,  0.946546,  -0.759846),  (0.418581,  0.433096)
(-1.999985,  0.438999,  -0.322527),  (0.378126,  0.477492)
(-1.999982,  0.325530,  -0.687681),  (0.411737,  0.487284)
(-1.999982,  0.325530,  -0.687681),  (0.411737,  0.487284)
(-1.999982,  0.833077,  -1.125000),  (0.452336,  0.442876)
(-1.999984,  0.946546,  -0.759846),  (0.418581,  0.433096)
(-1.999993,  4.252324,  -0.482957),  (0.392136,  0.145535)
(-1.999991,  3.960249,  -0.759845),  (0.418405,  0.171231)
(-1.999990,  4.174083,  -1.124999),  (0.452093,  0.152758)
(-1.999990,  4.174083,  -1.124999),  (0.452093,  0.152758)
(-1.999993,  4.500000,  -0.764613),  (0.418207,  0.124112)
(-1.999993,  4.252324,  -0.482957),  (0.392136,  0.145535)
(-1.999991,  3.960249,  -0.759845),  (0.418405,  0.171231)
(-1.999984,  0.946546,  -0.759846),  (0.418581,  0.433096)
(-1.999982,  0.833077,  -1.125000),  (0.452336,  0.442876)
(-1.999982,  0.833077,  -1.125000),  (0.452336,  0.442876)
(-1.999990,  4.174083,  -1.124999),  (0.452093,  0.152758)
(-1.999991,  3.960249,  -0.759845),  (0.418405,  0.171231)
(-1.999982,  0.000000,  -0.687682),  (0.411459,  0.515813)
(-1.999984,  0.275194,  -0.322527),  (0.377470,  0.491997)
(-1.999991,  0.275193,  1.125000),  (0.243050,  0.492302)
(-1.999991,  0.275193,  1.125000),  (0.243050,  0.492302)
(-1.999990,  0.000000,  1.125000),  (0.243244,  0.515944)
(-1.999982,  0.000000,  -0.687682),  (0.411459,  0.515813)
(-1.999998,  3.960249,  0.796948),  (0.272230,  0.170453)
(-2.000000,  4.500000,  1.125000),  (0.242333,  0.123743)
(-1.999992,  0.946546,  1.125000),  (0.242117,  0.431481)
(-1.999992,  0.946546,  1.125000),  (0.242117,  0.431481)
(-1.999992,  0.946546,  0.918645),  (0.261025,  0.431395)
(-1.999998,  3.960249,  0.796948),  (0.272230,  0.170453)
(-1.105526,  2.683303,  -0.322604),  (0.376857,  0.281969)
(-1.105530,  3.036363,  0.103630),  (0.337342,  0.251359)
(-1.105533,  3.036363,  0.724267),  (0.280074,  0.251192)
(-1.105526,  2.683303,  -0.322604),  (0.376857,  0.281969)
(-1.105533,  3.036363,  0.724267),  (0.280074,  0.251192)
(-1.105529,  1.022896,  0.724267),  (0.279977,  0.425959)
(-1.105526,  2.673777,  -0.687164),  (0.410413,  0.282925)
(-1.105526,  2.683303,  -0.322604),  (0.376857,  0.281969)
(-1.105529,  1.022896,  0.724267),  (0.279977,  0.425959)
(-1.105526,  2.673777,  -0.687164),  (0.410413,  0.282925)
(-1.105529,  1.022896,  0.724267),  (0.279977,  0.425959)
(-1.105522,  0.969132,  -0.687165),  (0.410455,  0.430592)
(-1.105523,  0.461584,  -0.249846),  (0.370046,  0.474674)
(-1.105523,  0.340924,  -0.249846),  (0.369906,  0.485041)
(-1.999984,  0.275194,  -0.322527),  (0.377470,  0.491997)
(-1.999984,  0.275194,  -0.322527),  (0.377470,  0.491997)
(-1.999985,  0.438999,  -0.322527),  (0.378126,  0.477492)
(-1.105523,  0.461584,  -0.249846),  (0.370046,  0.474674)
(-1.105522,  0.969132,  -0.687165),  (0.410455,  0.430592)
(-1.105523,  0.461584,  -0.249846),  (0.370046,  0.474674)
(-1.999985,  0.438999,  -0.322527),  (0.378126,  0.477492)
(-1.999985,  0.438999,  -0.322527),  (0.378126,  0.477492)
(-1.999984,  0.946546,  -0.759846),  (0.418581,  0.433096)
(-1.105522,  0.969132,  -0.687165),  (0.410455,  0.430592)
(-1.105531,  4.186594,  -0.449533),  (0.388411,  0.152968)
(-1.105530,  3.935930,  -0.687163),  (0.410216,  0.174011)
(-1.999991,  3.960249,  -0.759845),  (0.418405,  0.171231)
(-1.999991,  3.960249,  -0.759845),  (0.418405,  0.171231)
(-1.999993,  4.252324,  -0.482957),  (0.392136,  0.145535)
(-1.105531,  4.186594,  -0.449533),  (0.388411,  0.152968)
(-1.105529,  0.880817,  0.889623),  (0.264418,  0.438531)
(-1.105529,  1.022896,  0.724267),  (0.279977,  0.425959)
(-1.999991,  1.051113,  0.796949),  (0.271967,  0.422661)
(-1.999991,  1.051113,  0.796949),  (0.271967,  0.422661)
(-1.999992,  0.946546,  0.918645),  (0.261025,  0.431395)
(-1.105529,  0.880817,  0.889623),  (0.264418,  0.438531)
(-1.105526,  2.673777,  -0.687164),  (0.410413,  0.282925)
(-1.105522,  0.969132,  -0.687165),  (0.410455,  0.430592)
(-1.999984,  0.946546,  -0.759846),  (0.418581,  0.433096)
(-1.105530,  3.935930,  -0.687163),  (0.410216,  0.174011)
(-1.105526,  2.673777,  -0.687164),  (0.410413,  0.282925)
(-1.999984,  0.946546,  -0.759846),  (0.418581,  0.433096)
(-1.105530,  3.935930,  -0.687163),  (0.410216,  0.174011)
(-1.999984,  0.946546,  -0.759846),  (0.418581,  0.433096)
(-1.999991,  3.960249,  -0.759845),  (0.418405,  0.171231)
(-1.999993,  4.500000,  -0.764613),  (0.418207,  0.124112)
(-2.000000,  4.500000,  1.125000),  (0.242333,  0.123743)
(-1.999997,  4.252323,  0.505712),  (0.299932,  0.145341)
(-1.999997,  4.252323,  0.505712),  (0.299932,  0.145341)
(-1.999993,  4.252324,  -0.482957),  (0.392136,  0.145535)
(-1.999993,  4.500000,  -0.764613),  (0.418207,  0.124112)
(-1.633648,  1.044248,  0.109333),  (0.386995,  0.895189)
(-1.633644,  1.044248,  -0.792459),  (0.470294,  0.894930)
(-0.882003,  1.139723,  -0.792459),  (0.470163,  0.885510)
(-0.882003,  1.139723,  -0.792459),  (0.470163,  0.885510)
(-0.882007,  1.139722,  0.149427),  (0.382858,  0.886041)
(-1.633648,  1.044248,  0.109333),  (0.386995,  0.895189)
(-1.633644,  1.044248,  -0.792459),  (0.470294,  0.894930)
(-1.633648,  1.044248,  0.109333),  (0.386995,  0.895189)
(-1.633649,  0.799882,  0.340942),  (0.365757,  0.916212)
(-1.633644,  1.044248,  -0.792459),  (0.470294,  0.894930)
(-1.633649,  0.799882,  0.340942),  (0.365757,  0.916212)
(-1.633647,  0.152827,  0.340942),  (0.365683,  0.972086)
(-1.633644,  1.044248,  -0.792459),  (0.470294,  0.894930)
(-1.633647,  0.152827,  0.340942),  (0.365683,  0.972086)
(-1.633644,  0.152827,  -0.290728),  (0.424102,  0.972086)
(-1.633648,  1.044248,  0.109333),  (0.386995,  0.895189)
(-0.882007,  1.139722,  0.149427),  (0.382858,  0.886041)
(-0.882008,  0.843413,  0.429940),  (0.356633,  0.912034)
(-0.882008,  0.843413,  0.429940),  (0.356633,  0.912034)
(-1.633649,  0.799882,  0.340942),  (0.365757,  0.916212)
(-1.633648,  1.044248,  0.109333),  (0.386995,  0.895189)
(-1.633649,  0.799882,  0.340942),  (0.365757,  0.916212)
(-0.882008,  0.843413,  0.429940),  (0.356633,  0.912034)
(-0.882006,  0.152827,  0.429940),  (0.356288,  0.971968)
(-0.882006,  0.152827,  0.429940),  (0.356288,  0.971968)
(-1.633647,  0.152827,  0.340942),  (0.365683,  0.972086)
(-1.633649,  0.799882,  0.340942),  (0.365757,  0.916212)
(0.384425,  0.880817,  0.889623),  (0.207280,  0.437868)
(0.384424,  0.340695,  1.125000),  (0.229048,  0.484401)
(0.384424,  0.880733,  1.125000),  (0.229273,  0.438029)
(0.384426,  3.934989,  0.724267),  (0.191400,  0.172827)
(1.278888,  3.960249,  0.796948),  (0.199420,  0.169736)
(1.278889,  4.252323,  0.505712),  (0.171722,  0.144621)
(1.278889,  4.252323,  0.505712),  (0.171722,  0.144621)
(0.384427,  4.186593,  0.473385),  (0.168090,  0.152173)
(0.384426,  3.934989,  0.724267),  (0.191400,  0.172827)
(0.384427,  4.186593,  0.473385),  (0.168090,  0.152173)
(1.278889,  4.252323,  0.505712),  (0.171722,  0.144621)
(1.278895,  4.252324,  -0.482957),  (0.079516,  0.144818)
(1.278895,  4.252324,  -0.482957),  (0.079516,  0.144818)
(0.384433,  4.186594,  -0.449533),  (0.083242,  0.152248)
(0.384427,  4.186593,  0.473385),  (0.168090,  0.152173)
(0.384426,  1.022897,  0.724267),  (0.191691,  0.425275)
(1.278888,  1.051113,  0.796949),  (0.199689,  0.421976)
(1.278888,  3.960249,  0.796948),  (0.199420,  0.169736)
(0.384426,  1.022897,  0.724267),  (0.191691,  0.425275)
(1.278888,  3.960249,  0.796948),  (0.199420,  0.169736)
(0.384426,  3.934989,  0.724267),  (0.191400,  0.172827)
(0.384426,  1.022897,  0.724267),  (0.191691,  0.425275)
(0.384426,  3.934989,  0.724267),  (0.191400,  0.172827)
(0.384426,  3.036363,  0.724267),  (0.191590,  0.250494)
(1.278888,  3.960249,  0.796948),  (0.199420,  0.169736)
(1.278886,  4.500000,  1.125000),  (0.229316,  0.123012)
(1.278889,  4.252323,  0.505712),  (0.171722,  0.144621)
(-1.105533,  3.036363,  0.724267),  (0.280074,  0.251192)
(-1.105535,  3.934989,  0.724267),  (0.280255,  0.173537)
(-1.999998,  3.960249,  0.796948),  (0.272230,  0.170453)
(-1.105529,  1.022896,  0.724267),  (0.279977,  0.425959)
(-1.105533,  3.036363,  0.724267),  (0.280074,  0.251192)
(-1.999998,  3.960249,  0.796948),  (0.272230,  0.170453)
(-1.105529,  1.022896,  0.724267),  (0.279977,  0.425959)
(-1.999998,  3.960249,  0.796948),  (0.272230,  0.170453)
(-1.999991,  1.051113,  0.796949),  (0.271967,  0.422661)
(-1.105535,  3.934989,  0.724267),  (0.280255,  0.173537)
(-1.105534,  4.186593,  0.473385),  (0.303565,  0.152892)
(-1.999997,  4.252323,  0.505712),  (0.299932,  0.145341)
(-1.999997,  4.252323,  0.505712),  (0.299932,  0.145341)
(-1.999998,  3.960249,  0.796948),  (0.272230,  0.170453)
(-1.105535,  3.934989,  0.724267),  (0.280255,  0.173537)
(-1.105534,  4.186593,  0.473385),  (0.303565,  0.152892)
(-1.105531,  4.186594,  -0.449533),  (0.388411,  0.152968)
(-1.999993,  4.252324,  -0.482957),  (0.392136,  0.145535)
(-1.999993,  4.252324,  -0.482957),  (0.392136,  0.145535)
(-1.999997,  4.252323,  0.505712),  (0.299932,  0.145341)
(-1.105534,  4.186593,  0.473385),  (0.303565,  0.152892)
(-1.105529,  0.340695,  1.125000),  (0.242648,  0.485103)
(-1.105529,  0.880817,  0.889623),  (0.264418,  0.438531)
(-1.105530,  0.880733,  1.125000),  (0.242453,  0.438868)
(-1.999998,  3.960249,  0.796948),  (0.272230,  0.170453)
(-1.999992,  0.946546,  0.918645),  (0.261025,  0.431395)
(-1.999991,  1.051113,  0.796949),  (0.271967,  0.422661)
(-1.105523,  0.461584,  -0.249846),  (0.370046,  0.474674)
(-1.105529,  0.340695,  1.125000),  (0.242648,  0.485103)
(-1.105523,  0.340924,  -0.249846),  (0.369906,  0.485041)
(-1.105523,  0.340924,  -0.249846),  (0.369906,  0.485041)
(-1.105529,  0.340695,  1.125000),  (0.242648,  0.485103)
(-1.999991,  0.275193,  1.125000),  (0.243050,  0.492302)
(-1.999991,  0.275193,  1.125000),  (0.243050,  0.492302)
(-1.999984,  0.275194,  -0.322527),  (0.377470,  0.491997)
(-1.105523,  0.340924,  -0.249846),  (0.369906,  0.485041)
(-1.105522,  0.969132,  -0.687165),  (0.410455,  0.430592)
(-1.105529,  1.022896,  0.724267),  (0.279977,  0.425959)
(-1.105529,  0.880817,  0.889623),  (0.264418,  0.438531)
(-1.105529,  0.880817,  0.889623),  (0.264418,  0.438531)
(-1.105523,  0.461584,  -0.249846),  (0.370046,  0.474674)
(-1.105522,  0.969132,  -0.687165),  (0.410455,  0.430592)
(-1.105523,  0.461584,  -0.249846),  (0.370046,  0.474674)
(-1.105529,  0.880817,  0.889623),  (0.264418,  0.438531)
(-1.105529,  0.340695,  1.125000),  (0.242648,  0.485103)
(-1.105529,  0.880817,  0.889623),  (0.264418,  0.438531)
(-1.999992,  0.946546,  0.918645),  (0.261025,  0.431395)
(-1.999992,  0.946546,  1.125000),  (0.242117,  0.431481)
(-1.999992,  0.946546,  1.125000),  (0.242117,  0.431481)
(-1.105530,  0.880733,  1.125000),  (0.242453,  0.438868)
(-1.105529,  0.880817,  0.889623),  (0.264418,  0.438531)
(-1.999998,  3.960249,  0.796948),  (0.272230,  0.170453)
(-1.999997,  4.252323,  0.505712),  (0.299932,  0.145341)
(-2.000000,  4.500000,  1.125000),  (0.242333,  0.123743)
(0.384431,  0.461584,  -0.249846),  (0.101636,  0.473985)
(0.384425,  0.880817,  0.889623),  (0.207280,  0.437868)
(0.384426,  1.022897,  0.724267),  (0.191691,  0.425275)
(0.384426,  1.022897,  0.724267),  (0.191691,  0.425275)
(0.384432,  0.969132,  -0.687165),  (0.061214,  0.429905)
(0.384431,  0.461584,  -0.249846),  (0.101636,  0.473985)
(0.384424,  0.340695,  1.125000),  (0.229048,  0.484401)
(0.384425,  0.880817,  0.889623),  (0.207280,  0.437868)
(0.384431,  0.461584,  -0.249846),  (0.101636,  0.473985)
(0.653368,  1.366190,  0.984628),  (0.674066,  0.167677)
(0.653368,  0.807011,  0.275318),  (0.592780,  0.166638)
(0.241305,  0.770158,  0.301416),  (0.592771,  0.171320)
(0.241305,  0.770158,  0.301416),  (0.592771,  0.171320)
(0.241303,  1.329337,  1.010727),  (0.674057,  0.172359)
(0.653368,  1.366190,  0.984628),  (0.674066,  0.167677)
(0.241304,  1.597305,  0.820957),  (0.674074,  0.141964)
(0.241305,  1.038126,  0.111646),  (0.592788,  0.140925)
(0.653369,  1.001836,  0.137346),  (0.592779,  0.145555)
(0.653369,  1.001836,  0.137346),  (0.592779,  0.145555)
(0.653369,  1.561015,  0.846657),  (0.674065,  0.146595)
(0.241304,  1.597305,  0.820957),  (0.674074,  0.141964)
(0.653369,  1.561015,  0.846657),  (0.674065,  0.146595)
(0.653369,  1.001836,  0.137346),  (0.592779,  0.145555)
(0.653368,  0.807011,  0.275318),  (0.592780,  0.166638)
(0.653368,  0.807011,  0.275318),  (0.592780,  0.166638)
(0.653368,  1.366190,  0.984628),  (0.674066,  0.167677)
(0.653369,  1.561015,  0.846657),  (0.674065,  0.146595)
(0.330496,  2.513573,  0.838665),  (0.922657,  0.309024)
(0.895478,  2.591817,  0.838665),  (0.922538,  0.301491)
(0.895482,  2.591817,  0.110792),  (0.855250,  0.302529)
(0.895482,  2.591817,  0.110792),  (0.855250,  0.302529)
(0.330500,  2.513574,  0.110792),  (0.855599,  0.310068)
(0.330496,  2.513573,  0.838665),  (0.922657,  0.309024)
(0.895483,  2.309226,  -0.181927),  (0.827731,  0.326468)
(0.895483,  2.186718,  -0.308825),  (0.816025,  0.336909)
(0.330501,  2.108475,  -0.308825),  (0.816389,  0.344429)
(0.330501,  2.108475,  -0.308825),  (0.816389,  0.344429)
(0.330501,  2.230982,  -0.181927),  (0.828314,  0.333999)
(0.895483,  2.309226,  -0.181927),  (0.827731,  0.326468)
(0.895483,  2.186718,  -0.308825),  (0.816025,  0.336909)
(0.895485,  2.186719,  -0.787450),  (0.771963,  0.337838)
(0.330503,  2.108475,  -0.787450),  (0.772125,  0.345397)
(0.330503,  2.108475,  -0.787450),  (0.772125,  0.345397)
(0.330501,  2.108475,  -0.308825),  (0.816389,  0.344429)
(0.895483,  2.186718,  -0.308825),  (0.816025,  0.336909)
(0.895482,  2.591817,  0.110792),  (0.855250,  0.302529)
(0.895483,  2.309226,  -0.181927),  (0.827731,  0.326468)
(0.330501,  2.230982,  -0.181927),  (0.828314,  0.333999)
(0.330501,  2.230982,  -0.181927),  (0.828314,  0.333999)
(0.330500,  2.513574,  0.110792),  (0.855599,  0.310068)
(0.895482,  2.591817,  0.110792),  (0.855250,  0.302529)
(0.895478,  2.591817,  0.838665),  (0.922538,  0.301491)
(0.895478,  2.775102,  0.838665),  (0.922285,  0.285666)
(0.895482,  2.775102,  0.110792),  (0.855250,  0.286725)
(0.895482,  2.775102,  0.110792),  (0.855250,  0.286725)
(0.895482,  2.591817,  0.110792),  (0.855250,  0.302529)
(0.895478,  2.591817,  0.838665),  (0.922538,  0.301491)
(0.895482,  2.591817,  0.110792),  (0.855250,  0.302529)
(0.895482,  2.775102,  0.110792),  (0.855250,  0.286725)
(0.895483,  2.492511,  -0.181927),  (0.827935,  0.310647)
(0.895483,  2.492511,  -0.181927),  (0.827935,  0.310647)
(0.895483,  2.309226,  -0.181927),  (0.827731,  0.326468)
(0.895482,  2.591817,  0.110792),  (0.855250,  0.302529)
(0.895483,  2.309226,  -0.181927),  (0.827731,  0.326468)
(0.895483,  2.492511,  -0.181927),  (0.827935,  0.310647)
(0.895483,  2.370003,  -0.308825),  (0.815933,  0.321073)
(0.895483,  2.370003,  -0.308825),  (0.815933,  0.321073)
(0.895483,  2.186718,  -0.308825),  (0.816025,  0.336909)
(0.895483,  2.309226,  -0.181927),  (0.827731,  0.326468)
(0.895483,  2.186718,  -0.308825),  (0.816025,  0.336909)
(0.895483,  2.370003,  -0.308825),  (0.815933,  0.321073)
(0.895486,  2.370004,  -0.787450),  (0.771633,  0.322030)
(0.895486,  2.370004,  -0.787450),  (0.771633,  0.322030)
(0.895485,  2.186719,  -0.787450),  (0.771963,  0.337838)
(0.895483,  2.186718,  -0.308825),  (0.816025,  0.336909)
(0.895478,  2.775102,  0.838665),  (0.922285,  0.285666)
(0.246146,  2.852466,  0.838665),  (0.922146,  0.277933)
(0.246149,  2.852466,  0.110792),  (0.854810,  0.279046)
(0.246149,  2.852466,  0.110792),  (0.854810,  0.279046)
(0.895482,  2.775102,  0.110792),  (0.855250,  0.286725)
(0.895478,  2.775102,  0.838665),  (0.922285,  0.285666)
(0.895483,  2.492511,  -0.181927),  (0.827935,  0.310647)
(0.246150,  2.569874,  -0.181927),  (0.827198,  0.302972)
(0.246151,  2.447367,  -0.308825),  (0.815459,  0.313346)
(0.246151,  2.447367,  -0.308825),  (0.815459,  0.313346)
(0.895483,  2.370003,  -0.308825),  (0.815933,  0.321073)
(0.895483,  2.492511,  -0.181927),  (0.827935,  0.310647)
(0.895482,  2.775102,  0.110792),  (0.855250,  0.286725)
(0.246149,  2.852466,  0.110792),  (0.854810,  0.279046)
(0.246150,  2.569874,  -0.181927),  (0.827198,  0.302972)
(0.246150,  2.569874,  -0.181927),  (0.827198,  0.302972)
(0.895483,  2.492511,  -0.181927),  (0.827935,  0.310647)
(0.895482,  2.775102,  0.110792),  (0.855250,  0.286725)
(0.895483,  2.370003,  -0.308825),  (0.815933,  0.321073)
(0.246151,  2.447367,  -0.308825),  (0.815459,  0.313346)
(0.246153,  2.447367,  -0.787450),  (0.771448,  0.314341)
(0.246153,  2.447367,  -0.787450),  (0.771448,  0.314341)
(0.895486,  2.370004,  -0.787450),  (0.771633,  0.322030)
(0.895483,  2.370003,  -0.308825),  (0.815933,  0.321073)
(0.330497,  2.043273,  0.838665),  (0.922894,  0.266750)
(0.895478,  2.121517,  0.838665),  (0.922819,  0.259216)
(0.895482,  2.121517,  0.110792),  (0.855526,  0.259863)
(0.895482,  2.121517,  0.110792),  (0.855526,  0.259863)
(0.330500,  2.043273,  0.110792),  (0.855831,  0.267404)
(0.330497,  2.043273,  0.838665),  (0.922894,  0.266750)
(0.895483,  1.838925,  -0.181927),  (0.827868,  0.283642)
(0.895483,  1.716418,  -0.308825),  (0.816102,  0.294014)
(0.330501,  1.638175,  -0.308825),  (0.816422,  0.301537)
(0.330501,  1.638175,  -0.308825),  (0.816422,  0.301537)
(0.330501,  1.760682,  -0.181927),  (0.828407,  0.291177)
(0.895483,  1.838925,  -0.181927),  (0.827868,  0.283642)
(0.895483,  1.716418,  -0.308825),  (0.816102,  0.294014)
(0.895486,  1.716418,  -0.787450),  (0.772035,  0.294687)
(0.330503,  1.638175,  -0.787450),  (0.772152,  0.302247)
(0.330503,  1.638175,  -0.787450),  (0.772152,  0.302247)
(0.330501,  1.638175,  -0.308825),  (0.816422,  0.301537)
(0.895483,  1.716418,  -0.308825),  (0.816102,  0.294014)
(0.895482,  2.121517,  0.110792),  (0.855526,  0.259863)
(0.895483,  1.838925,  -0.181927),  (0.827868,  0.283642)
(0.330501,  1.760682,  -0.181927),  (0.828407,  0.291177)
(0.330501,  1.760682,  -0.181927),  (0.828407,  0.291177)
(0.330500,  2.043273,  0.110792),  (0.855831,  0.267404)
(0.895482,  2.121517,  0.110792),  (0.855526,  0.259863)
(0.895478,  2.121517,  0.838665),  (0.922819,  0.259216)
(0.895479,  2.304802,  0.838665),  (0.922658,  0.243390)
(0.895482,  2.304802,  0.110792),  (0.855618,  0.244060)
(0.895482,  2.304802,  0.110792),  (0.855618,  0.244060)
(0.895482,  2.121517,  0.110792),  (0.855526,  0.259863)
(0.895478,  2.121517,  0.838665),  (0.922819,  0.259216)
(0.895482,  2.121517,  0.110792),  (0.855526,  0.259863)
(0.895482,  2.304802,  0.110792),  (0.855618,  0.244060)
(0.895483,  2.022210,  -0.181927),  (0.828164,  0.267823)
(0.895483,  2.022210,  -0.181927),  (0.828164,  0.267823)
(0.895483,  1.838925,  -0.181927),  (0.827868,  0.283642)
(0.895482,  2.121517,  0.110792),  (0.855526,  0.259863)
(0.895483,  1.838925,  -0.181927),  (0.827868,  0.283642)
(0.895483,  2.022210,  -0.181927),  (0.828164,  0.267823)
(0.895483,  1.899703,  -0.308825),  (0.816102,  0.278179)
(0.895483,  1.899703,  -0.308825),  (0.816102,  0.278179)
(0.895483,  1.716418,  -0.308825),  (0.816102,  0.294014)
(0.895483,  1.838925,  -0.181927),  (0.827868,  0.283642)
(0.895483,  1.716418,  -0.308825),  (0.816102,  0.294014)
(0.895483,  1.899703,  -0.308825),  (0.816102,  0.278179)
(0.895486,  1.899703,  -0.787450),  (0.771797,  0.278878)
(0.895486,  1.899703,  -0.787450),  (0.771797,  0.278878)
(0.895486,  1.716418,  -0.787450),  (0.772035,  0.294687)
(0.895483,  1.716418,  -0.308825),  (0.816102,  0.294014)
(0.895479,  2.304802,  0.838665),  (0.922658,  0.243390)
(0.246146,  2.382165,  0.838665),  (0.922564,  0.235656)
(0.246149,  2.382165,  0.110792),  (0.855223,  0.236379)
(0.246149,  2.382165,  0.110792),  (0.855223,  0.236379)
(0.895482,  2.304802,  0.110792),  (0.855618,  0.244060)
(0.895479,  2.304802,  0.838665),  (0.922658,  0.243390)
(0.895483,  2.022210,  -0.181927),  (0.828164,  0.267823)
(0.246150,  2.099574,  -0.181927),  (0.827472,  0.260144)
(0.246151,  1.977067,  -0.308825),  (0.815672,  0.270448)
(0.246151,  1.977067,  -0.308825),  (0.815672,  0.270448)
(0.895483,  1.899703,  -0.308825),  (0.816102,  0.278179)
(0.895483,  2.022210,  -0.181927),  (0.828164,  0.267823)
(0.895482,  2.304802,  0.110792),  (0.855618,  0.244060)
(0.246149,  2.382165,  0.110792),  (0.855223,  0.236379)
(0.246150,  2.099574,  -0.181927),  (0.827472,  0.260144)
(0.246150,  2.099574,  -0.181927),  (0.827472,  0.260144)
(0.895483,  2.022210,  -0.181927),  (0.828164,  0.267823)
(0.895482,  2.304802,  0.110792),  (0.855618,  0.244060)
(0.895483,  1.899703,  -0.308825),  (0.816102,  0.278179)
(0.246151,  1.977067,  -0.308825),  (0.815672,  0.270448)
(0.246153,  1.977067,  -0.787450),  (0.771657,  0.271188)
(0.246153,  1.977067,  -0.787450),  (0.771657,  0.271188)
(0.895486,  1.899703,  -0.787450),  (0.771797,  0.278878)
(0.895483,  1.899703,  -0.308825),  (0.816102,  0.278179)
(0.330497,  1.569964,  0.838665),  (0.922721,  0.354349)
(0.895479,  1.648207,  0.838665),  (0.922646,  0.346814)
(0.895481,  1.648207,  0.110792),  (0.855352,  0.347461)
(0.895481,  1.648207,  0.110792),  (0.855352,  0.347461)
(0.330499,  1.569964,  0.110792),  (0.855657,  0.355003)
(0.330497,  1.569964,  0.838665),  (0.922721,  0.354349)
(0.895483,  1.365616,  -0.181927),  (0.827695,  0.371241)
(0.895483,  1.243109,  -0.308825),  (0.815928,  0.381613)
(0.330501,  1.164865,  -0.308825),  (0.816249,  0.389135)
(0.330501,  1.164865,  -0.308825),  (0.816249,  0.389135)
(0.330501,  1.287372,  -0.181927),  (0.828234,  0.378775)
(0.895483,  1.365616,  -0.181927),  (0.827695,  0.371241)
(0.895483,  1.243109,  -0.308825),  (0.815928,  0.381613)
(0.895486,  1.243109,  -0.787450),  (0.771861,  0.382286)
(0.330503,  1.164865,  -0.787450),  (0.771979,  0.389846)
(0.330503,  1.164865,  -0.787450),  (0.771979,  0.389846)
(0.330501,  1.164865,  -0.308825),  (0.816249,  0.389135)
(0.895483,  1.243109,  -0.308825),  (0.815928,  0.381613)
(0.895481,  1.648207,  0.110792),  (0.855352,  0.347461)
(0.895483,  1.365616,  -0.181927),  (0.827695,  0.371241)
(0.330501,  1.287372,  -0.181927),  (0.828234,  0.378775)
(0.330501,  1.287372,  -0.181927),  (0.828234,  0.378775)
(0.330499,  1.569964,  0.110792),  (0.855657,  0.355003)
(0.895481,  1.648207,  0.110792),  (0.855352,  0.347461)
(0.895479,  1.648207,  0.838665),  (0.922646,  0.346814)
(0.895478,  1.831492,  0.838665),  (0.922484,  0.330989)
(0.895482,  1.831492,  0.110792),  (0.855444,  0.331658)
(0.895482,  1.831492,  0.110792),  (0.855444,  0.331658)
(0.895481,  1.648207,  0.110792),  (0.855352,  0.347461)
(0.895479,  1.648207,  0.838665),  (0.922646,  0.346814)
(0.895481,  1.648207,  0.110792),  (0.855352,  0.347461)
(0.895482,  1.831492,  0.110792),  (0.855444,  0.331658)
(0.895483,  1.548901,  -0.181927),  (0.827991,  0.355421)
(0.895483,  1.548901,  -0.181927),  (0.827991,  0.355421)
(0.895483,  1.365616,  -0.181927),  (0.827695,  0.371241)
(0.895481,  1.648207,  0.110792),  (0.855352,  0.347461)
(0.895483,  1.365616,  -0.181927),  (0.827695,  0.371241)
(0.895483,  1.548901,  -0.181927),  (0.827991,  0.355421)
(0.895483,  1.426394,  -0.308825),  (0.815928,  0.365777)
(0.895483,  1.426394,  -0.308825),  (0.815928,  0.365777)
(0.895483,  1.243109,  -0.308825),  (0.815928,  0.381613)
(0.895483,  1.365616,  -0.181927),  (0.827695,  0.371241)
(0.895483,  1.243109,  -0.308825),  (0.815928,  0.381613)
(0.895483,  1.426394,  -0.308825),  (0.815928,  0.365777)
(0.895486,  1.426394,  -0.787450),  (0.771624,  0.366477)
(0.895486,  1.426394,  -0.787450),  (0.771624,  0.366477)
(0.895486,  1.243109,  -0.787450),  (0.771861,  0.382286)
(0.895483,  1.243109,  -0.308825),  (0.815928,  0.381613)
(0.895478,  1.831492,  0.838665),  (0.922484,  0.330989)
(0.246146,  1.908856,  0.838665),  (0.922390,  0.323255)
(0.246149,  1.908856,  0.110792),  (0.855049,  0.323977)
(0.246149,  1.908856,  0.110792),  (0.855049,  0.323977)
(0.895482,  1.831492,  0.110792),  (0.855444,  0.331658)
(0.895478,  1.831492,  0.838665),  (0.922484,  0.330989)
(0.895483,  1.548901,  -0.181927),  (0.827991,  0.355421)
(0.246150,  1.626265,  -0.181927),  (0.827298,  0.347742)
(0.246151,  1.503757,  -0.308825),  (0.815499,  0.358047)
(0.246151,  1.503757,  -0.308825),  (0.815499,  0.358047)
(0.895483,  1.426394,  -0.308825),  (0.815928,  0.365777)
(0.895483,  1.548901,  -0.181927),  (0.827991,  0.355421)
(0.895482,  1.831492,  0.110792),  (0.855444,  0.331658)
(0.246149,  1.908856,  0.110792),  (0.855049,  0.323977)
(0.246150,  1.626265,  -0.181927),  (0.827298,  0.347742)
(0.246150,  1.626265,  -0.181927),  (0.827298,  0.347742)
(0.895483,  1.548901,  -0.181927),  (0.827991,  0.355421)
(0.895482,  1.831492,  0.110792),  (0.855444,  0.331658)
(0.895483,  1.426394,  -0.308825),  (0.815928,  0.365777)
(0.246151,  1.503757,  -0.308825),  (0.815499,  0.358047)
(0.246153,  1.503757,  -0.787450),  (0.771483,  0.358786)
(0.246153,  1.503757,  -0.787450),  (0.771483,  0.358786)
(0.895486,  1.426394,  -0.787450),  (0.771624,  0.366477)
(0.895483,  1.426394,  -0.308825),  (0.815928,  0.365777)
(0.895486,  4.265995,  -0.787451),  (0.308023,  0.593349)
(0.895485,  3.875592,  -0.625427),  (0.322954,  0.627202)
(0.895484,  4.125753,  -0.397268),  (0.344207,  0.605443)
(0.895479,  3.190333,  0.668646),  (0.443194,  0.686798)
(0.895478,  3.067192,  0.838664),  (0.458984,  0.697459)
(0.895478,  4.265995,  0.838664),  (0.458952,  0.593357)
(0.895478,  4.265995,  0.838664),  (0.458952,  0.593357)
(0.895479,  3.872843,  0.668646),  (0.443267,  0.627454)
(0.895479,  3.190333,  0.668646),  (0.443194,  0.686798)
(0.895478,  4.265995,  0.838664),  (0.458952,  0.593357)
(0.895486,  4.265995,  -0.787451),  (0.308023,  0.593349)
(0.895484,  4.125753,  -0.397268),  (0.344207,  0.605443)
(0.895484,  4.125753,  -0.397268),  (0.344207,  0.605443)
(0.895480,  4.125753,  0.436180),  (0.421624,  0.605446)
(0.895478,  4.265995,  0.838664),  (0.458952,  0.593357)
(0.895486,  4.265995,  -0.787451),  (0.308023,  0.593349)
(0.895485,  2.662093,  -0.787451),  (0.308062,  0.732574)
(0.895485,  2.785234,  -0.625427),  (0.323012,  0.721917)
(0.895485,  2.785234,  -0.625427),  (0.323012,  0.721917)
(0.895485,  3.875592,  -0.625427),  (0.322954,  0.627202)
(0.895486,  4.265995,  -0.787451),  (0.308023,  0.593349)
(-1.703751,  4.265995,  0.838664),  (0.554748,  0.102033)
(-1.703751,  4.125753,  0.436180),  (0.591937,  0.114281)
(-1.703751,  4.125753,  -0.397268),  (0.669415,  0.115125)
(-1.703751,  4.125753,  -0.397268),  (0.669415,  0.115125)
(-1.703751,  4.265995,  -0.787451),  (0.705881,  0.102716)
(-1.703751,  4.265995,  0.838664),  (0.554748,  0.102033)
(-1.703749,  3.190333,  0.668646),  (0.569551,  0.195767)
(-1.703751,  3.872843,  0.668646),  (0.570014,  0.136295)
(-1.703751,  4.265995,  0.838664),  (0.554748,  0.102033)
(-1.703751,  4.265995,  0.838664),  (0.554748,  0.102033)
(-1.703749,  3.067192,  0.838664),  (0.554110,  0.206413)
(-1.703749,  3.190333,  0.668646),  (0.569551,  0.195767)
(-1.164045,  3.271378,  0.035613),  (0.343955,  0.231392)
(-1.164044,  2.866279,  -0.384003),  (0.382663,  0.266340)
(-1.164044,  2.866279,  -0.548613),  (0.397848,  0.266340)
(-1.164044,  2.866279,  -0.548613),  (0.397848,  0.266340)
(-1.164046,  3.842931,  -0.548613),  (0.397848,  0.182084)
(-1.164045,  3.271378,  0.035613),  (0.343955,  0.231392)
(-1.164046,  3.842931,  -0.548613),  (0.397848,  0.182084)
(-1.164046,  3.839999,  0.591832),  (0.292645,  0.182337)
(-1.164045,  3.271378,  0.591832),  (0.292645,  0.231392)
(-1.164045,  3.271378,  0.591832),  (0.292645,  0.231392)
(-1.164045,  3.271378,  0.035613),  (0.343955,  0.231392)
(-1.164046,  3.842931,  -0.548613),  (0.397848,  0.182084)
(0.355781,  3.842931,  -0.548613),  (0.074179,  0.180973)
(0.355780,  2.866279,  -0.548613),  (0.074179,  0.265228)
(0.355780,  2.866279,  -0.384003),  (0.089363,  0.265228)
(0.355780,  2.866279,  -0.384003),  (0.089363,  0.265228)
(0.355778,  3.271378,  0.035613),  (0.128072,  0.230280)
(0.355781,  3.842931,  -0.548613),  (0.074179,  0.180973)
(0.355776,  3.271378,  0.591832),  (0.179381,  0.230280)
(0.355775,  3.839999,  0.591832),  (0.179381,  0.181225)
(0.355781,  3.842931,  -0.548613),  (0.074179,  0.180973)
(0.355781,  3.842931,  -0.548613),  (0.074179,  0.180973)
(0.355778,  3.271378,  0.035613),  (0.128072,  0.230280)
(0.355776,  3.271378,  0.591832),  (0.179381,  0.230280)
(0.355780,  4.044709,  -0.364583),  (0.091155,  0.163565)
(0.355781,  3.842931,  -0.548613),  (0.074179,  0.180973)
(0.355775,  3.839999,  0.591832),  (0.179381,  0.181225)
(0.355775,  3.839999,  0.591832),  (0.179381,  0.181225)
(0.355776,  4.044709,  0.403671),  (0.162024,  0.163565)
(0.355780,  4.044709,  -0.364583),  (0.091155,  0.163565)
(0.384424,  0.340695,  1.125000),  (0.728270,  0.126249)
(-1.105529,  0.340695,  1.125000),  (0.719398,  0.126249)
(-1.105530,  0.880733,  1.125000),  (0.719398,  0.172839)
(-1.105530,  0.880733,  1.125000),  (0.719398,  0.172839)
(0.384424,  0.880733,  1.125000),  (0.728270,  0.172839)
(0.384424,  0.340695,  1.125000),  (0.728270,  0.126249)
(1.278886,  0.000000,  1.125000),  (0.733596,  0.096858)
(-1.999990,  0.000000,  1.125000),  (0.714072,  0.096858)
(-1.999991,  0.275193,  1.125000),  (0.714072,  0.120599)
(-1.999991,  0.275193,  1.125000),  (0.714072,  0.120599)
(1.278886,  0.275193,  1.125000),  (0.733596,  0.120599)
(1.278886,  0.000000,  1.125000),  (0.733596,  0.096858)
(1.278886,  0.275193,  1.125000),  (0.733596,  0.120599)
(-1.999991,  0.275193,  1.125000),  (0.714072,  0.120599)
(-1.105529,  0.340695,  1.125000),  (0.719398,  0.126249)
(-1.105529,  0.340695,  1.125000),  (0.719398,  0.126249)
(0.384424,  0.340695,  1.125000),  (0.728270,  0.126249)
(1.278886,  0.275193,  1.125000),  (0.733596,  0.120599)
(1.278886,  0.946546,  1.125000),  (0.733596,  0.178516)
(-1.999992,  0.946546,  1.125000),  (0.714072,  0.178516)
(-2.000000,  4.500000,  1.125000),  (0.714072,  0.485071)
(-2.000000,  4.500000,  1.125000),  (0.714072,  0.485071)
(1.278886,  4.500000,  1.125000),  (0.733595,  0.485071)
(1.278886,  0.946546,  1.125000),  (0.733596,  0.178516)
(0.384424,  0.880733,  1.125000),  (0.728270,  0.172839)
(-1.105530,  0.880733,  1.125000),  (0.719398,  0.172839)
(-1.999992,  0.946546,  1.125000),  (0.714072,  0.178516)
(-1.999992,  0.946546,  1.125000),  (0.714072,  0.178516)
(1.278886,  0.946546,  1.125000),  (0.733596,  0.178516)
(0.384424,  0.880733,  1.125000),  (0.728270,  0.172839)
(1.999999,  2.708863,  1.122682),  (0.336340,  0.693634)
(1.999999,  2.242427,  1.122682),  (0.336338,  0.647038)
(1.442193,  2.204560,  1.122682),  (0.335258,  0.643021)
(1.442193,  2.204560,  1.122682),  (0.335258,  0.643021)
(1.442193,  2.746729,  1.122682),  (0.335259,  0.697648)
(1.999999,  2.708863,  1.122682),  (0.336340,  0.693634)
(0.884386,  2.204560,  1.122682),  (0.333797,  0.641520)
(0.884386,  2.746729,  1.122682),  (0.333797,  0.699148)
(1.442193,  2.746729,  1.122682),  (0.335259,  0.697648)
(1.442193,  2.746729,  1.122682),  (0.335259,  0.697648)
(1.442193,  2.204560,  1.122682),  (0.335258,  0.643021)
(0.884386,  2.204560,  1.122682),  (0.333797,  0.641520)
