(-0.657649,  1.197313,  0.239513),  (0.542040,  0.163980)
(-0.549967,  1.245844,  0.097093),  (0.546763,  0.227365)
(-0.500902,  1.227748,  0.207410),  (0.577029,  0.201713)
(-0.549967,  1.245844,  0.097093),  (0.546763,  0.227365)
(-0.657649,  1.197313,  0.239513),  (0.542040,  0.163980)
(-0.656250,  1.203096,  0.083195),  (0.508828,  0.202083)
(-0.656250,  1.203096,  0.083195),  (0.508828,  0.202083)
(-0.657649,  1.197313,  0.239513),  (0.542040,  0.163980)
(-0.732381,  1.158057,  0.151077),  (0.496207,  0.158534)
(-0.732381,  1.158057,  0.151077),  (0.496207,  0.158534)
(-0.657649,  1.197313,  0.239513),  (0.542040,  0.163980)
(-0.778246,  1.164753,  0.268111),  (0.518164,  0.132166)
(-0.575673,  1.081754,  0.209777),  (0.425968,  0.138296)
(-0.656250,  1.203096,  0.083195),  (0.508828,  0.202083)
(-0.732381,  1.158057,  0.151077),  (0.496207,  0.158534)
(-0.575673,  1.081754,  0.209777),  (0.425968,  0.138296)
(-0.732381,  1.158057,  0.151077),  (0.496207,  0.158534)
(-0.727103,  1.074414,  0.213689),  (0.457137,  0.105548)
(-0.575673,  1.081754,  0.209777),  (0.425968,  0.138296)
(-0.699706,  1.034024,  0.212877),  (0.433279,  0.086238)
(-0.610397,  1.015095,  0.142681),  (0.397615,  0.091864)
(-0.575673,  1.081754,  0.209777),  (0.425968,  0.138296)
(-0.727103,  1.074414,  0.213689),  (0.457137,  0.105548)
(-0.699706,  1.034024,  0.212877),  (0.433279,  0.086238)
(-0.778246,  1.164753,  0.268111),  (0.518164,  0.132166)
(-0.739357,  1.089241,  0.302654),  (0.483695,  0.089651)
(-0.732381,  1.158057,  0.151077),  (0.496207,  0.158534)
(-0.727103,  1.074414,  0.213689),  (0.457137,  0.105548)
(-0.732381,  1.158057,  0.151077),  (0.496207,  0.158534)
(-0.739357,  1.089241,  0.302654),  (0.483695,  0.089651)
(-0.702262,  1.042881,  0.323351),  (0.461129,  0.061527)
(-0.727103,  1.074414,  0.213689),  (0.457137,  0.105548)
(-0.739357,  1.089241,  0.302654),  (0.483695,  0.089651)
(-0.727103,  1.074414,  0.213689),  (0.457137,  0.105548)
(-0.702262,  1.042881,  0.323351),  (0.461129,  0.061527)
(-0.699706,  1.034024,  0.212877),  (0.433279,  0.086238)
(-0.719709,  1.097721,  0.424650),  (0.514767,  0.064685)
(-0.702262,  1.042881,  0.323351),  (0.461129,  0.061527)
(-0.739357,  1.089241,  0.302654),  (0.483695,  0.089651)
(-0.702262,  1.042881,  0.323351),  (0.461129,  0.061527)
(-0.719709,  1.097721,  0.424650),  (0.514767,  0.064685)
(-0.705777,  1.059854,  0.456080),  (0.500570,  0.038045)
(-0.733300,  1.162592,  0.376709),  (0.540543,  0.108998)
(-0.739357,  1.089241,  0.302654),  (0.483695,  0.089651)
(-0.778246,  1.164753,  0.268111),  (0.518164,  0.132166)
(-0.739357,  1.089241,  0.302654),  (0.483695,  0.089651)
(-0.733300,  1.162592,  0.376709),  (0.540543,  0.108998)
(-0.719709,  1.097721,  0.424650),  (0.514767,  0.064685)
(-0.657649,  1.197313,  0.239513),  (0.542040,  0.163980)
(-0.632115,  1.190214,  0.374176),  (0.570905,  0.130645)
(-0.733300,  1.162592,  0.376709),  (0.540543,  0.108998)
(-0.733300,  1.162592,  0.376709),  (0.540543,  0.108998)
(-0.778246,  1.164753,  0.268111),  (0.518164,  0.132166)
(-0.657649,  1.197313,  0.239513),  (0.542040,  0.163980)
(-0.733300,  1.162592,  0.376709),  (0.540543,  0.108998)
(-0.669668,  1.156782,  0.583047),  (0.584790,  0.060156)
(-0.719709,  1.097721,  0.424650),  (0.514767,  0.064685)
(-0.669668,  1.156782,  0.583047),  (0.584790,  0.060156)
(-0.709907,  1.120852,  0.594468),  (0.564451,  0.039041)
(-0.719709,  1.097721,  0.424650),  (0.514767,  0.064685)
(-0.709907,  1.120852,  0.594468),  (0.564451,  0.039041)
(-0.705777,  1.059854,  0.456080),  (0.500570,  0.038045)
(-0.719709,  1.097721,  0.424650),  (0.514767,  0.064685)
(-0.705777,  1.059854,  0.456080),  (0.500570,  0.038045)
(-0.709907,  1.120852,  0.594468),  (0.564451,  0.039041)
(-0.697218,  1.080511,  0.645011),  (0.555130,  0.006520)
(-0.657649,  1.197313,  0.239513),  (0.542040,  0.163980)
(-0.496136,  1.215221,  0.364139),  (0.605978,  0.159345)
(-0.632115,  1.190214,  0.374176),  (0.570905,  0.130645)
(-0.496136,  1.215221,  0.364139),  (0.605978,  0.159345)
(-0.657649,  1.197313,  0.239513),  (0.542040,  0.163980)
(-0.500902,  1.227748,  0.207410),  (0.577029,  0.201713)
(-0.549967,  1.245844,  0.097093),  (0.546763,  0.227365)
(-0.374850,  1.271745,  0.016994),  (0.574240,  0.277944)
(-0.404071,  1.258802,  0.190234),  (0.601419,  0.230136)
(-0.549967,  1.245844,  0.097093),  (0.546763,  0.227365)
(-0.404071,  1.258802,  0.190234),  (0.601419,  0.230136)
(-0.500902,  1.227748,  0.207410),  (0.577029,  0.201713)
(-0.496136,  1.215221,  0.364139),  (0.605978,  0.159345)
(-0.404071,  1.258802,  0.190234),  (0.601419,  0.230136)
(-0.390361,  1.220576,  0.398286),  (0.639119,  0.169591)
(-0.404071,  1.258802,  0.190234),  (0.601419,  0.230136)
(-0.496136,  1.215221,  0.364139),  (0.605978,  0.159345)
(-0.500902,  1.227748,  0.207410),  (0.577029,  0.201713)
(-0.374349,  1.205231,  0.615581),  (0.678873,  0.112462)
(-0.527484,  1.215618,  0.607660),  (0.639218,  0.088688)
(-0.390361,  1.220576,  0.398286),  (0.639119,  0.169591)
(-0.527484,  1.215618,  0.607660),  (0.639218,  0.088688)
(-0.496136,  1.215221,  0.364139),  (0.605978,  0.159345)
(-0.390361,  1.220576,  0.398286),  (0.639119,  0.169591)
(-0.374349,  1.205231,  0.615581),  (0.678873,  0.112462)
(-0.390361,  1.220576,  0.398286),  (0.639119,  0.169591)
(-0.249508,  1.225253,  0.466766),  (0.686640,  0.175568)
(-0.374349,  1.205231,  0.615581),  (0.678873,  0.112462)
(-0.249508,  1.225253,  0.466766),  (0.686640,  0.175568)
(-0.276081,  1.229223,  0.611150),  (0.706051,  0.132887)
(-0.276081,  1.229223,  0.611150),  (0.706051,  0.132887)
(-0.249508,  1.225253,  0.466766),  (0.686640,  0.175568)
(-0.267578,  1.291150,  0.582576),  (0.763875,  0.168715)
(-0.276081,  1.229223,  0.611150),  (0.706051,  0.132887)
(-0.267578,  1.291150,  0.582576),  (0.763875,  0.168715)
(-0.211981,  1.239686,  0.627523),  (0.749185,  0.130373)
(-0.227944,  1.259039,  0.255744),  (0.658828,  0.247198)
(-0.404071,  1.258802,  0.190234),  (0.601419,  0.230136)
(-0.210113,  1.287729,  0.034502),  (0.610918,  0.303884)
(-0.404071,  1.258802,  0.190234),  (0.601419,  0.230136)
(-0.374850,  1.271745,  0.016994),  (0.574240,  0.277944)
(-0.210113,  1.287729,  0.034502),  (0.610918,  0.303884)
(-0.249508,  1.225253,  0.466766),  (0.686640,  0.175568)
(-0.390361,  1.220576,  0.398286),  (0.639119,  0.169591)
(-0.227944,  1.259039,  0.255744),  (0.658828,  0.247198)
(-0.390361,  1.220576,  0.398286),  (0.639119,  0.169591)
(-0.404071,  1.258802,  0.190234),  (0.601419,  0.230136)
(-0.227944,  1.259039,  0.255744),  (0.658828,  0.247198)
(-0.249508,  1.225253,  0.466766),  (0.686640,  0.175568)
(-0.273096,  1.315009,  0.390059),  (0.746994,  0.228959)
(-0.267578,  1.291150,  0.582576),  (0.763875,  0.168715)
(-0.273096,  1.315009,  0.390059),  (0.746994,  0.228959)
(-0.249508,  1.225253,  0.466766),  (0.686640,  0.175568)
(-0.227944,  1.259039,  0.255744),  (0.658828,  0.247198)
(-0.211981,  1.239686,  0.627523),  (0.749185,  0.130373)
(-0.267578,  1.291150,  0.582576),  (0.763875,  0.168715)
(-0.178370,  1.274879,  0.675966),  (0.778807,  0.129884)
(-0.178370,  1.274879,  0.675966),  (0.778807,  0.129884)
(-0.267578,  1.291150,  0.582576),  (0.763875,  0.168715)
(-0.192859,  1.315531,  0.602889),  (0.788127,  0.169229)
(-0.034532,  1.342174,  0.553078),  (0.835286,  0.176026)
(-0.178370,  1.274879,  0.675966),  (0.778807,  0.129884)
(-0.192859,  1.315531,  0.602889),  (0.788127,  0.169229)
(-0.178370,  1.274879,  0.675966),  (0.778807,  0.129884)
(-0.034532,  1.342174,  0.553078),  (0.835286,  0.176026)
(-0.039959,  1.240111,  0.638481),  (0.823303,  0.099820)
(-0.224566,  1.401752,  0.459040),  (0.817940,  0.246176)
(-0.070918,  1.362680,  0.476211),  (0.842008,  0.198846)
(-0.192859,  1.315531,  0.602889),  (0.788127,  0.169229)
(-0.192859,  1.315531,  0.602889),  (0.788127,  0.169229)
(-0.070918,  1.362680,  0.476211),  (0.842008,  0.198846)
(-0.034532,  1.342174,  0.553078),  (0.835286,  0.176026)
(-0.267578,  1.291150,  0.582576),  (0.763875,  0.168715)
(-0.273096,  1.315009,  0.390059),  (0.746994,  0.228959)
(-0.192859,  1.315531,  0.602889),  (0.788127,  0.169229)
(-0.192859,  1.315531,  0.602889),  (0.788127,  0.169229)
(-0.273096,  1.315009,  0.390059),  (0.746994,  0.228959)
(-0.224566,  1.401752,  0.459040),  (0.817940,  0.246176)
(-0.070918,  1.362680,  0.476211),  (0.842008,  0.198846)
(-0.224566,  1.401752,  0.459040),  (0.817940,  0.246176)
(-0.221628,  1.361801,  0.398073),  (0.862102,  0.240151)
(-0.070918,  1.362680,  0.476211),  (0.842008,  0.198846)
(-0.221628,  1.361801,  0.398073),  (0.862102,  0.240151)
(-0.058529,  1.336779,  0.449520),  (0.857159,  0.187401)
(-0.153778,  1.289516,  0.500791),  (0.900388,  0.175019)
(-0.058529,  1.336779,  0.449520),  (0.857159,  0.187401)
(-0.247802,  1.317079,  0.396582),  (0.897362,  0.227452)
(-0.058529,  1.336779,  0.449520),  (0.857159,  0.187401)
(-0.221628,  1.361801,  0.398073),  (0.862102,  0.240151)
(-0.247802,  1.317079,  0.396582),  (0.897362,  0.227452)
(-0.001948,  1.290087,  0.502423),  (0.861218,  0.147275)
(-0.034532,  1.342174,  0.553078),  (0.835286,  0.176026)
(-0.058529,  1.336779,  0.449520),  (0.857159,  0.187401)
(-0.034532,  1.342174,  0.553078),  (0.835286,  0.176026)
(-0.070918,  1.362680,  0.476211),  (0.842008,  0.198846)
(-0.058529,  1.336779,  0.449520),  (0.857159,  0.187401)
(-0.111585,  1.258018,  0.503829),  (0.899359,  0.138849)
(-0.001948,  1.290087,  0.502423),  (0.861218,  0.147275)
(-0.153778,  1.289516,  0.500791),  (0.900388,  0.175019)
(-0.001948,  1.290087,  0.502423),  (0.861218,  0.147275)
(-0.058529,  1.336779,  0.449520),  (0.857159,  0.187401)
(-0.153778,  1.289516,  0.500791),  (0.900388,  0.175019)
(-0.192859,  1.315531,  0.602889),  (0.697444,  0.493660)
(-0.267578,  1.291150,  0.582576),  (0.699322,  0.506953)
(-0.249508,  1.225253,  0.466766),  (0.724554,  0.519094)
(-0.249508,  1.225253,  0.466766),  (0.952470,  0.055727)
(-0.093609,  1.194322,  0.519707),  (0.902060,  0.078004)
(-0.192859,  1.315531,  0.602889),  (0.986519,  0.130925)
(-0.249508,  1.225253,  0.466766),  (0.727467,  0.523008)
(-0.227944,  1.259039,  0.255744),  (0.694886,  0.524201)
(-0.045360,  1.221650,  0.322507),  (0.707065,  0.551059)
(-0.045360,  1.221650,  0.322507),  (0.889364,  0.011371)
(-0.093609,  1.194322,  0.519707),  (0.902060,  0.078004)
(-0.249508,  1.225253,  0.466766),  (0.952470,  0.055727)
(-0.093609,  1.194322,  0.519707),  (0.902060,  0.078004)
(0.019352,  1.206831,  0.550283),  (0.864951,  0.083863)
(-0.085150,  1.193583,  0.539666),  (0.899792,  0.083987)
(-0.045360,  1.221650,  0.322507),  (0.889364,  0.011371)
(0.019352,  1.206831,  0.550283),  (0.864951,  0.083863)
(-0.093609,  1.194322,  0.519707),  (0.902060,  0.078004)
(-0.001948,  1.290087,  0.502423),  (0.861218,  0.147275)
(0.019352,  1.206831,  0.550283),  (0.864951,  0.083863)
(-0.039959,  1.240111,  0.638481),  (0.823303,  0.099820)
(-0.039959,  1.240111,  0.638481),  (0.823303,  0.099820)
(-0.034532,  1.342174,  0.553078),  (0.835286,  0.176026)
(-0.001948,  1.290087,  0.502423),  (0.861218,  0.147275)
(-0.111585,  1.258018,  0.503829),  (0.899359,  0.138849)
(0.019352,  1.206831,  0.550283),  (0.864951,  0.083863)
(-0.001948,  1.290087,  0.502423),  (0.861218,  0.147275)
(0.019352,  1.206831,  0.550283),  (0.864951,  0.083863)
(-0.111585,  1.258018,  0.503829),  (0.899359,  0.138849)
(-0.085150,  1.193583,  0.539666),  (0.899792,  0.083987)
(-0.381212,  1.141557,  0.298798),  (0.285540,  0.788627)
(-0.535097,  1.182961,  0.530928),  (0.271855,  0.836823)
(-0.319462,  1.104826,  0.437064),  (0.317369,  0.815880)
(-0.319462,  1.104826,  0.437064),  (0.317369,  0.815880)
(-0.535097,  1.182961,  0.530928),  (0.271855,  0.836823)
(-0.517592,  1.103708,  0.598803),  (0.306114,  0.850331)
(0.019352,  1.206831,  0.550283),  (0.798058,  0.259094)
(-0.045360,  1.221650,  0.322507),  (0.725043,  0.285915)
(0.096095,  1.177475,  0.332935),  (0.763422,  0.325854)
(0.019352,  1.206831,  0.550283),  (0.798058,  0.259094)
(0.096095,  1.177475,  0.332935),  (0.763422,  0.325854)
(0.093216,  1.155641,  0.515203),  (0.816080,  0.299084)
(-0.319462,  1.104826,  0.437064),  (0.317369,  0.815880)
(-0.121438,  1.074722,  0.312319),  (0.329087,  0.775960)
(-0.124869,  1.135509,  0.169123),  (0.305776,  0.774192)
(-0.319462,  1.104826,  0.437064),  (0.317369,  0.815880)
(-0.332751,  1.035456,  0.328097),  (0.339935,  0.812777)
(-0.121438,  1.074722,  0.312319),  (0.329087,  0.775960)
(-0.517592,  1.103708,  0.598803),  (0.306114,  0.850331)
(-0.332751,  1.035456,  0.328097),  (0.339935,  0.812777)
(-0.319462,  1.104826,  0.437064),  (0.317369,  0.815880)
(-0.332751,  1.035456,  0.328097),  (0.339935,  0.812777)
(-0.517592,  1.103708,  0.598803),  (0.306114,  0.850331)
(-0.600311,  1.001575,  0.383358),  (0.347636,  0.856287)
(-0.517592,  1.103708,  0.598803),  (0.306114,  0.850331)
(-0.735786,  1.001532,  0.548053),  (0.335933,  0.884394)
(-0.600311,  1.001575,  0.383358),  (0.347636,  0.856287)
(-0.735786,  1.001532,  0.548053),  (0.335933,  0.884394)
(-0.517592,  1.103708,  0.598803),  (0.306114,  0.850331)
(-0.595889,  1.095497,  0.636767),  (0.305663,  0.863227)
(-0.663324,  1.159763,  0.498781),  (0.270424,  0.860531)
(-0.517592,  1.103708,  0.598803),  (0.306114,  0.850331)
(-0.535097,  1.182961,  0.530928),  (0.271855,  0.836823)
(-0.517592,  1.103708,  0.598803),  (0.306114,  0.850331)
(-0.663324,  1.159763,  0.498781),  (0.270424,  0.860531)
(-0.595889,  1.095497,  0.636767),  (0.305663,  0.863227)
(-0.663324,  1.159763,  0.498781),  (0.270424,  0.860531)
(-0.704476,  1.090192,  0.483075),  (0.285966,  0.885199)
(-0.595889,  1.095497,  0.636767),  (0.305663,  0.863227)
(-0.704476,  1.090192,  0.483075),  (0.285966,  0.885199)
(-0.663324,  1.159763,  0.498781),  (0.270424,  0.860531)
(-0.697904,  1.121978,  0.418103),  (0.270846,  0.882576)
(-0.227944,  1.259039,  0.255744),  (0.658828,  0.247198)
(-0.210113,  1.287729,  0.034502),  (0.610918,  0.303884)
(0.013683,  1.248899,  0.122430),  (0.675705,  0.333236)
(-0.227944,  1.259039,  0.255744),  (0.658828,  0.247198)
(0.013683,  1.248899,  0.122430),  (0.675705,  0.333236)
(-0.045360,  1.221650,  0.322507),  (0.725043,  0.285915)
(-0.093668,  1.136093,  -0.141993),  (0.286320,  0.690028)
(-0.124869,  1.135509,  0.169123),  (0.294636,  0.747751)
(-0.054576,  1.095678,  -0.052756),  (0.305014,  0.700739)
(-0.093668,  1.136093,  -0.141993),  (0.286320,  0.690028)
(-0.054576,  1.095678,  -0.052756),  (0.305014,  0.700739)
(-0.059530,  1.090174,  -0.145339),  (0.303261,  0.684228)
(0.093216,  1.155641,  0.515203),  (0.816080,  0.299084)
(0.096095,  1.177475,  0.332935),  (0.763422,  0.325854)
(0.186696,  1.129184,  0.460246),  (0.824201,  0.335402)
(0.186696,  1.129184,  0.460246),  (0.824201,  0.335402)
(0.096095,  1.177475,  0.332935),  (0.763422,  0.325854)
(0.103712,  1.142572,  0.238274),  (0.758456,  0.362498)
(0.013683,  1.248899,  0.122430),  (0.675705,  0.333236)
(0.103712,  1.142572,  0.238274),  (0.758456,  0.362498)
(-0.045360,  1.221650,  0.322507),  (0.725043,  0.285915)
(-0.045360,  1.221650,  0.322507),  (0.725043,  0.285915)
(0.103712,  1.142572,  0.238274),  (0.758456,  0.362498)
(0.096095,  1.177475,  0.332935),  (0.763422,  0.325854)
(-0.029980,  1.111054,  0.084993),  (0.729246,  0.421874)
(0.013683,  1.248899,  0.122430),  (0.675705,  0.333236)
(0.012529,  1.245645,  0.036448),  (0.657074,  0.350044)
(0.013683,  1.248899,  0.122430),  (0.675705,  0.333236)
(-0.029980,  1.111054,  0.084993),  (0.729246,  0.421874)
(0.103712,  1.142572,  0.238274),  (0.758456,  0.362498)
(-0.029980,  1.111054,  0.084993),  (0.737588,  0.582713)
(0.103712,  1.142572,  0.238274),  (0.735517,  0.552261)
(-0.124869,  1.135509,  0.169123),  (0.718226,  0.580038)
(-0.124869,  1.135509,  0.169123),  (0.738397,  0.532427)
(-0.054576,  1.095678,  -0.052756),  (0.751858,  0.565797)
(-0.029980,  1.111054,  0.084993),  (0.753306,  0.545071)
(0.008216,  1.133030,  0.396654),  (0.315181,  0.743226)
(0.226615,  1.096218,  0.387523),  (0.321304,  0.708834)
(0.103712,  1.142572,  0.238274),  (0.298646,  0.741635)
(0.103712,  1.142572,  0.238274),  (0.298646,  0.741635)
(-0.121438,  1.074722,  0.312319),  (0.329087,  0.775960)
(0.008216,  1.133030,  0.396654),  (0.315181,  0.743226)
(-0.121438,  1.074722,  0.312319),  (0.329087,  0.775960)
(0.103712,  1.142572,  0.238274),  (0.298646,  0.741635)
(-0.124869,  1.135509,  0.169123),  (0.305776,  0.774192)
(-0.054576,  1.095678,  -0.052756),  (0.701329,  0.458243)
(-0.022624,  1.220835,  -0.085447),  (0.637132,  0.389233)
(-0.028961,  1.177541,  -0.148220),  (0.640430,  0.426984)
(-0.054576,  1.095678,  -0.052756),  (0.701329,  0.458243)
(-0.028961,  1.177541,  -0.148220),  (0.640430,  0.426984)
(-0.038948,  1.090210,  -0.154735),  (0.677304,  0.480658)
(-0.029980,  1.111054,  0.084993),  (0.729246,  0.421874)
(-0.022624,  1.220835,  -0.085447),  (0.637132,  0.389233)
(-0.054576,  1.095678,  -0.052756),  (0.701329,  0.458243)
(-0.022624,  1.220835,  -0.085447),  (0.637132,  0.389233)
(-0.029980,  1.111054,  0.084993),  (0.729246,  0.421874)
(0.012529,  1.245645,  0.036448),  (0.657074,  0.350044)
(-0.319462,  1.104826,  0.437064),  (0.317369,  0.815880)
(-0.124869,  1.135509,  0.169123),  (0.294636,  0.747751)
(-0.381212,  1.141557,  0.298798),  (0.285540,  0.788627)
(-0.381212,  1.141557,  0.298798),  (0.285540,  0.788627)
(-0.124869,  1.135509,  0.169123),  (0.294636,  0.747751)
(-0.247855,  1.193415,  0.132837),  (0.269032,  0.750181)
(-0.381212,  1.141557,  0.298798),  (0.285540,  0.788627)
(-0.247855,  1.193415,  0.132837),  (0.269032,  0.750181)
(-0.328577,  1.220809,  0.309732),  (0.257299,  0.784164)
(-0.328577,  1.220809,  0.309732),  (0.257299,  0.784164)
(-0.535097,  1.182961,  0.530928),  (0.271855,  0.836823)
(-0.381212,  1.141557,  0.298798),  (0.285540,  0.788627)
(-0.247855,  1.193415,  0.132837),  (0.269032,  0.750181)
(-0.133815,  1.238135,  0.213476),  (0.242290,  0.750943)
(-0.226739,  1.251440,  0.236004),  (0.244523,  0.765449)
(-0.247855,  1.193415,  0.132837),  (0.269032,  0.750181)
(-0.226739,  1.251440,  0.236004),  (0.244523,  0.765449)
(-0.328577,  1.220809,  0.309732),  (0.257299,  0.784164)
(-0.124869,  1.135509,  0.169123),  (0.294636,  0.747751)
(-0.093668,  1.136093,  -0.141993),  (0.286320,  0.690028)
(-0.247855,  1.193415,  0.132837),  (0.269032,  0.750181)
(-0.037942,  1.211739,  -0.111159),  (0.261178,  0.694616)
(-0.247855,  1.193415,  0.132837),  (0.269032,  0.750181)
(-0.093668,  1.136093,  -0.141993),  (0.286320,  0.690028)
(-0.247855,  1.193415,  0.132837),  (0.269032,  0.750181)
(-0.037942,  1.211739,  -0.111159),  (0.261178,  0.694616)
(0.007024,  1.261482,  0.046469),  (0.234496,  0.712915)
(-0.247855,  1.193415,  0.132837),  (0.269032,  0.750181)
(0.007024,  1.261482,  0.046469),  (0.234496,  0.712915)
(-0.133815,  1.238135,  0.213476),  (0.242290,  0.750943)
(-0.456452,  1.203937,  0.830694),  (0.698450,  0.043507)
(-0.374349,  1.205231,  0.615581),  (0.678873,  0.112462)
(-0.359961,  1.227719,  0.801633),  (0.721798,  0.069376)
(-0.374349,  1.205231,  0.615581),  (0.678873,  0.112462)
(-0.276081,  1.229223,  0.611150),  (0.706051,  0.132887)
(-0.359961,  1.227719,  0.801633),  (0.721798,  0.069376)
(-0.456452,  1.203937,  0.830694),  (0.113996,  0.510046)
(-0.516687,  1.243857,  1.050809),  (0.147377,  0.504650)
(-0.649790,  1.184498,  1.027798),  (0.131972,  0.477051)
(-0.516687,  1.243857,  1.050809),  (0.147377,  0.504650)
(-0.456452,  1.203937,  0.830694),  (0.113996,  0.510046)
(-0.359961,  1.227719,  0.801633),  (0.126948,  0.538857)
(-0.359961,  1.227719,  0.801633),  (0.721798,  0.069376)
(-0.276081,  1.229223,  0.611150),  (0.706051,  0.132887)
(-0.265633,  1.227902,  0.771151),  (0.743342,  0.084366)
(-0.265633,  1.227902,  0.771151),  (0.743342,  0.084366)
(-0.276081,  1.229223,  0.611150),  (0.706051,  0.132887)
(-0.211981,  1.239686,  0.627523),  (0.749185,  0.130373)
(-0.516687,  1.243857,  1.050809),  (0.147377,  0.504650)
(-0.359961,  1.227719,  0.801633),  (0.126948,  0.538857)
(-0.327106,  1.288230,  0.994807),  (0.162460,  0.536925)
(-0.327106,  1.288230,  0.994807),  (0.162460,  0.536925)
(-0.359961,  1.227719,  0.801633),  (0.126948,  0.538857)
(-0.265633,  1.227902,  0.771151),  (0.142100,  0.566051)
(-0.265633,  1.227902,  0.771151),  (0.743342,  0.084366)
(-0.178370,  1.274879,  0.675966),  (0.778807,  0.129884)
(-0.145102,  1.222776,  0.768305),  (0.772639,  0.081977)
(-0.178370,  1.274879,  0.675966),  (0.778807,  0.129884)
(-0.265633,  1.227902,  0.771151),  (0.743342,  0.084366)
(-0.211981,  1.239686,  0.627523),  (0.749185,  0.130373)
(-0.045729,  1.190271,  0.767317),  (0.797478,  0.051177)
(-0.178370,  1.274879,  0.675966),  (0.778807,  0.129884)
(-0.039959,  1.240111,  0.638481),  (0.823303,  0.099820)
(-0.178370,  1.274879,  0.675966),  (0.778807,  0.129884)
(-0.045729,  1.190271,  0.767317),  (0.797478,  0.051177)
(-0.145102,  1.222776,  0.768305),  (0.772639,  0.081977)
(-0.039959,  1.240111,  0.638481),  (0.823303,  0.099820)
(0.054968,  1.167451,  0.720932),  (0.829271,  0.032089)
(-0.045729,  1.190271,  0.767317),  (0.797478,  0.051177)
(0.054968,  1.167451,  0.720932),  (0.829271,  0.032089)
(-0.039959,  1.240111,  0.638481),  (0.823303,  0.099820)
(0.019352,  1.206831,  0.550283),  (0.864951,  0.083863)
(0.093216,  1.155641,  0.515203),  (0.816080,  0.299084)
(0.200156,  1.139453,  0.692106),  (0.880237,  0.289682)
(0.054968,  1.167451,  0.720932),  (0.858542,  0.247759)
(0.093216,  1.155641,  0.515203),  (0.816080,  0.299084)
(0.054968,  1.167451,  0.720932),  (0.858542,  0.247759)
(0.019352,  1.206831,  0.550283),  (0.798058,  0.259094)
(0.186696,  1.129184,  0.460246),  (0.824201,  0.335402)
(0.330207,  1.094185,  0.644982),  (0.900623,  0.339250)
(0.200156,  1.139453,  0.692106),  (0.880237,  0.289682)
(0.186696,  1.129184,  0.460246),  (0.824201,  0.335402)
(0.200156,  1.139453,  0.692106),  (0.880237,  0.289682)
(0.093216,  1.155641,  0.515203),  (0.816080,  0.299084)
(0.387331,  1.065841,  0.438175),  (0.330323,  0.680899)
(0.330207,  1.094185,  0.644982),  (0.300126,  0.658719)
(0.186696,  1.129184,  0.460246),  (0.311753,  0.709077)
(0.387331,  1.065841,  0.438175),  (0.330323,  0.680899)
(0.186696,  1.129184,  0.460246),  (0.311753,  0.709077)
(0.226615,  1.096218,  0.387523),  (0.321304,  0.708834)
(-0.327106,  1.288230,  0.994807),  (0.162460,  0.536925)
(-0.265633,  1.227902,  0.771151),  (0.142100,  0.566051)
(-0.131927,  1.287868,  0.978070),  (0.183446,  0.560142)
(-0.131927,  1.287868,  0.978070),  (0.183446,  0.560142)
(-0.265633,  1.227902,  0.771151),  (0.142100,  0.566051)
(-0.145102,  1.222776,  0.768305),  (0.167465,  0.591401)
(-0.131927,  1.287868,  0.978070),  (0.183446,  0.560142)
(-0.145102,  1.222776,  0.768305),  (0.167465,  0.591401)
(0.071064,  1.282474,  0.935385),  (0.209244,  0.578679)
(-0.045729,  1.190271,  0.767317),  (0.195571,  0.614695)
(0.071064,  1.282474,  0.935385),  (0.209244,  0.578679)
(-0.145102,  1.222776,  0.768305),  (0.167465,  0.591401)
(0.054968,  1.167451,  0.720932),  (0.226633,  0.631576)
(0.071064,  1.282474,  0.935385),  (0.209244,  0.578679)
(-0.045729,  1.190271,  0.767317),  (0.195571,  0.614695)
(0.071064,  1.282474,  0.935385),  (0.209244,  0.578679)
(0.054968,  1.167451,  0.720932),  (0.226633,  0.631576)
(0.229223,  1.207046,  0.900761),  (0.241291,  0.598321)
(0.200156,  1.139453,  0.692106),  (0.262129,  0.641730)
(0.373306,  1.126689,  0.889538),  (0.277805,  0.607384)
(0.229223,  1.207046,  0.900761),  (0.241291,  0.598321)
(0.229223,  1.207046,  0.900761),  (0.241291,  0.598321)
(0.054968,  1.167451,  0.720932),  (0.226633,  0.631576)
(0.200156,  1.139453,  0.692106),  (0.262129,  0.641730)
(0.330207,  1.094185,  0.644982),  (0.300126,  0.658719)
(0.664636,  0.992148,  0.811934),  (0.338137,  0.607080)
(0.373306,  1.126689,  0.889538),  (0.277805,  0.607384)
(0.373306,  1.126689,  0.889538),  (0.277805,  0.607384)
(0.200156,  1.139453,  0.692106),  (0.262129,  0.641730)
(0.330207,  1.094185,  0.644982),  (0.300126,  0.658719)
(0.373306,  1.126689,  0.889538),  (0.277805,  0.607384)
(0.338418,  1.207521,  1.171298),  (0.254881,  0.559768)
(0.229223,  1.207046,  0.900761),  (0.241291,  0.598321)
(0.338418,  1.207521,  1.171298),  (0.254881,  0.559768)
(0.373306,  1.126689,  0.889538),  (0.277805,  0.607384)
(0.560046,  1.090994,  1.146712),  (0.298855,  0.563733)
(0.071064,  1.282474,  0.935385),  (0.209244,  0.578679)
(0.338418,  1.207521,  1.171298),  (0.254881,  0.559768)
(0.139624,  1.287352,  1.167376),  (0.222341,  0.552366)
(0.338418,  1.207521,  1.171298),  (0.254881,  0.559768)
(0.071064,  1.282474,  0.935385),  (0.209244,  0.578679)
(0.229223,  1.207046,  0.900761),  (0.241291,  0.598321)
(-0.456120,  1.208062,  1.227905),  (0.166912,  0.486382)
(-0.687162,  1.109912,  1.218385),  (0.147795,  0.443389)
(-0.649790,  1.184498,  1.027798),  (0.131972,  0.477051)
(-0.456120,  1.208062,  1.227905),  (0.166912,  0.486382)
(-0.649790,  1.184498,  1.027798),  (0.131972,  0.477051)
(-0.516687,  1.243857,  1.050809),  (0.147377,  0.504650)
(0.338418,  1.207521,  1.171298),  (0.254881,  0.559768)
(0.352004,  1.168372,  1.500839),  (0.266529,  0.513590)
(0.199662,  1.210809,  1.452379),  (0.246591,  0.515020)
(0.199662,  1.210809,  1.452379),  (0.246591,  0.515020)
(0.139624,  1.287352,  1.167376),  (0.222341,  0.552366)
(0.338418,  1.207521,  1.171298),  (0.254881,  0.559768)
(0.071064,  1.282474,  0.935385),  (0.209244,  0.578679)
(0.139624,  1.287352,  1.167376),  (0.222341,  0.552366)
(-0.061816,  1.293601,  1.202931),  (0.202570,  0.536642)
(-0.061816,  1.293601,  1.202931),  (0.202570,  0.536642)
(-0.131927,  1.287868,  0.978070),  (0.183446,  0.560142)
(0.071064,  1.282474,  0.935385),  (0.209244,  0.578679)
(-0.131927,  1.287868,  0.978070),  (0.183446,  0.560142)
(-0.061816,  1.293601,  1.202931),  (0.202570,  0.536642)
(-0.274867,  1.285920,  1.220629),  (0.183139,  0.518310)
(-0.274867,  1.285920,  1.220629),  (0.183139,  0.518310)
(-0.327106,  1.288230,  0.994807),  (0.162460,  0.536925)
(-0.131927,  1.287868,  0.978070),  (0.183446,  0.560142)
(-0.061816,  1.293601,  1.202931),  (0.202570,  0.536642)
(0.199662,  1.210809,  1.452379),  (0.246591,  0.515020)
(0.009733,  1.206899,  1.511813),  (0.230745,  0.496311)
(0.199662,  1.210809,  1.452379),  (0.246591,  0.515020)
(-0.061816,  1.293601,  1.202931),  (0.202570,  0.536642)
(0.139624,  1.287352,  1.167376),  (0.222341,  0.552366)
(-0.456120,  1.208062,  1.227905),  (0.166912,  0.486382)
(-0.327106,  1.288230,  0.994807),  (0.162460,  0.536925)
(-0.274867,  1.285920,  1.220629),  (0.183139,  0.518310)
(-0.327106,  1.288230,  0.994807),  (0.162460,  0.536925)
(-0.456120,  1.208062,  1.227905),  (0.166912,  0.486382)
(-0.516687,  1.243857,  1.050809),  (0.147377,  0.504650)
(-0.216701,  1.172093,  1.520354),  (0.212438,  0.473167)
(-0.474428,  1.152842,  1.334772),  (0.175098,  0.463305)
(-0.456120,  1.208062,  1.227905),  (0.166912,  0.486382)
(-0.216701,  1.172093,  1.520354),  (0.212438,  0.473167)
(-0.456120,  1.208062,  1.227905),  (0.166912,  0.486382)
(-0.274867,  1.285920,  1.220629),  (0.183139,  0.518310)
(-0.216701,  1.172093,  1.520354),  (0.212438,  0.473167)
(-0.061816,  1.293601,  1.202931),  (0.202570,  0.536642)
(0.009733,  1.206899,  1.511813),  (0.230745,  0.496311)
(-0.061816,  1.293601,  1.202931),  (0.202570,  0.536642)
(-0.216701,  1.172093,  1.520354),  (0.212438,  0.473167)
(-0.274867,  1.285920,  1.220629),  (0.183139,  0.518310)
(0.127546,  1.080473,  1.730732),  (0.264766,  0.461503)
(0.199662,  1.210809,  1.452379),  (0.246591,  0.515020)
(0.352004,  1.168372,  1.500839),  (0.266529,  0.513590)
(0.199662,  1.210809,  1.452379),  (0.246591,  0.515020)
(0.127546,  1.080473,  1.730732),  (0.264766,  0.461503)
(0.009733,  1.206899,  1.511813),  (0.230745,  0.496311)
(0.352004,  1.168372,  1.500839),  (0.266529,  0.513590)
(0.338418,  1.207521,  1.171298),  (0.254881,  0.559768)
(0.560046,  1.090994,  1.146712),  (0.298855,  0.563733)
(0.352004,  1.168372,  1.500839),  (0.266529,  0.513590)
(0.560046,  1.090994,  1.146712),  (0.298855,  0.563733)
(0.586120,  1.045894,  1.585573),  (0.307349,  0.499338)
(0.009733,  1.206899,  1.511813),  (0.230745,  0.496311)
(0.127546,  1.080473,  1.730732),  (0.264766,  0.461503)
(-0.216701,  1.172093,  1.520354),  (0.212438,  0.473167)
(-0.216701,  1.172093,  1.520354),  (0.212438,  0.473167)
(0.127546,  1.080473,  1.730732),  (0.264766,  0.461503)
(-0.256281,  1.038684,  1.727092),  (0.231362,  0.425294)
(-0.687162,  1.109912,  1.218385),  (0.147795,  0.443389)
(-0.456120,  1.208062,  1.227905),  (0.166912,  0.486382)
(-0.474428,  1.152842,  1.334772),  (0.175098,  0.463305)
(-0.687162,  1.109912,  1.218385),  (0.147795,  0.443389)
(-0.474428,  1.152842,  1.334772),  (0.175098,  0.463305)
(-0.589819,  1.070756,  1.447286),  (0.177725,  0.427279)
(-0.256281,  1.038684,  1.727092),  (0.231362,  0.425294)
(-0.474428,  1.152842,  1.334772),  (0.175098,  0.463305)
(-0.216701,  1.172093,  1.520354),  (0.212438,  0.473167)
(-0.474428,  1.152842,  1.334772),  (0.175098,  0.463305)
(-0.256281,  1.038684,  1.727092),  (0.231362,  0.425294)
(-0.589819,  1.070756,  1.447286),  (0.177725,  0.427279)
(-0.687162,  1.109912,  1.218385),  (0.147795,  0.443389)
(-0.911177,  0.985150,  1.160948),  (0.128206,  0.391947)
(-0.720454,  1.089050,  0.907904),  (0.107011,  0.444806)
(-0.720454,  1.089050,  0.907904),  (0.107011,  0.444806)
(-0.649790,  1.184498,  1.027798),  (0.131972,  0.477051)
(-0.687162,  1.109912,  1.218385),  (0.147795,  0.443389)
(-0.911177,  0.985150,  1.160948),  (0.128206,  0.391947)
(-0.589819,  1.070756,  1.447286),  (0.177725,  0.427279)
(-0.779705,  0.951402,  1.511731),  (0.173365,  0.378726)
(-0.589819,  1.070756,  1.447286),  (0.177725,  0.427279)
(-0.911177,  0.985150,  1.160948),  (0.128206,  0.391947)
(-0.687162,  1.109912,  1.218385),  (0.147795,  0.443389)
(-0.410369,  0.919445,  1.925295),  (0.240391,  0.376053)
(-0.589819,  1.070756,  1.447286),  (0.177725,  0.427279)
(-0.256281,  1.038684,  1.727092),  (0.231362,  0.425294)
(-0.589819,  1.070756,  1.447286),  (0.177725,  0.427279)
(-0.410369,  0.919445,  1.925295),  (0.240391,  0.376053)
(-0.779705,  0.951402,  1.511731),  (0.173365,  0.378726)
(0.127546,  1.080473,  1.730732),  (0.264766,  0.461503)
(0.200689,  0.930768,  1.948485),  (0.297923,  0.419755)
(-0.256281,  1.038684,  1.727092),  (0.231362,  0.425294)
(-0.256281,  1.038684,  1.727092),  (0.231362,  0.425294)
(0.200689,  0.930768,  1.948485),  (0.297923,  0.419755)
(-0.410369,  0.919445,  1.925295),  (0.240391,  0.376053)
(0.200689,  0.930768,  1.948485),  (0.297923,  0.419755)
(0.127546,  1.080473,  1.730732),  (0.264766,  0.461503)
(0.586120,  1.045894,  1.585573),  (0.307349,  0.499338)
(0.127546,  1.080473,  1.730732),  (0.264766,  0.461503)
(0.352004,  1.168372,  1.500839),  (0.266529,  0.513590)
(0.586120,  1.045894,  1.585573),  (0.307349,  0.499338)
(-1.109617,  0.859132,  0.989027),  (0.099946,  0.340579)
(-0.714918,  1.016939,  0.748866),  (0.079506,  0.422700)
(-0.911177,  0.985150,  1.160948),  (0.128206,  0.391947)
(-0.714918,  1.016939,  0.748866),  (0.079506,  0.422700)
(-0.720454,  1.089050,  0.907904),  (0.107011,  0.444806)
(-0.911177,  0.985150,  1.160948),  (0.128206,  0.391947)
(-0.714918,  1.016939,  0.748866),  (0.079506,  0.422700)
(-1.007180,  0.831278,  0.507672),  (0.038520,  0.340715)
(-0.735786,  1.001532,  0.548053),  (0.052663,  0.417465)
(-1.007180,  0.831278,  0.507672),  (0.038520,  0.340715)
(-0.714918,  1.016939,  0.748866),  (0.079506,  0.422700)
(-1.109617,  0.859132,  0.989027),  (0.099946,  0.340579)
(-0.410369,  0.919445,  1.925295),  (0.240391,  0.376053)
(0.200689,  0.930768,  1.948485),  (0.297923,  0.419755)
(0.183308,  0.728309,  2.105391),  (0.330037,  0.362112)
(0.183308,  0.728309,  2.105391),  (0.330037,  0.362112)
(-0.638905,  0.741456,  2.119417),  (0.250140,  0.309732)
(-0.410369,  0.919445,  1.925295),  (0.240391,  0.376053)
(-1.109617,  0.859132,  0.989027),  (0.099946,  0.340579)
(-1.257667,  0.594032,  0.867182),  (0.083460,  0.243092)
(-1.007180,  0.831278,  0.507672),  (0.038520,  0.340715)
(-1.007180,  0.831278,  0.507672),  (0.038520,  0.340715)
(-1.257667,  0.594032,  0.867182),  (0.083460,  0.243092)
(-1.111129,  0.607158,  0.381235),  (0.020035,  0.249976)
(-1.007180,  0.831278,  0.507672),  (0.383597,  0.934728)
(-0.600311,  1.001575,  0.383358),  (0.347636,  0.856287)
(-0.735786,  1.001532,  0.548053),  (0.335933,  0.884394)
(-0.600311,  1.001575,  0.383358),  (0.347636,  0.856287)
(-1.007180,  0.831278,  0.507672),  (0.383597,  0.934728)
(-0.714068,  0.848170,  0.176827),  (0.400436,  0.875509)
(-0.600311,  1.001575,  0.383358),  (0.347636,  0.856287)
(-0.437272,  0.885830,  -0.002452),  (0.400939,  0.828436)
(-0.332751,  1.035456,  0.328097),  (0.339935,  0.812777)
(-0.437272,  0.885830,  -0.002452),  (0.400939,  0.828436)
(-0.600311,  1.001575,  0.383358),  (0.347636,  0.856287)
(-0.714068,  0.848170,  0.176827),  (0.400436,  0.875509)
(-0.332751,  1.035456,  0.328097),  (0.339935,  0.812777)
(-0.114312,  0.887756,  0.070115),  (0.394561,  0.785073)
(-0.121438,  1.074722,  0.312319),  (0.329087,  0.775960)
(-0.114312,  0.887756,  0.070115),  (0.394561,  0.785073)
(-0.332751,  1.035456,  0.328097),  (0.339935,  0.812777)
(-0.437272,  0.885830,  -0.002452),  (0.400939,  0.828436)
(0.245517,  0.930715,  0.031233),  (0.392295,  0.733658)
(0.008216,  1.133030,  0.396654),  (0.315181,  0.743226)
(-0.121438,  1.074722,  0.312319),  (0.329087,  0.775960)
(0.245517,  0.930715,  0.031233),  (0.392295,  0.733658)
(-0.121438,  1.074722,  0.312319),  (0.329087,  0.775960)
(-0.114312,  0.887756,  0.070115),  (0.394561,  0.785073)
(0.008216,  1.133030,  0.396654),  (0.315181,  0.743226)
(0.245517,  0.930715,  0.031233),  (0.392295,  0.733658)
(0.226615,  1.096218,  0.387523),  (0.321304,  0.708834)
(0.226615,  1.096218,  0.387523),  (0.321304,  0.708834)
(0.245517,  0.930715,  0.031233),  (0.392295,  0.733658)
(0.439252,  0.950814,  0.155683),  (0.382477,  0.701623)
(0.439252,  0.950814,  0.155683),  (0.382477,  0.701623)
(0.387331,  1.065841,  0.438175),  (0.330323,  0.680899)
(0.226615,  1.096218,  0.387523),  (0.321304,  0.708834)
(0.439252,  0.950814,  0.155683),  (0.382477,  0.701623)
(0.709792,  0.942948,  0.417147),  (0.377307,  0.649967)
(0.387331,  1.065841,  0.438175),  (0.330323,  0.680899)
(0.330207,  1.094185,  0.644982),  (0.300126,  0.658719)
(0.709792,  0.942948,  0.417147),  (0.377307,  0.649967)
(0.664636,  0.992148,  0.811934),  (0.338137,  0.607080)
(0.709792,  0.942948,  0.417147),  (0.377307,  0.649967)
(0.330207,  1.094185,  0.644982),  (0.300126,  0.658719)
(0.387331,  1.065841,  0.438175),  (0.330323,  0.680899)
(-1.111129,  0.607158,  0.381235),  (0.457652,  0.964383)
(-0.714068,  0.848170,  0.176827),  (0.400436,  0.875509)
(-1.007180,  0.831278,  0.507672),  (0.383597,  0.934728)
(-0.714068,  0.848170,  0.176827),  (0.400436,  0.875509)
(-1.111129,  0.607158,  0.381235),  (0.457652,  0.964383)
(-0.831832,  0.642976,  -0.048217),  (0.469685,  0.894020)
(-0.714068,  0.848170,  0.176827),  (0.400436,  0.875509)
(-0.464266,  0.679243,  -0.239549),  (0.468452,  0.838498)
(-0.437272,  0.885830,  -0.002452),  (0.400939,  0.828436)
(-0.464266,  0.679243,  -0.239549),  (0.468452,  0.838498)
(-0.714068,  0.848170,  0.176827),  (0.400436,  0.875509)
(-0.831832,  0.642976,  -0.048217),  (0.469685,  0.894020)
(-0.437272,  0.885830,  -0.002452),  (0.400939,  0.828436)
(-0.464266,  0.679243,  -0.239549),  (0.468452,  0.838498)
(-0.053630,  0.713578,  -0.299143),  (0.464955,  0.785509)
(-0.437272,  0.885830,  -0.002452),  (0.400939,  0.828436)
(-0.053630,  0.713578,  -0.299143),  (0.464955,  0.785509)
(-0.114312,  0.887756,  0.070115),  (0.394561,  0.785073)
(-0.053630,  0.713578,  -0.299143),  (0.464955,  0.785509)
(0.245517,  0.930715,  0.031233),  (0.392295,  0.733658)
(-0.114312,  0.887756,  0.070115),  (0.394561,  0.785073)
(0.245517,  0.930715,  0.031233),  (0.392295,  0.733658)
(-0.053630,  0.713578,  -0.299143),  (0.464955,  0.785509)
(0.422666,  0.743789,  -0.257851),  (0.461443,  0.728269)
(0.422666,  0.743789,  -0.257851),  (0.461443,  0.728269)
(0.439252,  0.950814,  0.155683),  (0.382477,  0.701623)
(0.245517,  0.930715,  0.031233),  (0.392295,  0.733658)
(0.439252,  0.950814,  0.155683),  (0.382477,  0.701623)
(0.422666,  0.743789,  -0.257851),  (0.461443,  0.728269)
(0.782338,  0.769132,  -0.060361),  (0.452916,  0.681639)
(0.439252,  0.950814,  0.155683),  (0.382477,  0.701623)
(0.972159,  0.782423,  0.542782),  (0.425389,  0.605609)
(0.709792,  0.942948,  0.417147),  (0.377307,  0.649967)
(0.972159,  0.782423,  0.542782),  (0.425389,  0.605609)
(0.439252,  0.950814,  0.155683),  (0.382477,  0.701623)
(0.782338,  0.769132,  -0.060361),  (0.452916,  0.681639)
(0.972159,  0.782423,  0.542782),  (0.425389,  0.605609)
(0.664636,  0.992148,  0.811934),  (0.338137,  0.607080)
(0.709792,  0.942948,  0.417147),  (0.377307,  0.649967)
(0.664636,  0.992148,  0.811934),  (0.338137,  0.607080)
(0.972159,  0.782423,  0.542782),  (0.425389,  0.605609)
(0.975668,  0.895200,  1.098324),  (0.374934,  0.548467)
(0.373306,  1.126689,  0.889538),  (0.277805,  0.607384)
(0.664636,  0.992148,  0.811934),  (0.338137,  0.607080)
(0.560046,  1.090994,  1.146712),  (0.298855,  0.563733)
(0.975668,  0.895200,  1.098324),  (0.374934,  0.548467)
(0.560046,  1.090994,  1.146712),  (0.298855,  0.563733)
(0.664636,  0.992148,  0.811934),  (0.338137,  0.607080)
(0.560046,  1.090994,  1.146712),  (0.298855,  0.563733)
(0.975668,  0.895200,  1.098324),  (0.374934,  0.548467)
(0.586120,  1.045894,  1.585573),  (0.307349,  0.499338)
(0.586120,  1.045894,  1.585573),  (0.307349,  0.499338)
(0.975668,  0.895200,  1.098324),  (0.374934,  0.548467)
(0.905617,  0.806964,  1.735162),  (0.376615,  0.456283)
(0.200689,  0.930768,  1.948485),  (0.297923,  0.419755)
(0.586120,  1.045894,  1.585573),  (0.307349,  0.499338)
(0.905617,  0.806964,  1.735162),  (0.376615,  0.456283)
(0.200689,  0.930768,  1.948485),  (0.297923,  0.419755)
(0.905617,  0.806964,  1.735162),  (0.376615,  0.456283)
(0.183308,  0.728309,  2.105391),  (0.330037,  0.362112)
(-1.091800,  0.782627,  1.490482),  (0.158362,  0.310552)
(-1.308205,  0.590412,  1.264301),  (0.132908,  0.240511)
(-1.109617,  0.859132,  0.989027),  (0.099946,  0.340579)
(-1.308205,  0.590412,  1.264301),  (0.132908,  0.240511)
(-1.257667,  0.594032,  0.867182),  (0.083460,  0.243092)
(-1.109617,  0.859132,  0.989027),  (0.099946,  0.340579)
(-0.911177,  0.985150,  1.160948),  (0.128206,  0.391947)
(-0.779705,  0.951402,  1.511731),  (0.173365,  0.378726)
(-1.091800,  0.782627,  1.490482),  (0.158362,  0.310552)
(-1.091800,  0.782627,  1.490482),  (0.158362,  0.310552)
(-1.109617,  0.859132,  0.989027),  (0.099946,  0.340579)
(-0.911177,  0.985150,  1.160948),  (0.128206,  0.391947)
(-0.410369,  0.919445,  1.925295),  (0.240391,  0.376053)
(-1.091800,  0.782627,  1.490482),  (0.158362,  0.310552)
(-0.779705,  0.951402,  1.511731),  (0.173365,  0.378726)
(-1.091800,  0.782627,  1.490482),  (0.158362,  0.310552)
(-0.410369,  0.919445,  1.925295),  (0.240391,  0.376053)
(-0.638905,  0.741456,  2.119417),  (0.250140,  0.309732)
(0.972159,  0.782423,  0.542782),  (0.425389,  0.605609)
(1.323130,  0.549941,  0.621372),  (0.498970,  0.558021)
(1.362866,  0.594432,  1.303746),  (0.462082,  0.479088)
(0.972159,  0.782423,  0.542782),  (0.425389,  0.605609)
(1.362866,  0.594432,  1.303746),  (0.462082,  0.479088)
(0.975668,  0.895200,  1.098324),  (0.374934,  0.548467)
(0.975668,  0.895200,  1.098324),  (0.374934,  0.548467)
(1.362866,  0.594432,  1.303746),  (0.462082,  0.479088)
(0.905617,  0.806964,  1.735162),  (0.376615,  0.456283)
(0.905617,  0.806964,  1.735162),  (0.376615,  0.456283)
(1.362866,  0.594432,  1.303746),  (0.462082,  0.479088)
(0.993982,  0.581920,  1.912113),  (0.423692,  0.397901)
(0.183308,  0.728309,  2.105391),  (0.330037,  0.362112)
(0.905617,  0.806964,  1.735162),  (0.376615,  0.456283)
(0.993982,  0.581920,  1.912113),  (0.423692,  0.397901)
(0.183308,  0.728309,  2.105391),  (0.330037,  0.362112)
(0.993982,  0.581920,  1.912113),  (0.423692,  0.397901)
(0.191398,  0.500440,  2.296405),  (0.368874,  0.296407)
(0.191398,  0.500440,  2.296405),  (0.368874,  0.296407)
(-0.638905,  0.741456,  2.119417),  (0.250140,  0.309732)
(0.183308,  0.728309,  2.105391),  (0.330037,  0.362112)
(-0.638905,  0.741456,  2.119417),  (0.250140,  0.309732)
(0.191398,  0.500440,  2.296405),  (0.368874,  0.296407)
(-0.749019,  0.504952,  2.311293),  (0.277813,  0.236818)
(-1.091800,  0.782627,  1.490482),  (0.158362,  0.310552)
(-0.638905,  0.741456,  2.119417),  (0.250140,  0.309732)
(-1.222409,  0.475616,  1.942964),  (0.218018,  0.208386)
(-1.222409,  0.475616,  1.942964),  (0.218018,  0.208386)
(-0.638905,  0.741456,  2.119417),  (0.250140,  0.309732)
(-0.749019,  0.504952,  2.311293),  (0.277813,  0.236818)
(-1.308205,  0.590412,  1.264301),  (0.132908,  0.240511)
(-1.091800,  0.782627,  1.490482),  (0.158362,  0.310552)
(-1.222409,  0.475616,  1.942964),  (0.218018,  0.208386)
(-1.308205,  0.590412,  1.264301),  (0.132908,  0.240511)
(-1.222409,  0.475616,  1.942964),  (0.218018,  0.208386)
(-1.422764,  0.408742,  1.400015),  (0.155117,  0.177635)
(-1.422764,  0.408742,  1.400015),  (0.155117,  0.177635)
(-1.257667,  0.594032,  0.867182),  (0.083460,  0.243092)
(-1.308205,  0.590412,  1.264301),  (0.132908,  0.240511)
(-1.257667,  0.594032,  0.867182),  (0.083460,  0.243092)
(-1.422764,  0.408742,  1.400015),  (0.155117,  0.177635)
(-1.439272,  0.339870,  0.756817),  (0.079117,  0.147810)
(-1.439272,  0.339870,  0.756817),  (0.079117,  0.147810)
(-1.111129,  0.607158,  0.381235),  (0.020035,  0.249976)
(-1.257667,  0.594032,  0.867182),  (0.083460,  0.243092)
(-1.111129,  0.607158,  0.381235),  (0.020035,  0.249976)
(-1.439272,  0.339870,  0.756817),  (0.079117,  0.147810)
(-1.327850,  0.320389,  0.172582),  (0.005683,  0.134400)
(-1.327850,  0.320389,  0.172582),  (0.558838,  0.986690)
(-0.831832,  0.642976,  -0.048217),  (0.469685,  0.894020)
(-1.111129,  0.607158,  0.381235),  (0.457652,  0.964383)
(-0.831832,  0.642976,  -0.048217),  (0.469685,  0.894020)
(-1.327850,  0.320389,  0.172582),  (0.558838,  0.986690)
(-0.883809,  0.344588,  -0.212677),  (0.563550,  0.906615)
(-0.464266,  0.679243,  -0.239549),  (0.468452,  0.838498)
(-0.831832,  0.642976,  -0.048217),  (0.469685,  0.894020)
(-0.428294,  0.415802,  -0.555570),  (0.554141,  0.831906)
(-0.831832,  0.642976,  -0.048217),  (0.469685,  0.894020)
(-0.883809,  0.344588,  -0.212677),  (0.563550,  0.906615)
(-0.428294,  0.415802,  -0.555570),  (0.554141,  0.831906)
(-0.464266,  0.679243,  -0.239549),  (0.468452,  0.838498)
(0.094374,  0.437559,  -0.576117),  (0.553457,  0.771493)
(-0.053630,  0.713578,  -0.299143),  (0.464955,  0.785509)
(0.094374,  0.437559,  -0.576117),  (0.553457,  0.771493)
(-0.464266,  0.679243,  -0.239549),  (0.468452,  0.838498)
(-0.428294,  0.415802,  -0.555570),  (0.554141,  0.831906)
(0.094374,  0.437559,  -0.576117),  (0.553457,  0.771493)
(0.422666,  0.743789,  -0.257851),  (0.461443,  0.728269)
(-0.053630,  0.713578,  -0.299143),  (0.464955,  0.785509)
(0.422666,  0.743789,  -0.257851),  (0.461443,  0.728269)
(0.094374,  0.437559,  -0.576117),  (0.553457,  0.771493)
(0.556652,  0.466599,  -0.301343),  (0.544864,  0.709078)
(0.556652,  0.466599,  -0.301343),  (0.544864,  0.709078)
(0.782338,  0.769132,  -0.060361),  (0.452916,  0.681639)
(0.422666,  0.743789,  -0.257851),  (0.461443,  0.728269)
(0.782338,  0.769132,  -0.060361),  (0.452916,  0.681639)
(0.556652,  0.466599,  -0.301343),  (0.544864,  0.709078)
(1.068891,  0.517799,  0.034880),  (0.523718,  0.635524)
(1.068891,  0.517799,  0.034880),  (0.523718,  0.635524)
(0.972159,  0.782423,  0.542782),  (0.425389,  0.605609)
(0.782338,  0.769132,  -0.060361),  (0.452916,  0.681639)
(0.972159,  0.782423,  0.542782),  (0.425389,  0.605609)
(1.068891,  0.517799,  0.034880),  (0.523718,  0.635524)
(1.323130,  0.549941,  0.621372),  (0.498970,  0.558021)
(1.362866,  0.594432,  1.303746),  (0.462082,  0.479088)
(1.487604,  0.314615,  1.494398),  (0.528693,  0.414876)
(0.993982,  0.581920,  1.912113),  (0.423692,  0.397901)
(0.993982,  0.581920,  1.912113),  (0.423692,  0.397901)
(1.487604,  0.314615,  1.494398),  (0.528693,  0.414876)
(1.130071,  0.318326,  2.037559),  (0.485338,  0.338573)
(1.536762,  0.268542,  0.893241),  (0.570236,  0.487724)
(1.362866,  0.594432,  1.303746),  (0.462082,  0.479088)
(1.323130,  0.549941,  0.621372),  (0.498970,  0.558021)
(1.362866,  0.594432,  1.303746),  (0.462082,  0.479088)
(1.536762,  0.268542,  0.893241),  (0.570236,  0.487724)
(1.487604,  0.314615,  1.494398),  (0.528693,  0.414876)
(1.210667,  0.204210,  0.254648),  (0.609750,  0.582894)
(1.323130,  0.549941,  0.621372),  (0.498970,  0.558021)
(1.068891,  0.517799,  0.034880),  (0.523718,  0.635524)
(1.323130,  0.549941,  0.621372),  (0.498970,  0.558021)
(1.210667,  0.204210,  0.254648),  (0.609750,  0.582894)
(1.536762,  0.268542,  0.893241),  (0.570236,  0.487724)
(0.698992,  0.187580,  -0.095631),  (0.629553,  0.669502)
(1.068891,  0.517799,  0.034880),  (0.523718,  0.635524)
(0.556652,  0.466599,  -0.301343),  (0.544864,  0.709078)
(1.068891,  0.517799,  0.034880),  (0.523718,  0.635524)
(0.698992,  0.187580,  -0.095631),  (0.629553,  0.669502)
(1.210667,  0.204210,  0.254648),  (0.609750,  0.582894)
(0.187345,  0.194072,  -0.386931),  (0.627540,  0.753361)
(0.556652,  0.466599,  -0.301343),  (0.544864,  0.709078)
(0.094374,  0.437559,  -0.576117),  (0.553457,  0.771493)
(0.556652,  0.466599,  -0.301343),  (0.544864,  0.709078)
(0.187345,  0.194072,  -0.386931),  (0.627540,  0.753361)
(0.698992,  0.187580,  -0.095631),  (0.629553,  0.669502)
(-0.346499,  0.157411,  -0.466560),  (0.628141,  0.828225)
(0.094374,  0.437559,  -0.576117),  (0.553457,  0.771493)
(-0.428294,  0.415802,  -0.555570),  (0.554141,  0.831906)
(0.094374,  0.437559,  -0.576117),  (0.553457,  0.771493)
(-0.346499,  0.157411,  -0.466560),  (0.628141,  0.828225)
(0.187345,  0.194072,  -0.386931),  (0.627540,  0.753361)
(-0.883809,  0.344588,  -0.212677),  (0.563550,  0.906615)
(-0.346499,  0.157411,  -0.466560),  (0.628141,  0.828225)
(-0.428294,  0.415802,  -0.555570),  (0.554141,  0.831906)
(-0.346499,  0.157411,  -0.466560),  (0.628141,  0.828225)
(-0.883809,  0.344588,  -0.212677),  (0.563550,  0.906615)
(-0.789090,  0.142077,  -0.193753),  (0.628566,  0.900644)
(-1.285328,  0.131522,  0.155859),  (0.622087,  0.985182)
(-0.883809,  0.344588,  -0.212677),  (0.563550,  0.906615)
(-1.327850,  0.320389,  0.172582),  (0.558838,  0.986690)
(-0.883809,  0.344588,  -0.212677),  (0.563550,  0.906615)
(-1.285328,  0.131522,  0.155859),  (0.622087,  0.985182)
(-0.789090,  0.142077,  -0.193753),  (0.628566,  0.900644)
(-1.439272,  0.339870,  0.756817),  (0.079117,  0.147810)
(-1.443036,  0.142089,  0.753388),  (0.089612,  0.078392)
(-1.327850,  0.320389,  0.172582),  (0.005683,  0.134400)
(-1.327850,  0.320389,  0.172582),  (0.005683,  0.134400)
(-1.443036,  0.142089,  0.753388),  (0.089612,  0.078392)
(-1.285328,  0.131522,  0.155859),  (0.012640,  0.063805)
(-1.422764,  0.408742,  1.400015),  (0.155117,  0.177635)
(-1.463238,  0.177171,  1.446778),  (0.174772,  0.101350)
(-1.439272,  0.339870,  0.756817),  (0.079117,  0.147810)
(-1.439272,  0.339870,  0.756817),  (0.079117,  0.147810)
(-1.463238,  0.177171,  1.446778),  (0.174772,  0.101350)
(-1.443036,  0.142089,  0.753388),  (0.089612,  0.078392)
(-1.222409,  0.475616,  1.942964),  (0.218018,  0.208386)
(-1.240900,  0.241484,  1.956851),  (0.238189,  0.136201)
(-1.422764,  0.408742,  1.400015),  (0.155117,  0.177635)
(-1.422764,  0.408742,  1.400015),  (0.155117,  0.177635)
(-1.240900,  0.241484,  1.956851),  (0.238189,  0.136201)
(-1.463238,  0.177171,  1.446778),  (0.174772,  0.101350)
(-0.749019,  0.504952,  2.311293),  (0.277813,  0.236818)
(-0.694342,  0.275249,  2.333204),  (0.311770,  0.174062)
(-1.222409,  0.475616,  1.942964),  (0.218018,  0.208386)
(-1.222409,  0.475616,  1.942964),  (0.218018,  0.208386)
(-0.694342,  0.275249,  2.333204),  (0.311770,  0.174062)
(-1.240900,  0.241484,  1.956851),  (0.238189,  0.136201)
(0.191398,  0.500440,  2.296405),  (0.368874,  0.296407)
(-0.694342,  0.275249,  2.333204),  (0.311770,  0.174062)
(-0.749019,  0.504952,  2.311293),  (0.277813,  0.236818)
(-0.694342,  0.275249,  2.333204),  (0.311770,  0.174062)
(0.191398,  0.500440,  2.296405),  (0.368874,  0.296407)
(0.234832,  0.273201,  2.423883),  (0.409615,  0.235920)
(0.191398,  0.500440,  2.296405),  (0.368874,  0.296407)
(0.993982,  0.581920,  1.912113),  (0.423692,  0.397901)
(1.130071,  0.318326,  2.037559),  (0.485338,  0.338573)
(0.191398,  0.500440,  2.296405),  (0.368874,  0.296407)
(1.130071,  0.318326,  2.037559),  (0.485338,  0.338573)
(0.234832,  0.273201,  2.423883),  (0.409615,  0.235920)
(1.487604,  0.314615,  1.494398),  (0.528693,  0.414876)
(0.993138,  0.048878,  2.034395),  (0.538235,  0.269610)
(1.130071,  0.318326,  2.037559),  (0.485338,  0.338573)
(0.993138,  0.048878,  2.034395),  (0.538235,  0.269610)
(1.487604,  0.314615,  1.494398),  (0.528693,  0.414876)
(1.274900,  0.042118,  1.508926),  (0.596748,  0.359504)
(1.130071,  0.318326,  2.037559),  (0.485338,  0.338573)
(0.993138,  0.048878,  2.034395),  (0.538235,  0.269610)
(0.234832,  0.273201,  2.423883),  (0.409615,  0.235920)
(0.234832,  0.273201,  2.423883),  (0.409615,  0.235920)
(0.993138,  0.048878,  2.034395),  (0.538235,  0.269610)
(0.266124,  0.055184,  2.198489),  (0.455377,  0.178969)
(0.234832,  0.273201,  2.423883),  (0.409615,  0.235920)
(-0.537249,  0.046339,  2.172900),  (0.350541,  0.106042)
(-0.694342,  0.275249,  2.333204),  (0.311770,  0.174062)
(-0.537249,  0.046339,  2.172900),  (0.350541,  0.106042)
(0.234832,  0.273201,  2.423883),  (0.409615,  0.235920)
(0.266124,  0.055184,  2.198489),  (0.455377,  0.178969)
(1.274900,  0.042118,  1.508926),  (0.930639,  0.660284)
(0.481778,  0.004778,  1.616110),  (0.924208,  0.769978)
(0.993138,  0.048878,  2.034395),  (0.989486,  0.713031)
(0.481778,  0.004778,  1.616110),  (0.924208,  0.769978)
(0.266124,  0.055184,  2.198489),  (0.993548,  0.814989)
(0.993138,  0.048878,  2.034395),  (0.989486,  0.713031)
(1.389288,  0.039169,  0.991783),  (0.633070,  0.452055)
(1.487604,  0.314615,  1.494398),  (0.528693,  0.414876)
(1.536762,  0.268542,  0.893241),  (0.570236,  0.487724)
(1.487604,  0.314615,  1.494398),  (0.528693,  0.414876)
(1.389288,  0.039169,  0.991783),  (0.633070,  0.452055)
(1.274900,  0.042118,  1.508926),  (0.596748,  0.359504)
(1.389288,  0.039169,  0.991783),  (0.868600,  0.630119)
(0.806790,  0.002280,  1.028650),  (0.858444,  0.709944)
(1.274900,  0.042118,  1.508926),  (0.930639,  0.660284)
(0.806790,  0.002280,  1.028650),  (0.858444,  0.709944)
(0.481778,  0.004778,  1.616110),  (0.924208,  0.769978)
(1.274900,  0.042118,  1.508926),  (0.930639,  0.660284)
(0.949961,  0.022483,  0.354206),  (0.671528,  0.577084)
(1.536762,  0.268542,  0.893241),  (0.570236,  0.487724)
(1.210667,  0.204210,  0.254648),  (0.609750,  0.582894)
(1.536762,  0.268542,  0.893241),  (0.570236,  0.487724)
(0.949961,  0.022483,  0.354206),  (0.671528,  0.577084)
(1.389288,  0.039169,  0.991783),  (0.633070,  0.452055)
(0.634804,  0.011407,  -0.046607),  (0.683654,  0.667913)
(1.210667,  0.204210,  0.254648),  (0.609750,  0.582894)
(0.698992,  0.187580,  -0.095631),  (0.629553,  0.669502)
(1.210667,  0.204210,  0.254648),  (0.609750,  0.582894)
(0.634804,  0.011407,  -0.046607),  (0.683654,  0.667913)
(0.949961,  0.022483,  0.354206),  (0.671528,  0.577084)
(0.266124,  0.055184,  2.198489),  (0.993548,  0.814989)
(0.481778,  0.004778,  1.616110),  (0.924208,  0.769978)
(-0.106537,  0.003024,  1.504118),  (0.896842,  0.845284)
(-0.106537,  0.003024,  1.504118),  (0.896842,  0.845284)
(-0.537249,  0.046339,  2.172900),  (0.971736,  0.921859)
(0.266124,  0.055184,  2.198489),  (0.993548,  0.814989)
(-1.240900,  0.241484,  1.956851),  (0.238189,  0.136201)
(-0.694342,  0.275249,  2.333204),  (0.311770,  0.174062)
(-0.954876,  0.055692,  1.775690),  (0.261902,  0.065813)
(-0.954876,  0.055692,  1.775690),  (0.261902,  0.065813)
(-0.694342,  0.275249,  2.333204),  (0.311770,  0.174062)
(-0.537249,  0.046339,  2.172900),  (0.350541,  0.106042)
(-1.463238,  0.177171,  1.446778),  (0.174772,  0.101350)
(-1.240900,  0.241484,  1.956851),  (0.238189,  0.136201)
(-0.954876,  0.055692,  1.775690),  (0.261902,  0.065813)
(-0.954876,  0.055692,  1.775690),  (0.261902,  0.065813)
(-1.223230,  0.026112,  1.298786),  (0.176097,  0.038547)
(-1.463238,  0.177171,  1.446778),  (0.174772,  0.101350)
(-1.443036,  0.142089,  0.753388),  (0.089612,  0.078392)
(-1.463238,  0.177171,  1.446778),  (0.174772,  0.101350)
(-1.223230,  0.026112,  1.298786),  (0.176097,  0.038547)
(-1.443036,  0.142089,  0.753388),  (0.089612,  0.078392)
(-1.223230,  0.026112,  1.298786),  (0.176097,  0.038547)
(-1.249743,  0.006694,  0.824771),  (0.105043,  0.025845)
(-1.443036,  0.142089,  0.753388),  (0.089612,  0.078392)
(-1.040756,  0.013291,  0.279992),  (0.029869,  0.009786)
(-1.285328,  0.131522,  0.155859),  (0.012640,  0.063805)
(-1.040756,  0.013291,  0.279992),  (0.029869,  0.009786)
(-1.443036,  0.142089,  0.753388),  (0.089612,  0.078392)
(-1.249743,  0.006694,  0.824771),  (0.105043,  0.025845)
(-1.285328,  0.131522,  0.155859),  (0.622087,  0.985182)
(-0.804197,  0.009895,  -0.103734),  (0.668683,  0.909307)
(-0.789090,  0.142077,  -0.193753),  (0.628566,  0.900644)
(-0.804197,  0.009895,  -0.103734),  (0.668683,  0.909307)
(-1.285328,  0.131522,  0.155859),  (0.622087,  0.985182)
(-1.040756,  0.013291,  0.279992),  (0.670258,  0.974759)
(-0.954876,  0.055692,  1.775690),  (0.913571,  0.967725)
(-0.636430,  0.001752,  1.242830),  (0.852837,  0.909162)
(-1.223230,  0.026112,  1.298786),  (0.847510,  0.990251)
(-0.636430,  0.001752,  1.242830),  (0.852837,  0.909162)
(-1.249743,  0.006694,  0.824771),  (0.787670,  0.980845)
(-1.223230,  0.026112,  1.298786),  (0.847510,  0.990251)
(-0.106537,  0.003024,  1.504118),  (0.896842,  0.845284)
(-0.954876,  0.055692,  1.775690),  (0.913571,  0.967725)
(-0.537249,  0.046339,  2.172900),  (0.971736,  0.921859)
(-0.954876,  0.055692,  1.775690),  (0.913571,  0.967725)
(-0.106537,  0.003024,  1.504118),  (0.896842,  0.845284)
(-0.636430,  0.001752,  1.242830),  (0.852837,  0.909162)
(-0.106537,  0.003024,  1.504118),  (0.896842,  0.845284)
(0.806790,  0.002280,  1.028650),  (0.858444,  0.709944)
(0.509316,  0.002514,  0.521135),  (0.786872,  0.734654)
(0.806790,  0.002280,  1.028650),  (0.858444,  0.709944)
(-0.106537,  0.003024,  1.504118),  (0.896842,  0.845284)
(0.481778,  0.004778,  1.616110),  (0.924208,  0.769978)
(0.509316,  0.002514,  0.521135),  (0.786872,  0.734654)
(0.806790,  0.002280,  1.028650),  (0.858444,  0.709944)
(0.949961,  0.022483,  0.354206),  (0.778203,  0.669997)
(0.806790,  0.002280,  1.028650),  (0.858444,  0.709944)
(1.389288,  0.039169,  0.991783),  (0.868600,  0.630119)
(0.949961,  0.022483,  0.354206),  (0.778203,  0.669997)
(0.187345,  0.194072,  -0.386931),  (0.627540,  0.753361)
(0.634804,  0.011407,  -0.046607),  (0.683654,  0.667913)
(0.698992,  0.187580,  -0.095631),  (0.629553,  0.669502)
(0.634804,  0.011407,  -0.046607),  (0.683654,  0.667913)
(0.187345,  0.194072,  -0.386931),  (0.627540,  0.753361)
(0.205230,  0.010211,  -0.148872),  (0.691947,  0.750148)
(0.205230,  0.010211,  -0.148872),  (0.691947,  0.750148)
(0.509316,  0.002514,  0.521135),  (0.786872,  0.734654)
(0.634804,  0.011407,  -0.046607),  (0.719415,  0.697088)
(0.509316,  0.002514,  0.521135),  (0.786872,  0.734654)
(0.949961,  0.022483,  0.354206),  (0.778203,  0.669997)
(0.634804,  0.011407,  -0.046607),  (0.719415,  0.697088)
(-0.346499,  0.157411,  -0.466560),  (0.628141,  0.828225)
(0.205230,  0.010211,  -0.148872),  (0.691947,  0.750148)
(0.187345,  0.194072,  -0.386931),  (0.627540,  0.753361)
(0.205230,  0.010211,  -0.148872),  (0.691947,  0.750148)
(-0.346499,  0.157411,  -0.466560),  (0.628141,  0.828225)
(-0.334623,  0.009361,  -0.207128),  (0.678649,  0.833104)
(-0.636430,  0.001752,  1.242830),  (0.852837,  0.909162)
(-0.389968,  0.002572,  0.440191),  (0.757674,  0.854196)
(-1.249743,  0.006694,  0.824771),  (0.787670,  0.980845)
(-0.389968,  0.002572,  0.440191),  (0.757674,  0.854196)
(-1.040756,  0.013291,  0.279992),  (0.724684,  0.938841)
(-1.249743,  0.006694,  0.824771),  (0.787670,  0.980845)
(0.205230,  0.010211,  -0.148872),  (0.691947,  0.750148)
(-0.334623,  0.009361,  -0.207128),  (0.678649,  0.833104)
(-0.389968,  0.002572,  0.440191),  (0.757674,  0.854196)
(-0.389968,  0.002572,  0.440191),  (0.757674,  0.854196)
(0.509316,  0.002514,  0.521135),  (0.786872,  0.734654)
(0.205230,  0.010211,  -0.148872),  (0.691947,  0.750148)
(-0.789090,  0.142077,  -0.193753),  (0.628566,  0.900644)
(-0.334623,  0.009361,  -0.207128),  (0.678649,  0.833104)
(-0.346499,  0.157411,  -0.466560),  (0.628141,  0.828225)
(-0.334623,  0.009361,  -0.207128),  (0.678649,  0.833104)
(-0.789090,  0.142077,  -0.193753),  (0.628566,  0.900644)
(-0.804197,  0.009895,  -0.103734),  (0.668683,  0.909307)
(-0.334623,  0.009361,  -0.207128),  (0.678649,  0.833104)
(-0.804197,  0.009895,  -0.103734),  (0.681762,  0.898128)
(-0.389968,  0.002572,  0.440191),  (0.757674,  0.854196)
(-0.804197,  0.009895,  -0.103734),  (0.681762,  0.898128)
(-1.040756,  0.013291,  0.279992),  (0.724684,  0.938841)
(-0.389968,  0.002572,  0.440191),  (0.757674,  0.854196)
(-0.106537,  0.003024,  1.504118),  (0.896842,  0.845284)
(0.509316,  0.002514,  0.521135),  (0.786872,  0.734654)
(-0.389968,  0.002572,  0.440191),  (0.757674,  0.854196)
(-0.106537,  0.003024,  1.504118),  (0.896842,  0.845284)
(-0.389968,  0.002572,  0.440191),  (0.757674,  0.854196)
(-0.636430,  0.001752,  1.242830),  (0.852837,  0.909162)
(-0.632115,  1.190214,  0.374176),  (0.570905,  0.130645)
(-0.599339,  1.185214,  0.584956),  (0.611649,  0.076215)
(-0.669668,  1.156782,  0.583047),  (0.584790,  0.060156)
(-0.669668,  1.156782,  0.583047),  (0.584790,  0.060156)
(-0.733300,  1.162592,  0.376709),  (0.540543,  0.108998)
(-0.632115,  1.190214,  0.374176),  (0.570905,  0.130645)
(-0.674259,  1.102269,  0.695800),  (0.579375,  0.006961)
(-0.669668,  1.156782,  0.583047),  (0.584790,  0.060156)
(-0.532814,  1.145580,  0.740076),  (0.632462,  0.019929)
(-0.599339,  1.185214,  0.584956),  (0.611649,  0.076215)
(-0.532814,  1.145580,  0.740076),  (0.632462,  0.019929)
(-0.669668,  1.156782,  0.583047),  (0.584790,  0.060156)
(-0.496136,  1.215221,  0.364139),  (0.605978,  0.159345)
(-0.527484,  1.215618,  0.607660),  (0.639218,  0.088688)
(-0.599339,  1.185214,  0.584956),  (0.611649,  0.076215)
(-0.599339,  1.185214,  0.584956),  (0.611649,  0.076215)
(-0.632115,  1.190214,  0.374176),  (0.570905,  0.130645)
(-0.496136,  1.215221,  0.364139),  (0.605978,  0.159345)
(-0.532814,  1.145580,  0.740076),  (0.632462,  0.019929)
(-0.527484,  1.215618,  0.607660),  (0.639218,  0.088688)
(-0.575803,  1.186482,  0.811225),  (0.666439,  0.026446)
(-0.527484,  1.215618,  0.607660),  (0.639218,  0.088688)
(-0.532814,  1.145580,  0.740076),  (0.632462,  0.019929)
(-0.599339,  1.185214,  0.584956),  (0.611649,  0.076215)
(-0.575803,  1.186482,  0.811225),  (0.666439,  0.026446)
(-0.527484,  1.215618,  0.607660),  (0.639218,  0.088688)
(-0.456452,  1.203937,  0.830694),  (0.698450,  0.043507)
(-0.527484,  1.215618,  0.607660),  (0.639218,  0.088688)
(-0.374349,  1.205231,  0.615581),  (0.678873,  0.112462)
(-0.456452,  1.203937,  0.830694),  (0.698450,  0.043507)
(-0.720454,  1.089050,  0.907904),  (0.107011,  0.444806)
(-0.575803,  1.186482,  0.811225),  (0.102657,  0.486567)
(-0.649790,  1.184498,  1.027798),  (0.131972,  0.477051)
(-0.649790,  1.184498,  1.027798),  (0.131972,  0.477051)
(-0.575803,  1.186482,  0.811225),  (0.102657,  0.486567)
(-0.456452,  1.203937,  0.830694),  (0.113996,  0.510046)
(-0.532814,  1.145580,  0.740076),  (0.084285,  0.474150)
(-0.720454,  1.089050,  0.907904),  (0.107011,  0.444806)
(-0.714918,  1.016939,  0.748866),  (0.079506,  0.422700)
(-0.720454,  1.089050,  0.907904),  (0.107011,  0.444806)
(-0.532814,  1.145580,  0.740076),  (0.084285,  0.474150)
(-0.575803,  1.186482,  0.811225),  (0.102657,  0.486567)
(-0.697218,  1.080511,  0.645011),  (0.555130,  0.006520)
(-0.709907,  1.120852,  0.594468),  (0.564451,  0.039041)
(-0.674259,  1.102269,  0.695800),  (0.579375,  0.006961)
(-0.709907,  1.120852,  0.594468),  (0.564451,  0.039041)
(-0.669668,  1.156782,  0.583047),  (0.584790,  0.060156)
(-0.674259,  1.102269,  0.695800),  (0.579375,  0.006961)
(-0.532814,  1.145580,  0.740076),  (0.084285,  0.474150)
(-0.714918,  1.016939,  0.748866),  (0.079506,  0.422700)
(-0.595889,  1.095497,  0.636767),  (0.068270,  0.455177)
(-0.714918,  1.016939,  0.748866),  (0.079506,  0.422700)
(-0.735786,  1.001532,  0.548053),  (0.052663,  0.417465)
(-0.595889,  1.095497,  0.636767),  (0.068270,  0.455177)
(-0.657649,  1.197313,  0.239513),  (0.542040,  0.163980)
(-0.549967,  1.245844,  0.097093),  (0.546763,  0.227365)
(-0.656250,  1.203096,  0.083195),  (0.508828,  0.202083)
(-0.549967,  1.245844,  0.097093),  (0.546763,  0.227365)
(-0.657649,  1.197313,  0.239513),  (0.542040,  0.163980)
(-0.500902,  1.227748,  0.207410),  (0.577029,  0.201713)
(-0.657649,  1.197313,  0.239513),  (0.542040,  0.163980)
(-0.656250,  1.203096,  0.083195),  (0.508828,  0.202083)
(-0.732381,  1.158057,  0.151077),  (0.496207,  0.158534)
(-0.732381,  1.158057,  0.151077),  (0.496207,  0.158534)
(-0.778246,  1.164753,  0.268111),  (0.518164,  0.132166)
(-0.657649,  1.197313,  0.239513),  (0.542040,  0.163980)
(-0.575673,  1.081754,  0.209777),  (0.425968,  0.138296)
(-0.732381,  1.158057,  0.151077),  (0.496207,  0.158534)
(-0.656250,  1.203096,  0.083195),  (0.508828,  0.202083)
(-0.732381,  1.158057,  0.151077),  (0.496207,  0.158534)
(-0.575673,  1.081754,  0.209777),  (0.425968,  0.138296)
(-0.727103,  1.074414,  0.213688),  (0.457137,  0.105548)
(-0.575673,  1.081754,  0.209777),  (0.425968,  0.138296)
(-0.699706,  1.034024,  0.212877),  (0.433279,  0.086238)
(-0.727103,  1.074414,  0.213688),  (0.457137,  0.105548)
(-0.575673,  1.081754,  0.209777),  (0.425968,  0.138296)
(-0.610397,  1.015095,  0.142681),  (0.397615,  0.091864)
(-0.699706,  1.034024,  0.212877),  (0.433279,  0.086238)
(-0.732381,  1.158057,  0.151077),  (0.496207,  0.158534)
(-0.727103,  1.074414,  0.213688),  (0.457137,  0.105548)
(-0.739357,  1.089241,  0.302654),  (0.483695,  0.089651)
(-0.732381,  1.158057,  0.151077),  (0.496207,  0.158534)
(-0.739357,  1.089241,  0.302654),  (0.483695,  0.089651)
(-0.778246,  1.164753,  0.268111),  (0.518164,  0.132166)
(-0.702262,  1.042881,  0.323351),  (0.461129,  0.061527)
(-0.727103,  1.074414,  0.213688),  (0.457137,  0.105548)
(-0.699706,  1.034024,  0.212877),  (0.433279,  0.086238)
(-0.727103,  1.074414,  0.213688),  (0.457137,  0.105548)
(-0.702262,  1.042881,  0.323351),  (0.461129,  0.061527)
(-0.739357,  1.089241,  0.302654),  (0.483695,  0.089651)
(-0.719709,  1.097721,  0.424650),  (0.514767,  0.064685)
(-0.739357,  1.089241,  0.302654),  (0.483695,  0.089651)
(-0.702262,  1.042881,  0.323351),  (0.461129,  0.061527)
(-0.702262,  1.042881,  0.323351),  (0.461129,  0.061527)
(-0.705777,  1.059854,  0.456080),  (0.500570,  0.038045)
(-0.719709,  1.097721,  0.424650),  (0.514767,  0.064685)
(-0.778246,  1.164753,  0.268111),  (0.518164,  0.132166)
(-0.739357,  1.089241,  0.302654),  (0.483695,  0.089651)
(-0.733300,  1.162592,  0.376709),  (0.540543,  0.108998)
(-0.739357,  1.089241,  0.302654),  (0.483695,  0.089651)
(-0.719709,  1.097721,  0.424650),  (0.514767,  0.064685)
(-0.733300,  1.162592,  0.376709),  (0.540543,  0.108998)
(-0.778246,  1.164753,  0.268111),  (0.518164,  0.132166)
(-0.733300,  1.162592,  0.376709),  (0.540543,  0.108998)
(-0.657649,  1.197313,  0.239513),  (0.542040,  0.163980)
(-0.733300,  1.162592,  0.376709),  (0.540543,  0.108998)
(-0.632115,  1.190214,  0.374177),  (0.570905,  0.130645)
(-0.657649,  1.197313,  0.239513),  (0.542040,  0.163980)
(-0.733300,  1.162592,  0.376709),  (0.540543,  0.108998)
(-0.719709,  1.097721,  0.424650),  (0.514767,  0.064685)
(-0.669668,  1.156782,  0.583047),  (0.584790,  0.060156)
(-0.669668,  1.156782,  0.583047),  (0.584790,  0.060156)
(-0.719709,  1.097721,  0.424650),  (0.514767,  0.064685)
(-0.709907,  1.120852,  0.594467),  (0.564451,  0.039041)
(-0.709907,  1.120852,  0.594467),  (0.564451,  0.039041)
(-0.719709,  1.097721,  0.424650),  (0.514767,  0.064685)
(-0.705777,  1.059854,  0.456080),  (0.500570,  0.038045)
(-0.705777,  1.059854,  0.456080),  (0.500570,  0.038045)
(-0.697218,  1.080511,  0.645011),  (0.555130,  0.006520)
(-0.709907,  1.120852,  0.594467),  (0.564451,  0.039041)
(-0.500902,  1.227748,  0.207410),  (0.577029,  0.201713)
(-0.657649,  1.197313,  0.239513),  (0.542040,  0.163980)
(-0.496136,  1.215221,  0.364139),  (0.605978,  0.159345)
(-0.657649,  1.197313,  0.239513),  (0.542040,  0.163980)
(-0.632115,  1.190214,  0.374177),  (0.570905,  0.130645)
(-0.496136,  1.215221,  0.364139),  (0.605978,  0.159345)
(-0.374850,  1.271745,  0.016994),  (0.574240,  0.277944)
(-0.549967,  1.245844,  0.097093),  (0.546763,  0.227365)
(-0.404071,  1.258802,  0.190234),  (0.601419,  0.230136)
(-0.549967,  1.245844,  0.097093),  (0.546763,  0.227365)
(-0.500902,  1.227748,  0.207410),  (0.577029,  0.201713)
(-0.404071,  1.258802,  0.190234),  (0.601419,  0.230136)
(-0.404071,  1.258802,  0.190234),  (0.601419,  0.230136)
(-0.496136,  1.215221,  0.364139),  (0.605978,  0.159345)
(-0.390361,  1.220576,  0.398286),  (0.639119,  0.169591)
(-0.496136,  1.215221,  0.364139),  (0.605978,  0.159345)
(-0.404071,  1.258802,  0.190234),  (0.601419,  0.230136)
(-0.500902,  1.227748,  0.207410),  (0.577029,  0.201713)
(-0.527484,  1.215618,  0.607660),  (0.639218,  0.088688)
(-0.390361,  1.220576,  0.398286),  (0.639119,  0.169591)
(-0.496136,  1.215221,  0.364139),  (0.605978,  0.159345)
(-0.390361,  1.220576,  0.398286),  (0.639119,  0.169591)
(-0.527484,  1.215618,  0.607660),  (0.639218,  0.088688)
(-0.374349,  1.205231,  0.615580),  (0.678873,  0.112462)
(-0.390361,  1.220576,  0.398286),  (0.639119,  0.169591)
(-0.374349,  1.205231,  0.615580),  (0.678873,  0.112462)
(-0.249508,  1.225253,  0.466765),  (0.686640,  0.175568)
(-0.249508,  1.225253,  0.466765),  (0.686640,  0.175568)
(-0.374349,  1.205231,  0.615580),  (0.678873,  0.112462)
(-0.276081,  1.229223,  0.611150),  (0.706051,  0.132887)
(-0.211981,  1.239686,  0.627523),  (0.749185,  0.130373)
(-0.267578,  1.291150,  0.582576),  (0.763875,  0.168715)
(-0.276081,  1.229223,  0.611150),  (0.706051,  0.132887)
(-0.276081,  1.229223,  0.611150),  (0.706051,  0.132887)
(-0.267578,  1.291150,  0.582576),  (0.763875,  0.168715)
(-0.249508,  1.225253,  0.466765),  (0.686640,  0.175568)
(-0.404071,  1.258802,  0.190234),  (0.601419,  0.230136)
(-0.210113,  1.287729,  0.034502),  (0.610918,  0.303884)
(-0.374850,  1.271745,  0.016994),  (0.574240,  0.277944)
(-0.210113,  1.287729,  0.034502),  (0.610918,  0.303884)
(-0.404071,  1.258802,  0.190234),  (0.601419,  0.230136)
(-0.227944,  1.259039,  0.255744),  (0.658828,  0.247198)
(-0.227944,  1.259039,  0.255744),  (0.658828,  0.247198)
(-0.390361,  1.220576,  0.398286),  (0.639119,  0.169591)
(-0.249508,  1.225253,  0.466765),  (0.686640,  0.175568)
(-0.227944,  1.259039,  0.255744),  (0.658828,  0.247198)
(-0.404071,  1.258802,  0.190234),  (0.601419,  0.230136)
(-0.390361,  1.220576,  0.398286),  (0.639119,  0.169591)
(-0.249508,  1.225253,  0.466765),  (0.686640,  0.175568)
(-0.267578,  1.291150,  0.582576),  (0.763875,  0.168715)
(-0.273096,  1.315009,  0.390059),  (0.746994,  0.228959)
(-0.273096,  1.315009,  0.390059),  (0.746994,  0.228959)
(-0.227944,  1.259039,  0.255744),  (0.658828,  0.247198)
(-0.249508,  1.225253,  0.466765),  (0.686640,  0.175568)
(-0.267578,  1.291150,  0.582576),  (0.763875,  0.168715)
(-0.211981,  1.239686,  0.627523),  (0.749185,  0.130373)
(-0.178370,  1.274879,  0.675966),  (0.778807,  0.129884)
(-0.178370,  1.274879,  0.675966),  (0.778807,  0.129884)
(-0.192859,  1.315531,  0.602889),  (0.788127,  0.169229)
(-0.267578,  1.291150,  0.582576),  (0.763875,  0.168715)
(-0.034532,  1.342174,  0.553078),  (0.835286,  0.176026)
(-0.178370,  1.274879,  0.675966),  (0.778807,  0.129884)
(-0.039959,  1.240111,  0.638481),  (0.823303,  0.099820)
(-0.178370,  1.274879,  0.675966),  (0.778807,  0.129884)
(-0.034532,  1.342174,  0.553078),  (0.835286,  0.176026)
(-0.192859,  1.315531,  0.602889),  (0.788127,  0.169229)
(-0.224566,  1.401752,  0.459039),  (0.817940,  0.246176)
(-0.192859,  1.315531,  0.602889),  (0.788127,  0.169229)
(-0.070918,  1.362680,  0.476211),  (0.842008,  0.198846)
(-0.070918,  1.362680,  0.476211),  (0.842008,  0.198846)
(-0.192859,  1.315531,  0.602889),  (0.788127,  0.169229)
(-0.034532,  1.342174,  0.553078),  (0.835286,  0.176026)
(-0.192859,  1.315531,  0.602889),  (0.788127,  0.169229)
(-0.224566,  1.401752,  0.459039),  (0.817940,  0.246176)
(-0.273096,  1.315009,  0.390059),  (0.746994,  0.228959)
(-0.192859,  1.315531,  0.602889),  (0.788127,  0.169229)
(-0.273096,  1.315009,  0.390059),  (0.746994,  0.228959)
(-0.267578,  1.291150,  0.582576),  (0.763875,  0.168715)
(-0.058529,  1.336779,  0.449520),  (0.857159,  0.187401)
(-0.221628,  1.361801,  0.398073),  (0.862102,  0.240151)
(-0.070918,  1.362680,  0.476211),  (0.842008,  0.198846)
(-0.224566,  1.401752,  0.459039),  (0.817940,  0.246176)
(-0.070918,  1.362680,  0.476211),  (0.842008,  0.198846)
(-0.221628,  1.361801,  0.398073),  (0.862102,  0.240151)
(-0.247802,  1.317079,  0.396581),  (0.897362,  0.227452)
(-0.058529,  1.336779,  0.449520),  (0.857159,  0.187401)
(-0.153778,  1.289516,  0.500791),  (0.900388,  0.175019)
(-0.058529,  1.336779,  0.449520),  (0.857159,  0.187401)
(-0.247802,  1.317079,  0.396581),  (0.897362,  0.227452)
(-0.221628,  1.361801,  0.398073),  (0.862102,  0.240151)
(-0.001948,  1.290087,  0.502423),  (0.861218,  0.147275)
(-0.058529,  1.336779,  0.449520),  (0.857159,  0.187401)
(-0.034532,  1.342174,  0.553078),  (0.835286,  0.176026)
(-0.034532,  1.342174,  0.553078),  (0.835286,  0.176026)
(-0.058529,  1.336779,  0.449520),  (0.857159,  0.187401)
(-0.070918,  1.362680,  0.476211),  (0.842008,  0.198846)
(-0.153778,  1.289516,  0.500791),  (0.900388,  0.175019)
(-0.001948,  1.290087,  0.502423),  (0.861218,  0.147275)
(-0.111585,  1.258018,  0.503829),  (0.899359,  0.138849)
(-0.001948,  1.290087,  0.502423),  (0.861218,  0.147275)
(-0.153778,  1.289516,  0.500791),  (0.900388,  0.175019)
(-0.058529,  1.336779,  0.449520),  (0.857159,  0.187401)
(-0.192859,  1.315531,  0.602889),  (0.697444,  0.493660)
(-0.249508,  1.225253,  0.466765),  (0.724554,  0.519094)
(-0.267578,  1.291150,  0.582576),  (0.699322,  0.506953)
(-0.249508,  1.225253,  0.466765),  (0.952470,  0.055727)
(-0.192859,  1.315531,  0.602889),  (0.986519,  0.130925)
(-0.093609,  1.194322,  0.519706),  (0.902060,  0.078004)
(-0.249508,  1.225253,  0.466765),  (0.727467,  0.523008)
(-0.045360,  1.221650,  0.322507),  (0.707065,  0.551059)
(-0.227944,  1.259039,  0.255744),  (0.694886,  0.524201)
(-0.045360,  1.221650,  0.322507),  (0.889364,  0.011371)
(-0.249508,  1.225253,  0.466765),  (0.952470,  0.055727)
(-0.093609,  1.194322,  0.519706),  (0.902060,  0.078004)
(0.019352,  1.206831,  0.550283),  (0.864951,  0.083863)
(-0.045360,  1.221650,  0.322507),  (0.889364,  0.011371)
(-0.093609,  1.194322,  0.519706),  (0.902060,  0.078004)
(0.019352,  1.206831,  0.550283),  (0.864951,  0.083863)
(-0.093609,  1.194322,  0.519706),  (0.902060,  0.078004)
(-0.085150,  1.193583,  0.539666),  (0.899792,  0.083987)
(-0.001948,  1.290087,  0.502423),  (0.861218,  0.147275)
(-0.039959,  1.240111,  0.638481),  (0.823303,  0.099820)
(0.019352,  1.206831,  0.550283),  (0.864951,  0.083863)
(-0.039959,  1.240111,  0.638481),  (0.823303,  0.099820)
(-0.001948,  1.290087,  0.502423),  (0.861218,  0.147275)
(-0.034532,  1.342174,  0.553078),  (0.835286,  0.176026)
(-0.111585,  1.258018,  0.503829),  (0.899359,  0.138849)
(-0.001948,  1.290087,  0.502423),  (0.861218,  0.147275)
(0.019352,  1.206831,  0.550283),  (0.864951,  0.083863)
(-0.111585,  1.258018,  0.503829),  (0.899359,  0.138849)
(0.019352,  1.206831,  0.550283),  (0.864951,  0.083863)
(-0.085150,  1.193583,  0.539666),  (0.899792,  0.083987)
(-0.381212,  1.141557,  0.298798),  (0.285540,  0.788627)
(-0.319462,  1.104826,  0.437064),  (0.317369,  0.815880)
(-0.535097,  1.182961,  0.530928),  (0.271855,  0.836823)
(-0.319462,  1.104826,  0.437064),  (0.317369,  0.815880)
(-0.517592,  1.103708,  0.598803),  (0.306114,  0.850331)
(-0.535097,  1.182961,  0.530928),  (0.271855,  0.836823)
(0.093216,  1.155641,  0.515203),  (0.816080,  0.299084)
(0.096095,  1.177475,  0.332935),  (0.763422,  0.325854)
(0.019352,  1.206831,  0.550283),  (0.798058,  0.259094)
(-0.045360,  1.221650,  0.322507),  (0.725043,  0.285915)
(0.019352,  1.206831,  0.550283),  (0.798058,  0.259094)
(0.096095,  1.177475,  0.332935),  (0.763422,  0.325854)
(-0.663324,  1.159763,  0.498781),  (0.270424,  0.860531)
(-0.535097,  1.182961,  0.530928),  (0.271855,  0.836823)
(-0.517592,  1.103708,  0.598803),  (0.306114,  0.850331)
(-0.663324,  1.159763,  0.498781),  (0.270424,  0.860531)
(-0.517592,  1.103708,  0.598803),  (0.306114,  0.850331)
(-0.595889,  1.095497,  0.636767),  (0.305663,  0.863227)
(-0.663324,  1.159763,  0.498781),  (0.270424,  0.860531)
(-0.595889,  1.095497,  0.636767),  (0.305663,  0.863227)
(-0.704476,  1.090192,  0.483075),  (0.285966,  0.885199)
(-0.663324,  1.159763,  0.498781),  (0.270424,  0.860531)
(-0.704476,  1.090192,  0.483075),  (0.285966,  0.885199)
(-0.697904,  1.121978,  0.418103),  (0.270846,  0.882576)
(-0.210113,  1.287729,  0.034502),  (0.610918,  0.303884)
(-0.227944,  1.259039,  0.255744),  (0.658828,  0.247198)
(0.013683,  1.248899,  0.122430),  (0.675705,  0.333236)
(-0.045360,  1.221650,  0.322507),  (0.725043,  0.285915)
(0.013683,  1.248899,  0.122430),  (0.675705,  0.333236)
(-0.227944,  1.259039,  0.255744),  (0.658828,  0.247198)
(-0.124869,  1.135509,  0.169123),  (0.294636,  0.747751)
(-0.093668,  1.136093,  -0.141993),  (0.286320,  0.690028)
(-0.054576,  1.095678,  -0.052756),  (0.305014,  0.700739)
(-0.093668,  1.136093,  -0.141993),  (0.286320,  0.690028)
(-0.059530,  1.090174,  -0.145339),  (0.303261,  0.684228)
(-0.054576,  1.095678,  -0.052756),  (0.305014,  0.700739)
(0.096095,  1.177475,  0.332935),  (0.763422,  0.325854)
(0.093216,  1.155641,  0.515203),  (0.816080,  0.299084)
(0.186696,  1.129184,  0.460246),  (0.824201,  0.335402)
(0.186696,  1.129184,  0.460246),  (0.824201,  0.335402)
(0.103712,  1.142572,  0.238274),  (0.758456,  0.362498)
(0.096095,  1.177475,  0.332935),  (0.763422,  0.325854)
(0.103712,  1.142572,  0.238274),  (0.758456,  0.362498)
(0.013683,  1.248899,  0.122430),  (0.675705,  0.333236)
(-0.045360,  1.221650,  0.322507),  (0.725043,  0.285915)
(0.103712,  1.142572,  0.238274),  (0.758456,  0.362498)
(-0.045360,  1.221650,  0.322507),  (0.725043,  0.285915)
(0.096095,  1.177475,  0.332935),  (0.763422,  0.325854)
(-0.029980,  1.111054,  0.084993),  (0.729246,  0.421874)
(0.013683,  1.248899,  0.122430),  (0.675705,  0.333236)
(0.103712,  1.142572,  0.238274),  (0.758456,  0.362498)
(0.013683,  1.248899,  0.122430),  (0.675705,  0.333236)
(-0.029980,  1.111054,  0.084993),  (0.729246,  0.421874)
(0.012529,  1.245645,  0.036448),  (0.657074,  0.350044)
(-0.029980,  1.111054,  0.084993),  (0.737588,  0.582713)
(-0.124869,  1.135509,  0.169123),  (0.718226,  0.580038)
(0.103712,  1.142572,  0.238274),  (0.735517,  0.552261)
(-0.124869,  1.135509,  0.169123),  (0.738397,  0.532427)
(-0.029980,  1.111054,  0.084993),  (0.753306,  0.545071)
(-0.054576,  1.095678,  -0.052757),  (0.751858,  0.565797)
(0.103712,  1.142572,  0.238274),  (0.298646,  0.741635)
(0.186696,  1.129184,  0.460246),  (0.311753,  0.709077)
(0.008216,  1.133030,  0.396654),  (0.315181,  0.743226)
(-0.121438,  1.074722,  0.312319),  (0.329087,  0.775960)
(0.103712,  1.142572,  0.238274),  (0.298646,  0.741635)
(0.008216,  1.133030,  0.396654),  (0.315181,  0.743226)
(0.103712,  1.142572,  0.238274),  (0.298646,  0.741635)
(-0.121438,  1.074722,  0.312319),  (0.329087,  0.775960)
(-0.124869,  1.135509,  0.169123),  (0.305776,  0.774192)
(-0.022624,  1.220835,  -0.085447),  (0.637132,  0.389233)
(-0.054576,  1.095678,  -0.052756),  (0.701329,  0.458243)
(-0.028961,  1.177541,  -0.148220),  (0.640430,  0.426984)
(-0.028961,  1.177541,  -0.148220),  (0.640430,  0.426984)
(-0.054576,  1.095678,  -0.052756),  (0.701329,  0.458243)
(-0.038948,  1.090210,  -0.154735),  (0.677304,  0.480658)
(-0.029980,  1.111054,  0.084993),  (0.729246,  0.421874)
(-0.022624,  1.220835,  -0.085447),  (0.637132,  0.389233)
(0.012529,  1.245645,  0.036448),  (0.657074,  0.350044)
(-0.022624,  1.220835,  -0.085447),  (0.637132,  0.389233)
(-0.029980,  1.111054,  0.084993),  (0.729246,  0.421874)
(-0.054576,  1.095678,  -0.052756),  (0.701329,  0.458243)
(-0.124869,  1.135509,  0.169123),  (0.294636,  0.747751)
(-0.381212,  1.141557,  0.298798),  (0.285540,  0.788627)
(-0.247855,  1.193415,  0.132837),  (0.269032,  0.750181)
(-0.381212,  1.141557,  0.298798),  (0.285540,  0.788627)
(-0.124869,  1.135509,  0.169123),  (0.294636,  0.747751)
(-0.319462,  1.104826,  0.437064),  (0.317369,  0.815880)
(-0.381212,  1.141557,  0.298798),  (0.285540,  0.788627)
(-0.328577,  1.220809,  0.309732),  (0.257299,  0.784164)
(-0.247855,  1.193415,  0.132837),  (0.269032,  0.750181)
(-0.381212,  1.141557,  0.298798),  (0.285540,  0.788627)
(-0.535097,  1.182961,  0.530928),  (0.271855,  0.836823)
(-0.328577,  1.220809,  0.309732),  (0.257299,  0.784164)
(-0.247855,  1.193415,  0.132837),  (0.269032,  0.750181)
(-0.226739,  1.251440,  0.236004),  (0.244523,  0.765449)
(-0.133815,  1.238135,  0.213476),  (0.242290,  0.750943)
(-0.226739,  1.251440,  0.236004),  (0.244523,  0.765449)
(-0.247855,  1.193415,  0.132837),  (0.269032,  0.750181)
(-0.328577,  1.220809,  0.309732),  (0.257299,  0.784164)
(-0.247855,  1.193415,  0.132837),  (0.269032,  0.750181)
(-0.037942,  1.211739,  -0.111160),  (0.261178,  0.694616)
(-0.093668,  1.136093,  -0.141993),  (0.286320,  0.690028)
(-0.247855,  1.193415,  0.132837),  (0.269032,  0.750181)
(-0.093668,  1.136093,  -0.141993),  (0.286320,  0.690028)
(-0.124869,  1.135509,  0.169123),  (0.294636,  0.747751)
(-0.133815,  1.238135,  0.213476),  (0.242290,  0.750943)
(0.007024,  1.261482,  0.046469),  (0.234496,  0.712915)
(-0.247855,  1.193415,  0.132837),  (0.269032,  0.750181)
(0.007024,  1.261482,  0.046469),  (0.234496,  0.712915)
(-0.037942,  1.211739,  -0.111160),  (0.261178,  0.694616)
(-0.247855,  1.193415,  0.132837),  (0.269032,  0.750181)
(-0.359961,  1.227719,  0.801633),  (0.721798,  0.069376)
(-0.276081,  1.229223,  0.611150),  (0.706051,  0.132887)
(-0.374349,  1.205231,  0.615580),  (0.678873,  0.112462)
(-0.374349,  1.205231,  0.615580),  (0.678873,  0.112462)
(-0.456452,  1.203937,  0.830694),  (0.698450,  0.043507)
(-0.359961,  1.227719,  0.801633),  (0.721798,  0.069376)
(-0.276081,  1.229223,  0.611150),  (0.706051,  0.132887)
(-0.265633,  1.227902,  0.771151),  (0.743342,  0.084366)
(-0.211981,  1.239686,  0.627523),  (0.749185,  0.130373)
(-0.265633,  1.227902,  0.771151),  (0.743342,  0.084366)
(-0.276081,  1.229223,  0.611150),  (0.706051,  0.132887)
(-0.359961,  1.227719,  0.801633),  (0.721798,  0.069376)
(-0.265633,  1.227902,  0.771151),  (0.743342,  0.084366)
(-0.178370,  1.274879,  0.675966),  (0.778807,  0.129884)
(-0.211981,  1.239686,  0.627523),  (0.749185,  0.130373)
(-0.178370,  1.274879,  0.675966),  (0.778807,  0.129884)
(-0.265633,  1.227902,  0.771151),  (0.743342,  0.084366)
(-0.145102,  1.222776,  0.768305),  (0.772639,  0.081977)
(-0.733300,  1.162592,  0.376709),  (0.540543,  0.108998)
(-0.669668,  1.156782,  0.583047),  (0.584790,  0.060156)
(-0.632115,  1.190214,  0.374177),  (0.570905,  0.130645)
(-0.669668,  1.156782,  0.583047),  (0.584790,  0.060156)
(-0.599339,  1.185214,  0.584956),  (0.611649,  0.076215)
(-0.632115,  1.190214,  0.374177),  (0.570905,  0.130645)
(-0.669668,  1.156782,  0.583047),  (0.584790,  0.060156)
(-0.674259,  1.102269,  0.695800),  (0.579375,  0.006961)
(-0.532814,  1.145580,  0.740076),  (0.632462,  0.019929)
(-0.532814,  1.145580,  0.740076),  (0.632462,  0.019929)
(-0.599339,  1.185214,  0.584956),  (0.611649,  0.076215)
(-0.669668,  1.156782,  0.583047),  (0.584790,  0.060156)
(-0.632115,  1.190214,  0.374177),  (0.570905,  0.130645)
(-0.599339,  1.185214,  0.584956),  (0.611649,  0.076215)
(-0.496136,  1.215221,  0.364139),  (0.605978,  0.159345)
(-0.496136,  1.215221,  0.364139),  (0.605978,  0.159345)
(-0.599339,  1.185214,  0.584956),  (0.611649,  0.076215)
(-0.527484,  1.215618,  0.607660),  (0.639218,  0.088688)
(-0.575803,  1.186482,  0.811225),  (0.666439,  0.026446)
(-0.527484,  1.215618,  0.607660),  (0.639218,  0.088688)
(-0.532814,  1.145580,  0.740076),  (0.632462,  0.019929)
(-0.532814,  1.145580,  0.740076),  (0.632462,  0.019929)
(-0.527484,  1.215618,  0.607660),  (0.639218,  0.088688)
(-0.599339,  1.185214,  0.584956),  (0.611649,  0.076215)
(-0.456452,  1.203937,  0.830694),  (0.698450,  0.043507)
(-0.374349,  1.205231,  0.615580),  (0.678873,  0.112462)
(-0.527484,  1.215618,  0.607660),  (0.639218,  0.088688)
(-0.527484,  1.215618,  0.607660),  (0.639218,  0.088688)
(-0.575803,  1.186482,  0.811225),  (0.666439,  0.026446)
(-0.456452,  1.203937,  0.830694),  (0.698450,  0.043507)
(-0.697218,  1.080511,  0.645011),  (0.555130,  0.006520)
(-0.674259,  1.102269,  0.695800),  (0.579375,  0.006961)
(-0.709907,  1.120852,  0.594467),  (0.564451,  0.039041)
(-0.674259,  1.102269,  0.695800),  (0.579375,  0.006961)
(-0.669668,  1.156782,  0.583047),  (0.584790,  0.060156)
(-0.709907,  1.120852,  0.594467),  (0.564451,  0.039041)
