(2.868427,  2.436324,  -5.220185),  (0.381483,  0.228011)
(2.816463,  2.407508,  -5.000323),  (0.392472,  0.236621)
(2.868427,  2.407508,  -5.220185),  (0.389451,  0.225789)
(2.816463,  2.407508,  -5.000323),  (0.392472,  0.236621)
(2.868427,  2.436324,  -5.220185),  (0.381483,  0.228011)
(2.816463,  2.436324,  -5.000323),  (0.384618,  0.238387)
(2.908843,  2.456781,  -5.163183),  (0.375416,  0.231856)
(2.868427,  2.463940,  -5.000323),  (0.377063,  0.239915)
(2.816463,  2.436324,  -5.000323),  (0.384618,  0.238387)
(2.816463,  2.436324,  -5.000323),  (0.384618,  0.238387)
(2.868427,  2.436324,  -5.220185),  (0.381483,  0.228011)
(2.908843,  2.456781,  -5.163183),  (0.375416,  0.231856)
(2.868427,  2.463940,  -4.680048),  (0.378317,  0.253723)
(2.816463,  2.436324,  -5.000323),  (0.384618,  0.238387)
(2.868427,  2.463940,  -5.000323),  (0.377063,  0.239915)
(2.816463,  2.436324,  -5.000323),  (0.384618,  0.238387)
(2.868427,  2.463940,  -4.680048),  (0.378317,  0.253723)
(2.816463,  2.436324,  -4.680048),  (0.386781,  0.252973)
(2.816463,  2.436324,  -4.680048),  (0.386781,  0.252973)
(2.816463,  2.407508,  -5.000323),  (0.392472,  0.236621)
(2.816463,  2.436324,  -5.000323),  (0.384618,  0.238387)
(2.816463,  2.407508,  -5.000323),  (0.392472,  0.236621)
(2.816463,  2.436324,  -4.680048),  (0.386781,  0.252973)
(2.849720,  2.404626,  -4.689814),  (0.395908,  0.251469)
(3.180217,  2.002828,  -4.680048),  (0.354990,  0.080757)
(3.024325,  1.991112,  -4.680048),  (0.365375,  0.080189)
(3.024325,  1.991112,  -4.305521),  (0.365118,  0.062701)
(3.180217,  2.002828,  -4.680048),  (0.354990,  0.080757)
(3.024325,  1.991112,  -4.305521),  (0.365118,  0.062701)
(3.180217,  2.002828,  -4.305521),  (0.353860,  0.063071)
(2.868427,  2.002828,  -4.680048),  (0.375771,  0.080451)
(3.024325,  1.991112,  -4.305521),  (0.365118,  0.062701)
(3.024325,  1.991112,  -4.680048),  (0.365375,  0.080189)
(3.024325,  1.991112,  -4.305521),  (0.365118,  0.062701)
(2.868427,  2.002828,  -4.680048),  (0.375771,  0.080451)
(2.868427,  2.002828,  -4.305521),  (0.376382,  0.062740)
(3.232181,  2.436324,  -4.680048),  (0.348993,  0.253540)
(3.232181,  2.407508,  -5.000323),  (0.342815,  0.237366)
(3.198924,  2.404626,  -4.689814),  (0.339826,  0.252311)
(3.232181,  2.407508,  -5.000323),  (0.342815,  0.237366)
(3.232181,  2.436324,  -4.680048),  (0.348993,  0.253540)
(3.232181,  2.436324,  -5.000323),  (0.350718,  0.238896)
(3.180217,  2.463940,  -4.680048),  (0.357476,  0.254036)
(3.180217,  2.463940,  -5.000323),  (0.358315,  0.240196)
(3.232181,  2.436324,  -5.000323),  (0.350718,  0.238896)
(3.180217,  2.463940,  -4.680048),  (0.357476,  0.254036)
(3.232181,  2.436324,  -5.000323),  (0.350718,  0.238896)
(3.232181,  2.436324,  -4.680048),  (0.348993,  0.253540)
(3.139801,  2.456781,  -5.163183),  (0.359720,  0.232092)
(3.232181,  2.436324,  -5.000323),  (0.350718,  0.238896)
(3.180217,  2.463940,  -5.000323),  (0.358315,  0.240196)
(3.232181,  2.436324,  -5.000323),  (0.350718,  0.238896)
(3.139801,  2.456781,  -5.163183),  (0.359720,  0.232092)
(3.180217,  2.436324,  -5.220185),  (0.353540,  0.228431)
(3.180217,  2.436324,  -5.220185),  (0.353540,  0.228431)
(3.232181,  2.407508,  -5.000323),  (0.342815,  0.237366)
(3.232181,  2.436324,  -5.000323),  (0.350718,  0.238896)
(3.232181,  2.407508,  -5.000323),  (0.342815,  0.237366)
(3.180217,  2.436324,  -5.220185),  (0.353540,  0.228431)
(3.180217,  2.407508,  -5.220185),  (0.345509,  0.226448)
(3.180217,  2.436324,  -5.220185),  (0.357014,  0.225423)
(3.024325,  2.407508,  -5.293472),  (0.367340,  0.216775)
(3.180217,  2.407508,  -5.220185),  (0.356534,  0.217290)
(3.024325,  2.407508,  -5.293472),  (0.367340,  0.216775)
(3.180217,  2.436324,  -5.220185),  (0.357014,  0.225423)
(3.024325,  2.436324,  -5.293472),  (0.367453,  0.224352)
(3.139801,  2.456781,  -5.163183),  (0.359720,  0.232092)
(3.024325,  2.463940,  -5.220185),  (0.367559,  0.231416)
(3.024325,  2.436324,  -5.293472),  (0.367453,  0.224352)
(3.024325,  2.436324,  -5.293472),  (0.367453,  0.224352)
(3.180217,  2.436324,  -5.220185),  (0.357014,  0.225423)
(3.139801,  2.456781,  -5.163183),  (0.359720,  0.232092)
(2.908843,  2.456781,  -5.163183),  (0.375416,  0.231856)
(3.024325,  2.436324,  -5.293472),  (0.367453,  0.224352)
(3.024325,  2.463940,  -5.220185),  (0.367559,  0.231416)
(3.024325,  2.436324,  -5.293472),  (0.367453,  0.224352)
(2.908843,  2.456781,  -5.163183),  (0.375416,  0.231856)
(2.868427,  2.436324,  -5.220185),  (0.377920,  0.225109)
(2.868427,  2.436324,  -5.220185),  (0.377920,  0.225109)
(3.024325,  2.407508,  -5.293472),  (0.367340,  0.216775)
(3.024325,  2.436324,  -5.293472),  (0.367453,  0.224352)
(3.024325,  2.407508,  -5.293472),  (0.367340,  0.216775)
(2.868427,  2.436324,  -5.220185),  (0.377920,  0.225109)
(2.868427,  2.407508,  -5.220185),  (0.378156,  0.216966)
(2.868427,  2.002828,  -5.000323),  (0.374815,  0.093934)
(2.868427,  2.002828,  -4.680048),  (0.375771,  0.080451)
(3.024325,  1.991112,  -5.000323),  (0.365575,  0.093824)
(3.024325,  1.991112,  -5.000323),  (0.365575,  0.093824)
(2.868427,  2.002828,  -4.680048),  (0.375771,  0.080451)
(3.024325,  1.991112,  -4.680048),  (0.365375,  0.080189)
(3.180217,  2.002828,  -5.000323),  (0.356342,  0.094206)
(3.024325,  1.991112,  -5.000323),  (0.365575,  0.093824)
(3.180217,  2.002828,  -4.680048),  (0.354990,  0.080757)
(3.024325,  1.991112,  -5.000323),  (0.365575,  0.093824)
(3.024325,  1.991112,  -4.680048),  (0.365375,  0.080189)
(3.180217,  2.002828,  -4.680048),  (0.354990,  0.080757)
(3.139801,  2.011941,  -5.163183),  (0.357740,  0.102370)
(3.024325,  2.002828,  -5.220185),  (0.365702,  0.102469)
(3.024325,  1.991112,  -5.000323),  (0.365575,  0.093824)
(3.024325,  1.991112,  -5.000323),  (0.365575,  0.093824)
(3.180217,  2.002828,  -5.000323),  (0.356342,  0.094206)
(3.139801,  2.011941,  -5.163183),  (0.357740,  0.102370)
(2.908843,  2.011941,  -5.163183),  (0.373658,  0.102136)
(3.024325,  1.991112,  -5.000323),  (0.365575,  0.093824)
(3.024325,  2.002828,  -5.220185),  (0.365702,  0.102469)
(3.024325,  1.991112,  -5.000323),  (0.365575,  0.093824)
(2.908843,  2.011941,  -5.163183),  (0.373658,  0.102136)
(2.868427,  2.002828,  -5.000323),  (0.374815,  0.093934)
(3.180217,  2.463940,  -4.680048),  (0.357476,  0.254036)
(3.024325,  2.473146,  -4.680048),  (0.367902,  0.254224)
(3.024325,  2.473146,  -5.000323),  (0.367691,  0.240192)
(3.180217,  2.463940,  -4.680048),  (0.357476,  0.254036)
(3.024325,  2.473146,  -5.000323),  (0.367691,  0.240192)
(3.180217,  2.463940,  -5.000323),  (0.358315,  0.240196)
(2.868427,  2.463940,  -4.680048),  (0.378317,  0.253723)
(3.024325,  2.473146,  -5.000323),  (0.367691,  0.240192)
(3.024325,  2.473146,  -4.680048),  (0.367902,  0.254224)
(3.024325,  2.473146,  -5.000323),  (0.367691,  0.240192)
(2.868427,  2.463940,  -4.680048),  (0.378317,  0.253723)
(2.868427,  2.463940,  -5.000323),  (0.377063,  0.239915)
(2.868427,  2.463940,  -5.000323),  (0.377063,  0.239915)
(2.908843,  2.456781,  -5.163183),  (0.375416,  0.231856)
(3.024325,  2.473146,  -5.000323),  (0.367691,  0.240192)
(3.024325,  2.473146,  -5.000323),  (0.367691,  0.240192)
(2.908843,  2.456781,  -5.163183),  (0.375416,  0.231856)
(3.024325,  2.463940,  -5.220185),  (0.367559,  0.231416)
(3.180217,  2.463940,  -5.000323),  (0.358315,  0.240196)
(3.024325,  2.473146,  -5.000323),  (0.367691,  0.240192)
(3.139801,  2.456781,  -5.163183),  (0.359720,  0.232092)
(3.024325,  2.473146,  -5.000323),  (0.367691,  0.240192)
(3.024325,  2.463940,  -5.220185),  (0.367559,  0.231416)
(3.139801,  2.456781,  -5.163183),  (0.359720,  0.232092)
(3.180217,  2.407508,  -5.220185),  (0.356534,  0.217290)
(3.024325,  2.407508,  -5.293472),  (0.367340,  0.216775)
(3.024325,  2.379102,  -5.293472),  (0.367222,  0.208934)
(3.180217,  2.407508,  -5.220185),  (0.356534,  0.217290)
(3.024325,  2.379102,  -5.293472),  (0.367222,  0.208934)
(3.180217,  2.379102,  -5.220185),  (0.356099,  0.209387)
(2.868427,  2.407508,  -5.220185),  (0.378156,  0.216966)
(3.024325,  2.379102,  -5.293472),  (0.367222,  0.208934)
(3.024325,  2.407508,  -5.293472),  (0.367340,  0.216775)
(3.024325,  2.379102,  -5.293472),  (0.367222,  0.208934)
(2.868427,  2.407508,  -5.220185),  (0.378156,  0.216966)
(2.868427,  2.379102,  -5.220185),  (0.378370,  0.209059)
(3.024325,  2.379102,  -5.293472),  (0.367222,  0.208934)
(3.024325,  2.106236,  -5.293472),  (0.366106,  0.129979)
(3.180217,  2.379102,  -5.220185),  (0.356099,  0.209387)
(3.180217,  2.379102,  -5.220185),  (0.356099,  0.209387)
(3.024325,  2.106236,  -5.293472),  (0.366106,  0.129979)
(3.180217,  2.106236,  -5.220185),  (0.354821,  0.129993)
(3.232181,  2.407508,  -5.000323),  (0.345754,  0.217937)
(3.180217,  2.379102,  -4.780461),  (0.333531,  0.211363)
(3.198924,  2.404626,  -4.689814),  (0.331559,  0.219683)
(3.180217,  2.379102,  -4.780461),  (0.333531,  0.211363)
(3.232181,  2.407508,  -5.000323),  (0.345754,  0.217937)
(3.232181,  2.379102,  -5.000323),  (0.344907,  0.210154)
(3.180217,  2.407508,  -5.220185),  (0.356534,  0.217290)
(3.232181,  2.379102,  -5.000323),  (0.344907,  0.210154)
(3.232181,  2.407508,  -5.000323),  (0.345754,  0.217937)
(3.232181,  2.379102,  -5.000323),  (0.344907,  0.210154)
(3.180217,  2.407508,  -5.220185),  (0.356534,  0.217290)
(3.180217,  2.379102,  -5.220185),  (0.356099,  0.209387)
(3.024325,  2.398303,  -4.606761),  (0.414551,  0.215266)
(2.868427,  2.379102,  -4.780461),  (0.400943,  0.210411)
(2.849720,  2.404626,  -4.689814),  (0.403142,  0.218666)
(2.868427,  2.379102,  -4.780461),  (0.400943,  0.210411)
(3.024325,  2.398303,  -4.606761),  (0.414551,  0.215266)
(3.024325,  2.379102,  -4.707174),  (0.411920,  0.208914)
(3.024325,  2.398303,  -4.606761),  (0.320056,  0.216594)
(3.180217,  2.379102,  -4.780461),  (0.333531,  0.211363)
(3.024325,  2.379102,  -4.707174),  (0.322512,  0.210170)
(3.180217,  2.379102,  -4.780461),  (0.333531,  0.211363)
(3.024325,  2.398303,  -4.606761),  (0.320056,  0.216594)
(3.198924,  2.404626,  -4.689814),  (0.331559,  0.219683)
(2.868427,  2.407508,  -5.220185),  (0.378156,  0.216966)
(2.816463,  2.407508,  -5.000323),  (0.388918,  0.217311)
(2.816463,  2.379102,  -5.000323),  (0.389545,  0.209521)
(2.868427,  2.407508,  -5.220185),  (0.378156,  0.216966)
(2.816463,  2.379102,  -5.000323),  (0.389545,  0.209521)
(2.868427,  2.379102,  -5.220185),  (0.378370,  0.209059)
(2.816463,  2.407508,  -5.000323),  (0.388918,  0.217311)
(2.868427,  2.379102,  -4.780461),  (0.400943,  0.210411)
(2.816463,  2.379102,  -5.000323),  (0.389545,  0.209521)
(2.868427,  2.379102,  -4.780461),  (0.400943,  0.210411)
(2.816463,  2.407508,  -5.000323),  (0.388918,  0.217311)
(2.849720,  2.404626,  -4.689814),  (0.403142,  0.218666)
(2.868427,  2.037977,  -5.220185),  (0.381155,  0.106243)
(2.816463,  2.037977,  -5.000323),  (0.383996,  0.095797)
(2.908843,  2.011941,  -5.163183),  (0.373658,  0.102136)
(2.816463,  2.037977,  -5.000323),  (0.383996,  0.095797)
(2.868427,  2.002828,  -5.000323),  (0.374815,  0.093934)
(2.908843,  2.011941,  -5.163183),  (0.373658,  0.102136)
(2.868427,  2.074573,  -5.220185),  (0.391332,  0.108718)
(2.816463,  2.074573,  -5.000323),  (0.393981,  0.097824)
(2.816463,  2.037977,  -5.000323),  (0.383996,  0.095797)
(2.868427,  2.074573,  -5.220185),  (0.391332,  0.108718)
(2.816463,  2.037977,  -5.000323),  (0.383996,  0.095797)
(2.868427,  2.037977,  -5.220185),  (0.381155,  0.106243)
(2.816463,  2.074573,  -5.000323),  (0.393981,  0.097824)
(2.816463,  2.037977,  -4.680048),  (0.386050,  0.081241)
(2.816463,  2.037977,  -5.000323),  (0.383996,  0.095797)
(2.816463,  2.037977,  -4.680048),  (0.386050,  0.081241)
(2.816463,  2.074573,  -5.000323),  (0.393981,  0.097824)
(2.849720,  2.078269,  -4.689814),  (0.397476,  0.082958)
(2.868427,  2.002828,  -4.680048),  (0.375771,  0.080451)
(2.816463,  2.037977,  -5.000323),  (0.383996,  0.095797)
(2.816463,  2.037977,  -4.680048),  (0.386050,  0.081241)
(2.816463,  2.037977,  -5.000323),  (0.383996,  0.095797)
(2.868427,  2.002828,  -4.680048),  (0.375771,  0.080451)
(2.868427,  2.002828,  -5.000323),  (0.374815,  0.093934)
(3.180217,  2.073125,  -4.305521),  (0.332450,  0.065048)
(3.232181,  2.037977,  -4.680048),  (0.344740,  0.081848)
(3.232181,  2.037977,  -4.305521),  (0.343127,  0.063989)
(3.232181,  2.037977,  -4.680048),  (0.344740,  0.081848)
(3.180217,  2.073125,  -4.305521),  (0.332450,  0.065048)
(3.198924,  2.078269,  -4.689814),  (0.333369,  0.083900)
(3.180217,  2.002828,  -4.680048),  (0.354990,  0.080757)
(3.232181,  2.037977,  -4.305521),  (0.343127,  0.063989)
(3.232181,  2.037977,  -4.680048),  (0.344740,  0.081848)
(3.232181,  2.037977,  -4.305521),  (0.343127,  0.063989)
(3.180217,  2.002828,  -4.680048),  (0.354990,  0.080757)
(3.180217,  2.002828,  -4.305521),  (0.353860,  0.063071)
(3.232181,  2.037977,  -4.680048),  (0.344740,  0.081848)
(3.232181,  2.037977,  -5.000323),  (0.347220,  0.096337)
(3.180217,  2.002828,  -4.680048),  (0.354990,  0.080757)
(3.232181,  2.037977,  -5.000323),  (0.347220,  0.096337)
(3.180217,  2.002828,  -5.000323),  (0.356342,  0.094206)
(3.180217,  2.002828,  -4.680048),  (0.354990,  0.080757)
(3.232181,  2.074573,  -5.000323),  (0.337299,  0.098657)
(3.232181,  2.037977,  -4.680048),  (0.344740,  0.081848)
(3.198924,  2.078269,  -4.689814),  (0.333369,  0.083900)
(3.232181,  2.037977,  -4.680048),  (0.344740,  0.081848)
(3.232181,  2.074573,  -5.000323),  (0.337299,  0.098657)
(3.232181,  2.037977,  -5.000323),  (0.347220,  0.096337)
(3.180217,  2.074573,  -5.220185),  (0.340267,  0.109468)
(3.232181,  2.037977,  -5.000323),  (0.347220,  0.096337)
(3.232181,  2.074573,  -5.000323),  (0.337299,  0.098657)
(3.232181,  2.037977,  -5.000323),  (0.347220,  0.096337)
(3.180217,  2.074573,  -5.220185),  (0.340267,  0.109468)
(3.180217,  2.037977,  -5.220185),  (0.350367,  0.106696)
(3.180217,  2.037977,  -5.220185),  (0.350367,  0.106696)
(3.139801,  2.011941,  -5.163183),  (0.357740,  0.102370)
(3.232181,  2.037977,  -5.000323),  (0.347220,  0.096337)
(3.232181,  2.037977,  -5.000323),  (0.347220,  0.096337)
(3.139801,  2.011941,  -5.163183),  (0.357740,  0.102370)
(3.180217,  2.002828,  -5.000323),  (0.356342,  0.094206)
(3.180217,  2.037977,  -5.220185),  (0.355172,  0.110583)
(3.024325,  2.037977,  -5.293472),  (0.365831,  0.111224)
(3.139801,  2.011941,  -5.163183),  (0.357740,  0.102370)
(3.024325,  2.037977,  -5.293472),  (0.365831,  0.111224)
(3.024325,  2.002828,  -5.220185),  (0.365702,  0.102469)
(3.139801,  2.011941,  -5.163183),  (0.357740,  0.102370)
(3.180217,  2.074573,  -5.220185),  (0.354982,  0.120969)
(3.024325,  2.074573,  -5.293472),  (0.365976,  0.121093)
(3.024325,  2.037977,  -5.293472),  (0.365831,  0.111224)
(3.180217,  2.074573,  -5.220185),  (0.354982,  0.120969)
(3.024325,  2.037977,  -5.293472),  (0.365831,  0.111224)
(3.180217,  2.037977,  -5.220185),  (0.355172,  0.110583)
(2.868427,  2.074573,  -5.220185),  (0.376961,  0.120647)
(3.024325,  2.037977,  -5.293472),  (0.365831,  0.111224)
(3.024325,  2.074573,  -5.293472),  (0.365976,  0.121093)
(3.024325,  2.037977,  -5.293472),  (0.365831,  0.111224)
(2.868427,  2.074573,  -5.220185),  (0.376961,  0.120647)
(2.868427,  2.037977,  -5.220185),  (0.376467,  0.110271)
(2.868427,  2.037977,  -5.220185),  (0.376467,  0.110271)
(2.908843,  2.011941,  -5.163183),  (0.373658,  0.102136)
(3.024325,  2.037977,  -5.293472),  (0.365831,  0.111224)
(3.024325,  2.037977,  -5.293472),  (0.365831,  0.111224)
(2.908843,  2.011941,  -5.163183),  (0.373658,  0.102136)
(3.024325,  2.002828,  -5.220185),  (0.365702,  0.102469)
(2.868427,  2.408707,  -4.305521),  (0.396738,  0.270338)
(2.816463,  2.436324,  -4.680048),  (0.386781,  0.252973)
(2.816463,  2.436324,  -4.305521),  (0.388034,  0.270997)
(2.816463,  2.436324,  -4.680048),  (0.386781,  0.252973)
(2.868427,  2.408707,  -4.305521),  (0.396738,  0.270338)
(2.849720,  2.404626,  -4.689814),  (0.395908,  0.251469)
(2.868427,  2.463940,  -4.680048),  (0.378317,  0.253723)
(2.868427,  2.463940,  -4.305521),  (0.379293,  0.271596)
(2.816463,  2.436324,  -4.305521),  (0.388034,  0.270997)
(2.868427,  2.463940,  -4.680048),  (0.378317,  0.253723)
(2.816463,  2.436324,  -4.305521),  (0.388034,  0.270997)
(2.816463,  2.436324,  -4.680048),  (0.386781,  0.252973)
(3.024325,  2.398303,  -4.606761),  (0.327825,  0.256902)
(3.180217,  2.408707,  -4.305521),  (0.339564,  0.271197)
(3.198924,  2.404626,  -4.689814),  (0.339826,  0.252311)
(3.180217,  2.408707,  -4.305521),  (0.339564,  0.271197)
(3.024325,  2.398303,  -4.606761),  (0.327825,  0.256902)
(3.024325,  2.399502,  -4.305521),  (0.328487,  0.271632)
(3.024325,  2.398303,  -4.606761),  (0.408042,  0.255696)
(2.868427,  2.408707,  -4.305521),  (0.396738,  0.270338)
(3.024325,  2.399502,  -4.305521),  (0.407822,  0.270441)
(2.868427,  2.408707,  -4.305521),  (0.396738,  0.270338)
(3.024325,  2.398303,  -4.606761),  (0.408042,  0.255696)
(2.849720,  2.404626,  -4.689814),  (0.395908,  0.251469)
(2.868427,  2.463940,  -4.305521),  (0.379293,  0.271596)
(2.868427,  2.463940,  -4.680048),  (0.378317,  0.253723)
(3.024325,  2.473146,  -4.305521),  (0.368168,  0.271930)
(3.024325,  2.473146,  -4.305521),  (0.368168,  0.271930)
(2.868427,  2.463940,  -4.680048),  (0.378317,  0.253723)
(3.024325,  2.473146,  -4.680048),  (0.367902,  0.254224)
(3.180217,  2.463940,  -4.305521),  (0.357039,  0.271930)
(3.024325,  2.473146,  -4.305521),  (0.368168,  0.271930)
(3.180217,  2.463940,  -4.680048),  (0.357476,  0.254036)
(3.024325,  2.473146,  -4.305521),  (0.368168,  0.271930)
(3.024325,  2.473146,  -4.680048),  (0.367902,  0.254224)
(3.180217,  2.463940,  -4.680048),  (0.357476,  0.254036)
(2.868427,  2.073125,  -4.305521),  (0.397841,  0.064087)
(3.024325,  2.086289,  -4.606761),  (0.409592,  0.078518)
(3.024325,  2.084841,  -4.305521),  (0.409098,  0.063805)
(3.024325,  2.086289,  -4.606761),  (0.409592,  0.078518)
(2.868427,  2.073125,  -4.305521),  (0.397841,  0.064087)
(2.849720,  2.078269,  -4.689814),  (0.397476,  0.082958)
(3.180217,  2.073125,  -4.305521),  (0.332450,  0.065048)
(3.024325,  2.086289,  -4.606761),  (0.321127,  0.079818)
(3.198924,  2.078269,  -4.689814),  (0.333369,  0.083900)
(3.024325,  2.086289,  -4.606761),  (0.321127,  0.079818)
(3.180217,  2.073125,  -4.305521),  (0.332450,  0.065048)
(3.024325,  2.084841,  -4.305521),  (0.321189,  0.065098)
(3.180217,  2.463940,  -4.680048),  (0.357476,  0.254036)
(3.232181,  2.436324,  -4.305521),  (0.348283,  0.271594)
(3.180217,  2.463940,  -4.305521),  (0.357039,  0.271930)
(3.232181,  2.436324,  -4.305521),  (0.348283,  0.271594)
(3.180217,  2.463940,  -4.680048),  (0.357476,  0.254036)
(3.232181,  2.436324,  -4.680048),  (0.348993,  0.253540)
(3.232181,  2.436324,  -4.680048),  (0.348993,  0.253540)
(3.180217,  2.408707,  -4.305521),  (0.339564,  0.271197)
(3.232181,  2.436324,  -4.305521),  (0.348283,  0.271594)
(3.180217,  2.408707,  -4.305521),  (0.339564,  0.271197)
(3.232181,  2.436324,  -4.680048),  (0.348993,  0.253540)
(3.198924,  2.404626,  -4.689814),  (0.339826,  0.252311)
(2.868427,  2.002828,  -4.305521),  (0.376382,  0.062740)
(2.868427,  2.002828,  -4.680048),  (0.375771,  0.080451)
(2.816463,  2.037977,  -4.305521),  (0.387137,  0.063342)
(2.816463,  2.037977,  -4.680048),  (0.386050,  0.081241)
(2.816463,  2.037977,  -4.305521),  (0.387137,  0.063342)
(2.868427,  2.002828,  -4.680048),  (0.375771,  0.080451)
(2.868427,  2.073125,  -4.305521),  (0.397841,  0.064087)
(2.816463,  2.037977,  -4.680048),  (0.386050,  0.081241)
(2.849720,  2.078269,  -4.689814),  (0.397476,  0.082958)
(2.816463,  2.037977,  -4.680048),  (0.386050,  0.081241)
(2.868427,  2.073125,  -4.305521),  (0.397841,  0.064087)
(2.816463,  2.037977,  -4.305521),  (0.387137,  0.063342)
(3.180217,  2.106236,  -5.220185),  (0.354821,  0.129993)
(3.024325,  2.106236,  -5.293472),  (0.366106,  0.129979)
(3.180217,  2.074573,  -5.220185),  (0.354982,  0.120969)
(3.024325,  2.106236,  -5.293472),  (0.366106,  0.129979)
(3.024325,  2.074573,  -5.293472),  (0.365976,  0.121093)
(3.180217,  2.074573,  -5.220185),  (0.354982,  0.120969)
(2.868427,  2.379102,  -5.220185),  (0.378370,  0.209059)
(2.868427,  2.106236,  -5.220185),  (0.377378,  0.129667)
(3.024325,  2.379102,  -5.293472),  (0.367222,  0.208934)
(3.024325,  2.379102,  -5.293472),  (0.367222,  0.208934)
(2.868427,  2.106236,  -5.220185),  (0.377378,  0.129667)
(3.024325,  2.106236,  -5.293472),  (0.366106,  0.129979)
(3.232181,  2.379102,  -5.000323),  (0.344907,  0.210154)
(3.232181,  2.106236,  -5.000323),  (0.343442,  0.129666)
(3.180217,  2.379102,  -4.780461),  (0.333531,  0.211363)
(3.180217,  2.379102,  -4.780461),  (0.333531,  0.211363)
(3.232181,  2.106236,  -5.000323),  (0.343442,  0.129666)
(3.180217,  2.106236,  -4.780461),  (0.331509,  0.128981)
(2.868427,  2.106236,  -5.220185),  (0.377378,  0.129667)
(2.868427,  2.074573,  -5.220185),  (0.376961,  0.120647)
(3.024325,  2.106236,  -5.293472),  (0.366106,  0.129979)
(3.024325,  2.106236,  -5.293472),  (0.366106,  0.129979)
(2.868427,  2.074573,  -5.220185),  (0.376961,  0.120647)
(3.024325,  2.074573,  -5.293472),  (0.365976,  0.121093)
(3.232181,  2.074573,  -5.000323),  (0.344012,  0.120708)
(3.180217,  2.106236,  -4.780461),  (0.331509,  0.128981)
(3.232181,  2.106236,  -5.000323),  (0.343442,  0.129666)
(3.180217,  2.106236,  -4.780461),  (0.331509,  0.128981)
(3.232181,  2.074573,  -5.000323),  (0.344012,  0.120708)
(3.198924,  2.078269,  -4.689814),  (0.329074,  0.119687)
(3.232181,  2.106236,  -5.000323),  (0.343442,  0.129666)
(3.232181,  2.379102,  -5.000323),  (0.344907,  0.210154)
(3.180217,  2.379102,  -5.220185),  (0.356099,  0.209387)
(3.180217,  2.379102,  -5.220185),  (0.356099,  0.209387)
(3.180217,  2.106236,  -5.220185),  (0.354821,  0.129993)
(3.232181,  2.106236,  -5.000323),  (0.343442,  0.129666)
(3.024325,  2.106236,  -4.707174),  (0.412358,  0.129452)
(2.868427,  2.379102,  -4.780461),  (0.400943,  0.210411)
(3.024325,  2.379102,  -4.707174),  (0.411920,  0.208914)
(2.868427,  2.379102,  -4.780461),  (0.400943,  0.210411)
(3.024325,  2.106236,  -4.707174),  (0.412358,  0.129452)
(2.868427,  2.106236,  -4.780461),  (0.400687,  0.128002)
(3.180217,  2.106236,  -5.220185),  (0.354821,  0.129993)
(3.180217,  2.074573,  -5.220185),  (0.354982,  0.120969)
(3.232181,  2.106236,  -5.000323),  (0.343442,  0.129666)
(3.232181,  2.106236,  -5.000323),  (0.343442,  0.129666)
(3.180217,  2.074573,  -5.220185),  (0.354982,  0.120969)
(3.232181,  2.074573,  -5.000323),  (0.344012,  0.120708)
(2.868427,  2.106236,  -4.780461),  (0.400687,  0.128002)
(3.024325,  2.086289,  -4.606761),  (0.415072,  0.122457)
(2.849720,  2.078269,  -4.689814),  (0.402865,  0.118637)
(3.024325,  2.086289,  -4.606761),  (0.415072,  0.122457)
(2.868427,  2.106236,  -4.780461),  (0.400687,  0.128002)
(3.024325,  2.106236,  -4.707174),  (0.412358,  0.129452)
(3.024325,  2.106236,  -4.707174),  (0.319886,  0.130753)
(3.024325,  2.379102,  -4.707174),  (0.322512,  0.210170)
(3.180217,  2.379102,  -4.780461),  (0.333531,  0.211363)
(3.180217,  2.379102,  -4.780461),  (0.333531,  0.211363)
(3.180217,  2.106236,  -4.780461),  (0.331509,  0.128981)
(3.024325,  2.106236,  -4.707174),  (0.319886,  0.130753)
(2.816463,  2.379102,  -5.000323),  (0.389545,  0.209521)
(2.868427,  2.106236,  -5.220185),  (0.377378,  0.129667)
(2.868427,  2.379102,  -5.220185),  (0.378370,  0.209059)
(2.868427,  2.106236,  -5.220185),  (0.377378,  0.129667)
(2.816463,  2.379102,  -5.000323),  (0.389545,  0.209521)
(2.816463,  2.106236,  -5.000323),  (0.388772,  0.129022)
(3.180217,  2.106236,  -4.780461),  (0.331509,  0.128981)
(3.024325,  2.086289,  -4.606761),  (0.316982,  0.123839)
(3.024325,  2.106236,  -4.707174),  (0.319886,  0.130753)
(3.024325,  2.086289,  -4.606761),  (0.316982,  0.123839)
(3.180217,  2.106236,  -4.780461),  (0.331509,  0.128981)
(3.198924,  2.078269,  -4.689814),  (0.329074,  0.119687)
(2.868427,  2.106236,  -5.220185),  (0.377378,  0.129667)
(2.816463,  2.106236,  -5.000323),  (0.388772,  0.129022)
(2.868427,  2.074573,  -5.220185),  (0.376961,  0.120647)
(2.816463,  2.106236,  -5.000323),  (0.388772,  0.129022)
(2.816463,  2.074573,  -5.000323),  (0.387946,  0.120072)
(2.868427,  2.074573,  -5.220185),  (0.376961,  0.120647)
(2.816463,  2.106236,  -5.000323),  (0.388772,  0.129022)
(2.816463,  2.379102,  -5.000323),  (0.389545,  0.209521)
(2.868427,  2.379102,  -4.780461),  (0.400943,  0.210411)
(2.868427,  2.379102,  -4.780461),  (0.400943,  0.210411)
(2.868427,  2.106236,  -4.780461),  (0.400687,  0.128002)
(2.816463,  2.106236,  -5.000323),  (0.388772,  0.129022)
(2.868427,  2.106236,  -4.780461),  (0.400687,  0.128002)
(2.816463,  2.074573,  -5.000323),  (0.387946,  0.120072)
(2.816463,  2.106236,  -5.000323),  (0.388772,  0.129022)
(2.816463,  2.074573,  -5.000323),  (0.387946,  0.120072)
(2.868427,  2.106236,  -4.780461),  (0.400687,  0.128002)
(2.849720,  2.078269,  -4.689814),  (0.402865,  0.118637)
(-4.336976,  3.973717,  3.706527),  (0.394291,  0.454412)
(4.351283,  0.039410,  3.706527),  (0.185353,  0.851309)
(-4.336976,  0.039410,  3.706529),  (0.394291,  0.851309)
(4.351283,  0.039410,  3.706527),  (0.185353,  0.851309)
(-4.336976,  3.973717,  3.706527),  (0.394291,  0.454412)
(4.351285,  3.973717,  3.706525),  (0.185353,  0.454412)
(4.351283,  0.006563,  -3.512202),  (0.185353,  0.977714)
(-4.336976,  0.006563,  3.512203),  (0.394291,  0.857936)
(4.351283,  0.006563,  3.512201),  (0.185353,  0.857936)
(-4.336976,  0.006563,  3.512203),  (0.394291,  0.857936)
(4.351283,  0.006563,  -3.512202),  (0.185353,  0.977714)
(-4.336978,  0.006563,  -3.512201),  (0.394291,  0.977714)
(4.353741,  0.039975,  -3.706528),  (0.185294,  0.984398)
(-4.062874,  0.108256,  -3.706527),  (0.387699,  0.991286)
(-4.339437,  0.039975,  -3.706527),  (0.394350,  0.984398)
(-4.062874,  0.108256,  -3.706527),  (0.387699,  0.991286)
(4.353741,  0.039975,  -3.706528),  (0.185294,  0.984398)
(4.077179,  0.108256,  -3.706528),  (0.191945,  0.991286)
(-3.954299,  3.878063,  -3.550615),  (0.688564,  0.378211)
(3.968601,  3.878063,  -2.833614),  (0.879096,  0.471620)
(3.968601,  3.878063,  -3.550618),  (0.879096,  0.378211)
(3.968601,  3.878063,  -2.833614),  (0.879096,  0.471620)
(-3.954299,  3.878063,  -3.550615),  (0.688564,  0.378211)
(-3.954299,  3.878063,  -2.833611),  (0.688564,  0.471620)
(3.968601,  3.878063,  -2.833614),  (0.879096,  0.471620)
(3.968603,  0.135063,  -3.550616),  (0.972505,  0.849217)
(3.968601,  3.878063,  -3.550618),  (0.972505,  0.471620)
(3.968603,  0.135063,  -3.550616),  (0.972505,  0.849217)
(3.968601,  3.878063,  -2.833614),  (0.879096,  0.471620)
(3.968603,  0.135063,  -2.833612),  (0.879096,  0.849217)
(-3.954299,  3.878063,  -2.833611),  (0.688564,  0.471620)
(-3.954296,  0.135063,  -3.550616),  (0.595155,  0.849217)
(-3.954296,  0.135063,  -2.833612),  (0.688564,  0.849217)
(-3.954296,  0.135063,  -3.550616),  (0.595155,  0.849217)
(-3.954299,  3.878063,  -2.833611),  (0.688564,  0.471620)
(-3.954299,  3.878063,  -3.550615),  (0.595155,  0.471620)
(-4.336976,  4.006563,  3.512202),  (0.394291,  0.447785)
(4.351280,  4.006563,  -3.512204),  (0.185353,  0.328008)
(4.351285,  4.006563,  3.512200),  (0.185353,  0.447785)
(4.351280,  4.006563,  -3.512204),  (0.185353,  0.328008)
(-4.336976,  4.006563,  3.512202),  (0.394291,  0.447785)
(-4.336978,  4.006563,  -3.512201),  (0.394291,  0.328008)
(-4.474764,  3.973717,  3.512202),  (0.400918,  0.454412)
(-4.474764,  0.039410,  -3.512201),  (0.520696,  0.851309)
(-4.474767,  3.973717,  -3.512201),  (0.520695,  0.454412)
(-4.474764,  0.039410,  -3.512201),  (0.520696,  0.851309)
(-4.474764,  3.973717,  3.512202),  (0.400918,  0.454412)
(-4.474764,  0.039410,  3.512203),  (0.400918,  0.851309)
(3.968601,  3.878063,  -2.833614),  (0.879096,  0.471620)
(-3.954296,  0.135063,  -2.833612),  (0.688564,  0.849217)
(3.968603,  0.135063,  -2.833612),  (0.879096,  0.849217)
(-3.954296,  0.135063,  -2.833612),  (0.688564,  0.849217)
(3.968601,  3.878063,  -2.833614),  (0.879096,  0.471620)
(-3.954299,  3.878063,  -2.833611),  (0.688564,  0.471620)
(-4.339437,  0.039975,  -3.706527),  (0.527264,  0.851252)
(-4.062877,  3.904871,  -3.706527),  (0.533915,  0.461358)
(-4.339437,  3.973152,  -3.706527),  (0.527264,  0.454469)
(-4.062877,  3.904871,  -3.706527),  (0.533915,  0.461358)
(-4.339437,  0.039975,  -3.706527),  (0.527264,  0.851252)
(-4.062874,  0.108256,  -3.706527),  (0.533914,  0.844364)
(4.353741,  0.039975,  -3.706528),  (0.052381,  0.851252)
(4.353738,  3.973152,  -3.706530),  (0.052381,  0.454469)
(4.077177,  3.904871,  -3.706530),  (0.045730,  0.461358)
(4.353741,  0.039975,  -3.706528),  (0.052381,  0.851252)
(4.077177,  3.904871,  -3.706530),  (0.045730,  0.461358)
(4.077179,  0.108256,  -3.706528),  (0.045730,  0.844364)
(-4.339437,  3.973152,  -3.706527),  (0.394350,  0.321324)
(4.077177,  3.904871,  -3.706530),  (0.191945,  0.314436)
(4.353738,  3.973152,  -3.706530),  (0.185294,  0.321324)
(4.077177,  3.904871,  -3.706530),  (0.191945,  0.314436)
(-4.339437,  3.973152,  -3.706527),  (0.394350,  0.321324)
(-4.062877,  3.904871,  -3.706527),  (0.387699,  0.314435)
(-3.938617,  0.137716,  -4.080021),  (0.482842,  0.437086)
(3.952924,  0.137716,  -3.706528),  (0.672620,  0.443455)
(3.952924,  0.137716,  -4.080022),  (0.672620,  0.437087)
(3.952924,  0.137716,  -3.706528),  (0.672620,  0.443455)
(-3.938617,  0.137716,  -4.080021),  (0.482842,  0.437086)
(-3.938617,  0.137716,  -3.706527),  (0.482842,  0.443455)
(3.858086,  3.852803,  -4.213773),  (0.670340,  0.060025)
(-3.843784,  0.160323,  -4.213770),  (0.485123,  0.432525)
(3.858089,  0.160323,  -4.213771),  (0.670339,  0.432525)
(-3.843784,  0.160323,  -4.213770),  (0.485123,  0.432525)
(3.858086,  3.852803,  -4.213773),  (0.670340,  0.060025)
(-3.843784,  3.852803,  -4.213770),  (0.485123,  0.060025)
(3.952922,  3.875411,  -3.706530),  (0.672620,  0.049095)
(-3.938620,  3.875411,  -3.706527),  (0.482843,  0.049095)
(-3.938620,  3.875411,  -4.080021),  (0.482843,  0.055463)
(3.952922,  3.875411,  -3.706530),  (0.672620,  0.049095)
(-3.938620,  3.875411,  -4.080021),  (0.482843,  0.055463)
(3.952922,  3.875411,  -4.080024),  (0.672620,  0.055464)
(3.952922,  3.875411,  -3.706530),  (0.681270,  0.057744)
(3.952924,  0.137716,  -4.080022),  (0.674900,  0.434806)
(3.952924,  0.137716,  -3.706528),  (0.681270,  0.434806)
(3.952924,  0.137716,  -4.080022),  (0.674900,  0.434806)
(3.952922,  3.875411,  -3.706530),  (0.681270,  0.057744)
(3.952922,  3.875411,  -4.080024),  (0.674901,  0.057744)
(4.347811,  3.360355,  -3.743344),  (0.727727,  0.295221)
(4.237824,  3.224571,  -3.712490),  (0.713252,  0.222236)
(4.237824,  3.360355,  -3.712490),  (0.713352,  0.295241)
(4.237824,  3.224571,  -3.712490),  (0.713252,  0.222236)
(4.347811,  3.360355,  -3.743344),  (0.727727,  0.295221)
(4.347811,  3.224571,  -3.743344),  (0.727620,  0.222226)
(4.441054,  3.360355,  -3.831212),  (0.742101,  0.295199)
(4.347811,  3.224571,  -3.743344),  (0.727620,  0.222226)
(4.347811,  3.360355,  -3.743344),  (0.727727,  0.295221)
(4.347811,  3.224571,  -3.743344),  (0.727620,  0.222226)
(4.441054,  3.360355,  -3.831212),  (0.742101,  0.295199)
(4.441054,  3.224571,  -3.831212),  (0.741984,  0.222214)
(4.503356,  3.360355,  -3.962713),  (0.756475,  0.295174)
(4.441054,  3.224571,  -3.831212),  (0.741984,  0.222214)
(4.441054,  3.360355,  -3.831212),  (0.742101,  0.295199)
(4.441054,  3.224571,  -3.831212),  (0.741984,  0.222214)
(4.503356,  3.360355,  -3.962713),  (0.756475,  0.295174)
(4.503356,  3.224571,  -3.962713),  (0.756344,  0.222201)
(4.525233,  3.360355,  -4.117830),  (0.770849,  0.295147)
(4.503356,  3.224571,  -3.962713),  (0.756344,  0.222201)
(4.503356,  3.360355,  -3.962713),  (0.756475,  0.295174)
(4.503356,  3.224571,  -3.962713),  (0.756344,  0.222201)
(4.525233,  3.360355,  -4.117830),  (0.770849,  0.295147)
(4.525233,  3.224571,  -4.117830),  (0.770699,  0.222187)
(4.503356,  3.360355,  -4.272947),  (0.785222,  0.295115)
(4.525233,  3.224571,  -4.117830),  (0.770699,  0.222187)
(4.525233,  3.360355,  -4.117830),  (0.770849,  0.295147)
(4.525233,  3.224571,  -4.117830),  (0.770699,  0.222187)
(4.503356,  3.360355,  -4.272947),  (0.785222,  0.295115)
(4.503356,  3.224571,  -4.272947),  (0.785049,  0.222170)
(4.441054,  3.360355,  -4.404449),  (0.799595,  0.295078)
(4.503356,  3.224571,  -4.272947),  (0.785049,  0.222170)
(4.503356,  3.360355,  -4.272947),  (0.785222,  0.295115)
(4.503356,  3.224571,  -4.272947),  (0.785049,  0.222170)
(4.441054,  3.360355,  -4.404449),  (0.799595,  0.295078)
(4.441054,  3.224571,  -4.404449),  (0.799393,  0.222150)
(4.347811,  3.360355,  -4.492316),  (0.813967,  0.295034)
(4.441054,  3.224571,  -4.404449),  (0.799393,  0.222150)
(4.441054,  3.360355,  -4.404449),  (0.799595,  0.295078)
(4.441054,  3.224571,  -4.404449),  (0.799393,  0.222150)
(4.347811,  3.360355,  -4.492316),  (0.813967,  0.295034)
(4.347811,  3.224571,  -4.492316),  (0.813730,  0.222128)
(4.221156,  3.360355,  -4.531283),  (0.830584,  0.294972)
(4.347811,  3.224571,  -4.492316),  (0.813730,  0.222128)
(4.347811,  3.360355,  -4.492316),  (0.813967,  0.295034)
(4.347811,  3.224571,  -4.492316),  (0.813730,  0.222128)
(4.221156,  3.360355,  -4.531283),  (0.830584,  0.294972)
(4.221156,  3.224571,  -4.531283),  (0.830290,  0.222096)
(4.127837,  3.360355,  -4.500949),  (0.842852,  0.294919)
(4.221156,  3.224571,  -4.531283),  (0.830290,  0.222096)
(4.221156,  3.360355,  -4.531283),  (0.830584,  0.294972)
(4.221156,  3.224571,  -4.531283),  (0.830290,  0.222096)
(4.127837,  3.360355,  -4.500949),  (0.842852,  0.294919)
(4.127837,  3.224571,  -4.500949),  (0.842517,  0.222069)
(4.034595,  2.953005,  -4.389785),  (0.855027,  0.066692)
(3.427315,  2.953005,  -4.382480),  (0.933141,  0.067950)
(3.972294,  2.953005,  -4.218344),  (0.863424,  0.051256)
(3.972294,  2.953005,  -4.218344),  (0.863424,  0.051256)
(3.427315,  2.953005,  -4.382480),  (0.933141,  0.067950)
(3.353212,  2.953005,  -4.209432),  (0.943059,  0.052405)
(4.237824,  3.360355,  -3.712490),  (0.615061,  0.975964)
(4.232396,  3.360355,  -4.116014),  (0.585498,  0.929849)
(4.347811,  3.360355,  -3.743344),  (0.595230,  0.984178)
(4.232396,  3.360355,  -4.116014),  (0.585498,  0.929849)
(4.441054,  3.360355,  -3.831212),  (0.573765,  0.984178)
(4.347811,  3.360355,  -3.743344),  (0.595230,  0.984178)
(4.237824,  3.360355,  -3.712490),  (0.713352,  0.295241)
(4.127837,  3.224571,  -3.743344),  (0.698880,  0.222246)
(4.127837,  3.360355,  -3.743344),  (0.698978,  0.295261)
(4.127837,  3.224571,  -3.743344),  (0.698880,  0.222246)
(4.237824,  3.360355,  -3.712490),  (0.713352,  0.295241)
(4.237824,  3.224571,  -3.712490),  (0.713252,  0.222236)
(4.232407,  2.953005,  -4.116014),  (0.756661,  0.075036)
(4.503485,  2.953532,  -3.963623),  (0.756692,  0.076333)
(4.525233,  2.953005,  -4.117830),  (0.756945,  0.076325)
(4.503485,  2.953532,  -3.963623),  (0.756692,  0.076333)
(4.232407,  2.953005,  -4.116014),  (0.756661,  0.075036)
(4.441054,  2.953005,  -3.831212),  (0.755970,  0.076147)
(3.427315,  3.360355,  -4.382480),  (0.935885,  0.294293)
(3.446576,  3.224571,  -4.486989),  (0.928773,  0.221571)
(3.538217,  3.360355,  -4.486989),  (0.918773,  0.294246)
(3.446576,  3.224571,  -4.486989),  (0.928773,  0.221571)
(3.427315,  3.360355,  -4.382480),  (0.935885,  0.294293)
(3.335674,  3.224571,  -4.382480),  (0.945653,  0.221590)
(3.353212,  3.360355,  -4.209432),  (0.954308,  0.295196)
(3.335674,  3.224571,  -4.382480),  (0.945653,  0.221590)
(3.427315,  3.360355,  -4.382480),  (0.935885,  0.294293)
(3.335674,  3.224571,  -4.382480),  (0.945653,  0.221590)
(3.353212,  3.360355,  -4.209432),  (0.954308,  0.295196)
(3.261571,  3.224571,  -4.209432),  (0.963814,  0.222024)
(3.538217,  3.360355,  -4.486989),  (0.918773,  0.294246)
(4.034595,  3.360355,  -4.389785),  (0.855114,  0.304756)
(3.427315,  3.360355,  -4.382480),  (0.933292,  0.303417)
(4.034595,  3.360355,  -4.389785),  (0.855114,  0.304756)
(3.538217,  3.360355,  -4.486989),  (0.918773,  0.294246)
(4.127837,  3.360355,  -4.500949),  (0.842852,  0.294919)
(3.538217,  3.360355,  -4.486989),  (0.918773,  0.294246)
(4.127837,  3.224571,  -4.500949),  (0.842517,  0.222069)
(4.127837,  3.360355,  -4.500949),  (0.842852,  0.294919)
(4.127837,  3.224571,  -4.500949),  (0.842517,  0.222069)
(3.538217,  3.360355,  -4.486989),  (0.918773,  0.294246)
(3.446576,  3.224571,  -4.486989),  (0.928773,  0.221571)
(3.427315,  3.360355,  -4.382480),  (0.933292,  0.303417)
(3.972294,  3.360355,  -4.218344),  (0.863534,  0.320196)
(3.353212,  3.360355,  -4.209432),  (0.943235,  0.318964)
(3.972294,  3.360355,  -4.218344),  (0.863534,  0.320196)
(3.427315,  3.360355,  -4.382480),  (0.933292,  0.303417)
(4.034595,  3.360355,  -4.389785),  (0.855114,  0.304756)
(4.127837,  2.953005,  -4.500949),  (0.842786,  0.076533)
(3.538217,  2.953005,  -4.486989),  (0.918644,  0.077128)
(4.034595,  2.953005,  -4.389785),  (0.855027,  0.066692)
(3.427315,  2.953005,  -4.382480),  (0.933141,  0.067950)
(4.034595,  2.953005,  -4.389785),  (0.855027,  0.066692)
(3.538217,  2.953005,  -4.486989),  (0.918644,  0.077128)
(4.127837,  3.088789,  -4.500949),  (0.842510,  0.149377)
(3.538217,  2.953005,  -4.486989),  (0.918644,  0.077128)
(4.127837,  2.953005,  -4.500949),  (0.842786,  0.076533)
(3.538217,  2.953005,  -4.486989),  (0.918644,  0.077128)
(4.127837,  3.088789,  -4.500949),  (0.842510,  0.149377)
(3.446576,  3.088789,  -4.486989),  (0.928656,  0.149901)
(3.446576,  3.224571,  -4.486989),  (0.928773,  0.221571)
(4.127837,  3.088789,  -4.500949),  (0.842510,  0.149377)
(4.127837,  3.224571,  -4.500949),  (0.842517,  0.222069)
(4.127837,  3.088789,  -4.500949),  (0.842510,  0.149377)
(3.446576,  3.224571,  -4.486989),  (0.928773,  0.221571)
(3.446576,  3.088789,  -4.486989),  (0.928656,  0.149901)
(3.261571,  3.088789,  -4.209432),  (0.963807,  0.149451)
(3.427315,  2.953005,  -4.382480),  (0.935776,  0.077070)
(3.335674,  3.088789,  -4.382480),  (0.945527,  0.149886)
(3.427315,  2.953005,  -4.382480),  (0.935776,  0.077070)
(3.261571,  3.088789,  -4.209432),  (0.963807,  0.149451)
(3.353212,  2.953005,  -4.209432),  (0.954229,  0.076150)
(3.261571,  3.224571,  -4.209432),  (0.963814,  0.222024)
(3.335674,  3.088789,  -4.382480),  (0.945527,  0.149886)
(3.335674,  3.224571,  -4.382480),  (0.945653,  0.221590)
(3.335674,  3.088789,  -4.382480),  (0.945527,  0.149886)
(3.261571,  3.224571,  -4.209432),  (0.963814,  0.222024)
(3.261571,  3.088789,  -4.209432),  (0.963807,  0.149451)
(3.427315,  2.953005,  -4.382480),  (0.935776,  0.077070)
(3.446576,  3.088789,  -4.486989),  (0.928656,  0.149901)
(3.335674,  3.088789,  -4.382480),  (0.945527,  0.149886)
(3.446576,  3.088789,  -4.486989),  (0.928656,  0.149901)
(3.427315,  2.953005,  -4.382480),  (0.935776,  0.077070)
(3.538217,  2.953005,  -4.486989),  (0.918644,  0.077128)
(3.335674,  3.224571,  -4.382480),  (0.945653,  0.221590)
(3.446576,  3.088789,  -4.486989),  (0.928656,  0.149901)
(3.446576,  3.224571,  -4.486989),  (0.928773,  0.221571)
(3.446576,  3.088789,  -4.486989),  (0.928656,  0.149901)
(3.335674,  3.224571,  -4.382480),  (0.945653,  0.221590)
(3.335674,  3.088789,  -4.382480),  (0.945527,  0.149886)
(4.237824,  3.088789,  -3.712490),  (0.713249,  0.149254)
(4.127837,  2.953005,  -3.743344),  (0.698965,  0.076260)
(4.127837,  3.088789,  -3.743344),  (0.698880,  0.149245)
(4.127837,  2.953005,  -3.743344),  (0.698965,  0.076260)
(4.237824,  3.088789,  -3.712490),  (0.713249,  0.149254)
(4.237824,  2.953005,  -3.712490),  (0.713334,  0.076277)
(4.237824,  3.224571,  -3.712490),  (0.713252,  0.222236)
(4.127837,  3.088789,  -3.743344),  (0.698880,  0.149245)
(4.127837,  3.224571,  -3.743344),  (0.698880,  0.222246)
(4.127837,  3.088789,  -3.743344),  (0.698880,  0.149245)
(4.237824,  3.224571,  -3.712490),  (0.713252,  0.222236)
(4.237824,  3.088789,  -3.712490),  (0.713249,  0.149254)
(4.127837,  3.088789,  -4.500949),  (0.842510,  0.149377)
(4.221156,  2.953005,  -4.531283),  (0.830520,  0.076491)
(4.221156,  3.088789,  -4.531283),  (0.830280,  0.149355)
(4.221156,  2.953005,  -4.531283),  (0.830520,  0.076491)
(4.127837,  3.088789,  -4.500949),  (0.842510,  0.149377)
(4.127837,  2.953005,  -4.500949),  (0.842786,  0.076533)
(4.127837,  3.224571,  -4.500949),  (0.842517,  0.222069)
(4.221156,  3.088789,  -4.531283),  (0.830280,  0.149355)
(4.221156,  3.224571,  -4.531283),  (0.830290,  0.222096)
(4.221156,  3.088789,  -4.531283),  (0.830280,  0.149355)
(4.127837,  3.224571,  -4.500949),  (0.842517,  0.222069)
(4.127837,  3.088789,  -4.500949),  (0.842510,  0.149377)
(4.221156,  3.088789,  -4.531283),  (0.830280,  0.149355)
(4.347811,  2.953005,  -4.492316),  (0.813909,  0.076443)
(4.347811,  3.088789,  -4.492316),  (0.813718,  0.149330)
(4.347811,  2.953005,  -4.492316),  (0.813909,  0.076443)
(4.221156,  3.088789,  -4.531283),  (0.830280,  0.149355)
(4.221156,  2.953005,  -4.531283),  (0.830520,  0.076491)
(4.221156,  3.224571,  -4.531283),  (0.830290,  0.222096)
(4.347811,  3.088789,  -4.492316),  (0.813718,  0.149330)
(4.347811,  3.224571,  -4.492316),  (0.813730,  0.222128)
(4.347811,  3.088789,  -4.492316),  (0.813718,  0.149330)
(4.221156,  3.224571,  -4.531283),  (0.830290,  0.222096)
(4.221156,  3.088789,  -4.531283),  (0.830280,  0.149355)
(4.347811,  3.088789,  -4.492316),  (0.813718,  0.149330)
(4.441054,  2.953005,  -4.404449),  (0.799542,  0.076409)
(4.441054,  3.088789,  -4.404449),  (0.799381,  0.149314)
(4.441054,  2.953005,  -4.404449),  (0.799542,  0.076409)
(4.347811,  3.088789,  -4.492316),  (0.813718,  0.149330)
(4.347811,  2.953005,  -4.492316),  (0.813909,  0.076443)
(4.347811,  3.224571,  -4.492316),  (0.813730,  0.222128)
(4.441054,  3.088789,  -4.404449),  (0.799381,  0.149314)
(4.441054,  3.224571,  -4.404449),  (0.799393,  0.222150)
(4.441054,  3.088789,  -4.404449),  (0.799381,  0.149314)
(4.347811,  3.224571,  -4.492316),  (0.813730,  0.222128)
(4.347811,  3.088789,  -4.492316),  (0.813718,  0.149330)
(4.441054,  3.088789,  -4.404449),  (0.799381,  0.149314)
(4.503356,  2.953005,  -4.272947),  (0.785175,  0.076380)
(4.503356,  3.088789,  -4.272947),  (0.785038,  0.149300)
(4.503356,  2.953005,  -4.272947),  (0.785175,  0.076380)
(4.441054,  3.088789,  -4.404449),  (0.799381,  0.149314)
(4.441054,  2.953005,  -4.404449),  (0.799542,  0.076409)
(4.441054,  3.224571,  -4.404449),  (0.799393,  0.222150)
(4.503356,  3.088789,  -4.272947),  (0.785038,  0.149300)
(4.503356,  3.224571,  -4.272947),  (0.785049,  0.222170)
(4.503356,  3.088789,  -4.272947),  (0.785038,  0.149300)
(4.441054,  3.224571,  -4.404449),  (0.799393,  0.222150)
(4.441054,  3.088789,  -4.404449),  (0.799381,  0.149314)
(4.503356,  3.088789,  -4.272947),  (0.785038,  0.149300)
(4.525233,  2.953005,  -4.117830),  (0.770808,  0.076355)
(4.525233,  3.088789,  -4.117830),  (0.770688,  0.149289)
(4.525233,  2.953005,  -4.117830),  (0.770808,  0.076355)
(4.503356,  3.088789,  -4.272947),  (0.785038,  0.149300)
(4.503356,  2.953005,  -4.272947),  (0.785175,  0.076380)
(4.503356,  3.224571,  -4.272947),  (0.785049,  0.222170)
(4.525233,  3.088789,  -4.117830),  (0.770688,  0.149289)
(4.525233,  3.224571,  -4.117830),  (0.770699,  0.222187)
(4.525233,  3.088789,  -4.117830),  (0.770688,  0.149289)
(4.503356,  3.224571,  -4.272947),  (0.785049,  0.222170)
(4.503356,  3.088789,  -4.272947),  (0.785038,  0.149300)
(4.525233,  3.224571,  -4.117830),  (0.770699,  0.222187)
(4.503356,  3.088789,  -3.962713),  (0.756335,  0.149279)
(4.503356,  3.224571,  -3.962713),  (0.756344,  0.222201)
(4.503356,  3.088789,  -3.962713),  (0.756335,  0.149279)
(4.525233,  3.224571,  -4.117830),  (0.770699,  0.222187)
(4.525233,  3.088789,  -4.117830),  (0.770688,  0.149289)
(4.441054,  3.088789,  -3.831212),  (0.741977,  0.149270)
(4.503485,  2.953532,  -3.963623),  (0.756440,  0.076333)
(4.441054,  2.953005,  -3.831212),  (0.742072,  0.076312)
(4.503485,  2.953532,  -3.963623),  (0.756440,  0.076333)
(4.441054,  3.088789,  -3.831212),  (0.741977,  0.149270)
(4.503356,  3.088789,  -3.962713),  (0.756335,  0.149279)
(4.503356,  3.224571,  -3.962713),  (0.756344,  0.222201)
(4.441054,  3.088789,  -3.831212),  (0.741977,  0.149270)
(4.441054,  3.224571,  -3.831212),  (0.741984,  0.222214)
(4.441054,  3.088789,  -3.831212),  (0.741977,  0.149270)
(4.503356,  3.224571,  -3.962713),  (0.756344,  0.222201)
(4.503356,  3.088789,  -3.962713),  (0.756335,  0.149279)
(4.441054,  3.088789,  -3.831212),  (0.741977,  0.149270)
(4.347811,  2.953005,  -3.743344),  (0.727703,  0.076294)
(4.347811,  3.088789,  -3.743344),  (0.727615,  0.149262)
(4.347811,  2.953005,  -3.743344),  (0.727703,  0.076294)
(4.441054,  3.088789,  -3.831212),  (0.741977,  0.149270)
(4.441054,  2.953005,  -3.831212),  (0.742072,  0.076312)
(4.441054,  3.224571,  -3.831212),  (0.741984,  0.222214)
(4.347811,  3.088789,  -3.743344),  (0.727615,  0.149262)
(4.347811,  3.224571,  -3.743344),  (0.727620,  0.222226)
(4.347811,  3.088789,  -3.743344),  (0.727615,  0.149262)
(4.441054,  3.224571,  -3.831212),  (0.741984,  0.222214)
(4.441054,  3.088789,  -3.831212),  (0.741977,  0.149270)
(4.347811,  3.088789,  -3.743344),  (0.727615,  0.149262)
(4.237824,  2.953005,  -3.712490),  (0.713334,  0.076277)
(4.237824,  3.088789,  -3.712490),  (0.713249,  0.149254)
(4.237824,  2.953005,  -3.712490),  (0.713334,  0.076277)
(4.347811,  3.088789,  -3.743344),  (0.727615,  0.149262)
(4.347811,  2.953005,  -3.743344),  (0.727703,  0.076294)
(4.347811,  3.224571,  -3.743344),  (0.727620,  0.222226)
(4.237824,  3.088789,  -3.712490),  (0.713249,  0.149254)
(4.237824,  3.224571,  -3.712490),  (0.713252,  0.222236)
(4.237824,  3.088789,  -3.712490),  (0.713249,  0.149254)
(4.347811,  3.224571,  -3.743344),  (0.727620,  0.222226)
(4.347811,  3.088789,  -3.743344),  (0.727615,  0.149262)
(4.232396,  3.360355,  -4.116014),  (0.585498,  0.929849)
(4.127837,  3.360355,  -4.500949),  (0.573114,  0.875291)
(4.221156,  3.360355,  -4.531283),  (0.555974,  0.881792)
(4.127837,  3.360355,  -4.500949),  (0.573114,  0.875291)
(4.232396,  3.360355,  -4.116014),  (0.585498,  0.929849)
(4.034595,  3.360355,  -4.389785),  (0.596336,  0.877920)
(4.232396,  3.360355,  -4.116014),  (0.585498,  0.929849)
(3.972294,  3.360355,  -3.962713),  (0.638454,  0.919489)
(3.950416,  3.360355,  -4.117830),  (0.630239,  0.899658)
(3.972294,  3.360355,  -3.962713),  (0.638454,  0.919489)
(4.232396,  3.360355,  -4.116014),  (0.585498,  0.929849)
(4.034595,  3.360355,  -3.831212),  (0.638454,  0.940954)
(4.232396,  3.360355,  -4.116014),  (0.585498,  0.929849)
(4.503356,  3.360355,  -4.272947),  (0.530541,  0.940954)
(4.525233,  3.360355,  -4.117830),  (0.538755,  0.960785)
(4.503356,  3.360355,  -4.272947),  (0.530541,  0.940954)
(4.232396,  3.360355,  -4.116014),  (0.585498,  0.929849)
(4.441054,  3.360355,  -4.404449),  (0.530541,  0.919489)
(4.232396,  3.360355,  -4.116014),  (0.585498,  0.929849)
(3.972294,  3.360355,  -4.218344),  (0.619178,  0.890641)
(4.034595,  3.360355,  -4.389785),  (0.596336,  0.877920)
(3.972294,  3.360355,  -4.218344),  (0.619178,  0.890641)
(4.232396,  3.360355,  -4.116014),  (0.585498,  0.929849)
(3.950416,  3.360355,  -4.117830),  (0.630239,  0.899658)
(4.232396,  3.360355,  -4.116014),  (0.585498,  0.929849)
(4.503356,  3.360355,  -3.962713),  (0.553933,  0.975964)
(4.441054,  3.360355,  -3.831212),  (0.573765,  0.984178)
(4.503356,  3.360355,  -3.962713),  (0.553933,  0.975964)
(4.232396,  3.360355,  -4.116014),  (0.585498,  0.929849)
(4.525233,  3.360355,  -4.117830),  (0.538755,  0.960785)
(4.232396,  3.360355,  -4.116014),  (0.585498,  0.929849)
(4.127837,  3.360355,  -3.743344),  (0.630239,  0.960786)
(4.034595,  3.360355,  -3.831212),  (0.638454,  0.940954)
(4.127837,  3.360355,  -3.743344),  (0.630239,  0.960786)
(4.232396,  3.360355,  -4.116014),  (0.585498,  0.929849)
(4.237824,  3.360355,  -3.712490),  (0.615061,  0.975964)
(4.232396,  3.360355,  -4.116014),  (0.585498,  0.929849)
(4.347811,  3.360355,  -4.492316),  (0.538755,  0.899658)
(4.441054,  3.360355,  -4.404449),  (0.530541,  0.919489)
(4.347811,  3.360355,  -4.492316),  (0.538755,  0.899658)
(4.232396,  3.360355,  -4.116014),  (0.585498,  0.929849)
(4.221156,  3.360355,  -4.531283),  (0.555974,  0.881792)
(4.525233,  3.088789,  -4.117830),  (0.770688,  0.149289)
(4.503485,  2.953532,  -3.963623),  (0.756438,  0.077183)
(4.503356,  3.088789,  -3.962713),  (0.756335,  0.149279)
(4.503485,  2.953532,  -3.963623),  (0.756438,  0.077183)
(4.525233,  3.088789,  -4.117830),  (0.770688,  0.149289)
(4.525233,  2.953005,  -4.117830),  (0.770808,  0.076355)
(4.232407,  2.953005,  -4.116014),  (0.756661,  0.075036)
(3.972294,  2.953005,  -4.218344),  (0.756734,  0.073821)
(3.950416,  2.953005,  -4.117830),  (0.756399,  0.073792)
(3.972294,  2.953005,  -4.218344),  (0.756734,  0.073821)
(4.232407,  2.953005,  -4.116014),  (0.756661,  0.075036)
(4.034595,  2.953005,  -4.389785),  (0.757329,  0.073980)
(4.232407,  2.953005,  -4.116014),  (0.756661,  0.075036)
(4.347811,  2.953005,  -4.492316),  (0.757946,  0.075291)
(4.221156,  2.953005,  -4.531283),  (0.757948,  0.074707)
(4.347811,  2.953005,  -4.492316),  (0.757946,  0.075291)
(4.232407,  2.953005,  -4.116014),  (0.756661,  0.075036)
(4.441054,  2.953005,  -4.404449),  (0.757760,  0.075761)
(4.232407,  2.953005,  -4.116014),  (0.756661,  0.075036)
(4.127837,  2.953005,  -3.743344),  (0.755398,  0.074826)
(4.237824,  2.953005,  -3.712490),  (0.755406,  0.075331)
(4.127837,  2.953005,  -3.743344),  (0.755398,  0.074826)
(4.232407,  2.953005,  -4.116014),  (0.756661,  0.075036)
(4.034595,  2.953005,  -3.831212),  (0.755584,  0.074356)
(4.232407,  2.953005,  -4.116014),  (0.756661,  0.075036)
(4.127837,  2.953005,  -4.500949),  (0.757764,  0.074316)
(4.034595,  2.953005,  -4.389785),  (0.757329,  0.073980)
(4.127837,  2.953005,  -4.500949),  (0.757764,  0.074316)
(4.232407,  2.953005,  -4.116014),  (0.756661,  0.075036)
(4.221156,  2.953005,  -4.531283),  (0.757948,  0.074707)
(4.232407,  2.953005,  -4.116014),  (0.756661,  0.075036)
(4.347811,  2.953005,  -3.743344),  (0.755607,  0.075795)
(4.441054,  2.953005,  -3.831212),  (0.755970,  0.076147)
(4.347811,  2.953005,  -3.743344),  (0.755607,  0.075795)
(4.232407,  2.953005,  -4.116014),  (0.756661,  0.075036)
(4.237824,  2.953005,  -3.712490),  (0.755406,  0.075331)
(4.232407,  2.953005,  -4.116014),  (0.756661,  0.075036)
(3.972294,  2.953005,  -3.962713),  (0.755935,  0.073993)
(4.034595,  2.953005,  -3.831212),  (0.755584,  0.074356)
(3.972294,  2.953005,  -3.962713),  (0.755935,  0.073993)
(4.232407,  2.953005,  -4.116014),  (0.756661,  0.075036)
(3.950416,  2.953005,  -4.117830),  (0.756399,  0.073792)
(4.232407,  2.953005,  -4.116014),  (0.756661,  0.075036)
(4.503356,  2.953005,  -4.272947),  (0.757409,  0.076124)
(4.441054,  2.953005,  -4.404449),  (0.757760,  0.075761)
(4.503356,  2.953005,  -4.272947),  (0.757409,  0.076124)
(4.232407,  2.953005,  -4.116014),  (0.756661,  0.075036)
(4.525233,  2.953005,  -4.117830),  (0.756945,  0.076325)
(4.347811,  1.174260,  -3.743344),  (0.243148,  0.070207)
(4.237824,  1.038477,  -3.712490),  (0.257620,  0.143192)
(4.237824,  1.174260,  -3.712490),  (0.257523,  0.070187)
(4.237824,  1.038477,  -3.712490),  (0.257620,  0.143192)
(4.347811,  1.174260,  -3.743344),  (0.243148,  0.070207)
(4.347811,  1.038477,  -3.743344),  (0.243252,  0.143202)
(4.441054,  1.174260,  -3.831212),  (0.228774,  0.070229)
(4.347811,  1.038477,  -3.743344),  (0.243252,  0.143202)
(4.347811,  1.174260,  -3.743344),  (0.243148,  0.070207)
(4.347811,  1.038477,  -3.743344),  (0.243252,  0.143202)
(4.441054,  1.174260,  -3.831212),  (0.228774,  0.070229)
(4.441054,  1.038477,  -3.831212),  (0.228888,  0.143213)
(4.503356,  1.174260,  -3.962713),  (0.214400,  0.070252)
(4.441054,  1.038477,  -3.831212),  (0.228888,  0.143213)
(4.441054,  1.174260,  -3.831212),  (0.228774,  0.070229)
(4.441054,  1.038477,  -3.831212),  (0.228888,  0.143213)
(4.503356,  1.174260,  -3.962713),  (0.214400,  0.070252)
(4.503356,  1.038477,  -3.962713),  (0.214528,  0.143225)
(4.525233,  1.174260,  -4.117830),  (0.200026,  0.070279)
(4.503356,  1.038477,  -3.962713),  (0.214528,  0.143225)
(4.503356,  1.174260,  -3.962713),  (0.214400,  0.070252)
(4.503356,  1.038477,  -3.962713),  (0.214528,  0.143225)
(4.525233,  1.174260,  -4.117830),  (0.200026,  0.070279)
(4.525233,  1.038477,  -4.117830),  (0.200173,  0.143239)
(4.503356,  1.174260,  -4.272947),  (0.185653,  0.070310)
(4.525233,  1.038477,  -4.117830),  (0.200173,  0.143239)
(4.525233,  1.174260,  -4.117830),  (0.200026,  0.070279)
(4.525233,  1.038477,  -4.117830),  (0.200173,  0.143239)
(4.503356,  1.174260,  -4.272947),  (0.185653,  0.070310)
(4.503356,  1.038477,  -4.272947),  (0.185823,  0.143256)
(4.441054,  1.174260,  -4.404449),  (0.171280,  0.070347)
(4.503356,  1.038477,  -4.272947),  (0.185823,  0.143256)
(4.503356,  1.174260,  -4.272947),  (0.185653,  0.070310)
(4.503356,  1.038477,  -4.272947),  (0.185823,  0.143256)
(4.441054,  1.174260,  -4.404449),  (0.171280,  0.070347)
(4.441054,  1.038477,  -4.404449),  (0.171479,  0.143275)
(4.347811,  1.174260,  -4.492316),  (0.156908,  0.070390)
(4.441054,  1.038477,  -4.404449),  (0.171479,  0.143275)
(4.441054,  1.174260,  -4.404449),  (0.171280,  0.070347)
(4.441054,  1.038477,  -4.404449),  (0.171479,  0.143275)
(4.347811,  1.174260,  -4.492316),  (0.156908,  0.070390)
(4.347811,  1.038477,  -4.492316),  (0.157142,  0.143297)
(4.221156,  1.174260,  -4.531283),  (0.140292,  0.070451)
(4.347811,  1.038477,  -4.492316),  (0.157142,  0.143297)
(4.347811,  1.174260,  -4.492316),  (0.156908,  0.070390)
(4.347811,  1.038477,  -4.492316),  (0.157142,  0.143297)
(4.221156,  1.174260,  -4.531283),  (0.140292,  0.070451)
(4.221156,  1.038477,  -4.531283),  (0.140582,  0.143327)
(4.127837,  1.174260,  -4.500949),  (0.128023,  0.070504)
(4.221156,  1.038477,  -4.531283),  (0.140582,  0.143327)
(4.221156,  1.174260,  -4.531283),  (0.140292,  0.070451)
(4.221156,  1.038477,  -4.531283),  (0.140582,  0.143327)
(4.127837,  1.174260,  -4.500949),  (0.128023,  0.070504)
(4.127837,  1.038477,  -4.500949),  (0.128354,  0.143354)
(4.034595,  0.766910,  -4.389785),  (0.115838,  0.298731)
(3.427315,  0.766910,  -4.382480),  (0.037724,  0.297469)
(3.972294,  0.766910,  -4.218344),  (0.107440,  0.314166)
(3.972294,  0.766910,  -4.218344),  (0.107440,  0.314166)
(3.427315,  0.766910,  -4.382480),  (0.037724,  0.297469)
(3.353212,  0.766910,  -4.209432),  (0.027805,  0.313013)
(4.237824,  1.174260,  -3.712490),  (0.504760,  0.975964)
(4.232396,  1.174260,  -4.116014),  (0.475197,  0.929849)
(4.347811,  1.174260,  -3.743344),  (0.484929,  0.984178)
(4.232396,  1.174260,  -4.116014),  (0.475197,  0.929849)
(4.441054,  1.174260,  -3.831212),  (0.463464,  0.984178)
(4.347811,  1.174260,  -3.743344),  (0.484929,  0.984178)
(4.237824,  1.174260,  -3.712490),  (0.257523,  0.070187)
(4.127837,  1.038477,  -3.743344),  (0.271991,  0.143183)
(4.127837,  1.174260,  -3.743344),  (0.271897,  0.070169)
(4.127837,  1.038477,  -3.743344),  (0.271991,  0.143183)
(4.237824,  1.174260,  -3.712490),  (0.257523,  0.070187)
(4.237824,  1.038477,  -3.712490),  (0.257620,  0.143192)
(4.232407,  0.766910,  -4.116014),  (0.258149,  0.293321)
(4.503485,  0.767438,  -3.963623),  (0.258118,  0.292023)
(4.525233,  0.766910,  -4.117830),  (0.257866,  0.292032)
(4.503485,  0.767438,  -3.963623),  (0.258118,  0.292023)
(4.232407,  0.766910,  -4.116014),  (0.258149,  0.293321)
(4.441054,  0.766910,  -3.831212),  (0.258841,  0.292210)
(3.427315,  1.174260,  -4.382480),  (0.034990,  0.071126)
(3.446576,  1.038477,  -4.486989),  (0.042099,  0.143848)
(3.538217,  1.174260,  -4.486989),  (0.052102,  0.071173)
(3.446576,  1.038477,  -4.486989),  (0.042099,  0.143848)
(3.427315,  1.174260,  -4.382480),  (0.034990,  0.071126)
(3.335674,  1.038477,  -4.382480),  (0.025218,  0.143828)
(3.353212,  1.174260,  -4.209432),  (0.016567,  0.070222)
(3.335674,  1.038477,  -4.382480),  (0.025218,  0.143828)
(3.427315,  1.174260,  -4.382480),  (0.034990,  0.071126)
(3.335674,  1.038477,  -4.382480),  (0.025218,  0.143828)
(3.353212,  1.174260,  -4.209432),  (0.016567,  0.070222)
(3.261571,  1.038477,  -4.209432),  (0.007057,  0.143394)
(3.538217,  1.174260,  -4.486989),  (0.052102,  0.071173)
(4.034595,  1.174260,  -4.389785),  (0.115762,  0.060666)
(3.427315,  1.174260,  -4.382480),  (0.037584,  0.062002)
(4.034595,  1.174260,  -4.389785),  (0.115762,  0.060666)
(3.538217,  1.174260,  -4.486989),  (0.052102,  0.071173)
(4.127837,  1.174260,  -4.500949),  (0.128023,  0.070504)
(3.538217,  1.174260,  -4.486989),  (0.052102,  0.071173)
(4.127837,  1.038477,  -4.500949),  (0.128354,  0.143354)
(4.127837,  1.174260,  -4.500949),  (0.128023,  0.070504)
(4.127837,  1.038477,  -4.500949),  (0.128354,  0.143354)
(3.538217,  1.174260,  -4.486989),  (0.052102,  0.071173)
(3.446576,  1.038477,  -4.486989),  (0.042099,  0.143848)
(3.427315,  1.174260,  -4.382480),  (0.037584,  0.062002)
(3.972294,  1.174260,  -4.218344),  (0.107342,  0.045226)
(3.353212,  1.174260,  -4.209432),  (0.027642,  0.046453)
(3.972294,  1.174260,  -4.218344),  (0.107342,  0.045226)
(3.427315,  1.174260,  -4.382480),  (0.037584,  0.062002)
(4.034595,  1.174260,  -4.389785),  (0.115762,  0.060666)
(4.127837,  0.766910,  -4.500949),  (0.128079,  0.288890)
(3.538217,  0.766910,  -4.486989),  (0.052222,  0.288291)
(4.034595,  0.766910,  -4.389785),  (0.115838,  0.298731)
(3.427315,  0.766910,  -4.382480),  (0.037724,  0.297469)
(4.034595,  0.766910,  -4.389785),  (0.115838,  0.298731)
(3.538217,  0.766910,  -4.486989),  (0.052222,  0.288291)
(4.127837,  0.902694,  -4.500949),  (0.128359,  0.216046)
(3.538217,  0.766910,  -4.486989),  (0.052222,  0.288291)
(4.127837,  0.766910,  -4.500949),  (0.128079,  0.288890)
(3.538217,  0.766910,  -4.486989),  (0.052222,  0.288291)
(4.127837,  0.902694,  -4.500949),  (0.128359,  0.216046)
(3.446576,  0.902694,  -4.486989),  (0.042213,  0.215517)
(3.446576,  1.038477,  -4.486989),  (0.042099,  0.143848)
(4.127837,  0.902694,  -4.500949),  (0.128359,  0.216046)
(4.127837,  1.038477,  -4.500949),  (0.128354,  0.143354)
(4.127837,  0.902694,  -4.500949),  (0.128359,  0.216046)
(3.446576,  1.038477,  -4.486989),  (0.042099,  0.143848)
(3.446576,  0.902694,  -4.486989),  (0.042213,  0.215517)
(3.261571,  0.902694,  -4.209432),  (0.007061,  0.215966)
(3.427315,  0.766910,  -4.382480),  (0.035089,  0.288348)
(3.335674,  0.902694,  -4.382480),  (0.025341,  0.215532)
(3.427315,  0.766910,  -4.382480),  (0.035089,  0.288348)
(3.261571,  0.902694,  -4.209432),  (0.007061,  0.215966)
(3.353212,  0.766910,  -4.209432),  (0.016636,  0.289268)
(3.261571,  1.038477,  -4.209432),  (0.007057,  0.143394)
(3.335674,  0.902694,  -4.382480),  (0.025341,  0.215532)
(3.335674,  1.038477,  -4.382480),  (0.025218,  0.143828)
(3.335674,  0.902694,  -4.382480),  (0.025341,  0.215532)
(3.261571,  1.038477,  -4.209432),  (0.007057,  0.143394)
(3.261571,  0.902694,  -4.209432),  (0.007061,  0.215966)
(3.427315,  0.766910,  -4.382480),  (0.035089,  0.288348)
(3.446576,  0.902694,  -4.486989),  (0.042213,  0.215517)
(3.335674,  0.902694,  -4.382480),  (0.025341,  0.215532)
(3.446576,  0.902694,  -4.486989),  (0.042213,  0.215517)
(3.427315,  0.766910,  -4.382480),  (0.035089,  0.288348)
(3.538217,  0.766910,  -4.486989),  (0.052222,  0.288291)
(3.335674,  1.038477,  -4.382480),  (0.025218,  0.143828)
(3.446576,  0.902694,  -4.486989),  (0.042213,  0.215517)
(3.446576,  1.038477,  -4.486989),  (0.042099,  0.143848)
(3.446576,  0.902694,  -4.486989),  (0.042213,  0.215517)
(3.335674,  1.038477,  -4.382480),  (0.025218,  0.143828)
(3.335674,  0.902694,  -4.382480),  (0.025341,  0.215532)
(4.237824,  0.902694,  -3.712490),  (0.257619,  0.216175)
(4.127837,  0.766910,  -3.743344),  (0.271900,  0.289169)
(4.127837,  0.902694,  -3.743344),  (0.271988,  0.216183)
(4.127837,  0.766910,  -3.743344),  (0.271900,  0.289169)
(4.237824,  0.902694,  -3.712490),  (0.257619,  0.216175)
(4.237824,  0.766910,  -3.712490),  (0.257531,  0.289152)
(4.237824,  1.038477,  -3.712490),  (0.257620,  0.143192)
(4.127837,  0.902694,  -3.743344),  (0.271988,  0.216183)
(4.127837,  1.038477,  -3.743344),  (0.271991,  0.143183)
(4.127837,  0.902694,  -3.743344),  (0.271988,  0.216183)
(4.237824,  1.038477,  -3.712490),  (0.257620,  0.143192)
(4.237824,  0.902694,  -3.712490),  (0.257619,  0.216175)
(4.127837,  0.902694,  -4.500949),  (0.128359,  0.216046)
(4.221156,  0.766910,  -4.531283),  (0.140345,  0.288933)
(4.221156,  0.902694,  -4.531283),  (0.140589,  0.216068)
(4.221156,  0.766910,  -4.531283),  (0.140345,  0.288933)
(4.127837,  0.902694,  -4.500949),  (0.128359,  0.216046)
(4.127837,  0.766910,  -4.500949),  (0.128079,  0.288890)
(4.127837,  1.038477,  -4.500949),  (0.128354,  0.143354)
(4.221156,  0.902694,  -4.531283),  (0.140589,  0.216068)
(4.221156,  1.038477,  -4.531283),  (0.140582,  0.143327)
(4.221156,  0.902694,  -4.531283),  (0.140589,  0.216068)
(4.127837,  1.038477,  -4.500949),  (0.128354,  0.143354)
(4.127837,  0.902694,  -4.500949),  (0.128359,  0.216046)
(4.221156,  0.902694,  -4.531283),  (0.140589,  0.216068)
(4.347811,  0.766910,  -4.492316),  (0.156956,  0.288981)
(4.347811,  0.902694,  -4.492316),  (0.157151,  0.216094)
(4.347811,  0.766910,  -4.492316),  (0.156956,  0.288981)
(4.221156,  0.902694,  -4.531283),  (0.140589,  0.216068)
(4.221156,  0.766910,  -4.531283),  (0.140345,  0.288933)
(4.221156,  1.038477,  -4.531283),  (0.140582,  0.143327)
(4.347811,  0.902694,  -4.492316),  (0.157151,  0.216094)
(4.347811,  1.038477,  -4.492316),  (0.157142,  0.143297)
(4.347811,  0.902694,  -4.492316),  (0.157151,  0.216094)
(4.221156,  1.038477,  -4.531283),  (0.140582,  0.143327)
(4.221156,  0.902694,  -4.531283),  (0.140589,  0.216068)
(4.347811,  0.902694,  -4.492316),  (0.157151,  0.216094)
(4.441054,  0.766910,  -4.404449),  (0.171323,  0.289015)
(4.441054,  0.902694,  -4.404449),  (0.171487,  0.216111)
(4.441054,  0.766910,  -4.404449),  (0.171323,  0.289015)
(4.347811,  0.902694,  -4.492316),  (0.157151,  0.216094)
(4.347811,  0.766910,  -4.492316),  (0.156956,  0.288981)
(4.347811,  1.038477,  -4.492316),  (0.157142,  0.143297)
(4.441054,  0.902694,  -4.404449),  (0.171487,  0.216111)
(4.441054,  1.038477,  -4.404449),  (0.171479,  0.143275)
(4.441054,  0.902694,  -4.404449),  (0.171487,  0.216111)
(4.347811,  1.038477,  -4.492316),  (0.157142,  0.143297)
(4.347811,  0.902694,  -4.492316),  (0.157151,  0.216094)
(4.441054,  0.902694,  -4.404449),  (0.171487,  0.216111)
(4.503356,  0.766910,  -4.272947),  (0.185690,  0.289045)
(4.503356,  0.902694,  -4.272947),  (0.185831,  0.216125)
(4.503356,  0.766910,  -4.272947),  (0.185690,  0.289045)
(4.441054,  0.902694,  -4.404449),  (0.171487,  0.216111)
(4.441054,  0.766910,  -4.404449),  (0.171323,  0.289015)
(4.441054,  1.038477,  -4.404449),  (0.171479,  0.143275)
(4.503356,  0.902694,  -4.272947),  (0.185831,  0.216125)
(4.503356,  1.038477,  -4.272947),  (0.185823,  0.143256)
(4.503356,  0.902694,  -4.272947),  (0.185831,  0.216125)
(4.441054,  1.038477,  -4.404449),  (0.171479,  0.143275)
(4.441054,  0.902694,  -4.404449),  (0.171487,  0.216111)
(4.503356,  0.902694,  -4.272947),  (0.185831,  0.216125)
(4.525233,  0.766910,  -4.117830),  (0.200058,  0.289071)
(4.525233,  0.902694,  -4.117830),  (0.200180,  0.216137)
(4.525233,  0.766910,  -4.117830),  (0.200058,  0.289071)
(4.503356,  0.902694,  -4.272947),  (0.185831,  0.216125)
(4.503356,  0.766910,  -4.272947),  (0.185690,  0.289045)
(4.503356,  1.038477,  -4.272947),  (0.185823,  0.143256)
(4.525233,  0.902694,  -4.117830),  (0.200180,  0.216137)
(4.525233,  1.038477,  -4.117830),  (0.200173,  0.143239)
(4.525233,  0.902694,  -4.117830),  (0.200180,  0.216137)
(4.503356,  1.038477,  -4.272947),  (0.185823,  0.143256)
(4.503356,  0.902694,  -4.272947),  (0.185831,  0.216125)
(4.525233,  1.038477,  -4.117830),  (0.200173,  0.143239)
(4.503356,  0.902694,  -3.962713),  (0.214533,  0.216148)
(4.503356,  1.038477,  -3.962713),  (0.214528,  0.143225)
(4.503356,  0.902694,  -3.962713),  (0.214533,  0.216148)
(4.525233,  1.038477,  -4.117830),  (0.200173,  0.143239)
(4.525233,  0.902694,  -4.117830),  (0.200180,  0.216137)
(4.441054,  0.902694,  -3.831212),  (0.228891,  0.216157)
(4.503485,  0.767438,  -3.963623),  (0.214426,  0.289094)
(4.441054,  0.766910,  -3.831212),  (0.228794,  0.289115)
(4.503485,  0.767438,  -3.963623),  (0.214426,  0.289094)
(4.441054,  0.902694,  -3.831212),  (0.228891,  0.216157)
(4.503356,  0.902694,  -3.962713),  (0.214533,  0.216148)
(4.503356,  1.038477,  -3.962713),  (0.214528,  0.143225)
(4.441054,  0.902694,  -3.831212),  (0.228891,  0.216157)
(4.441054,  1.038477,  -3.831212),  (0.228888,  0.143213)
(4.441054,  0.902694,  -3.831212),  (0.228891,  0.216157)
(4.503356,  1.038477,  -3.962713),  (0.214528,  0.143225)
(4.503356,  0.902694,  -3.962713),  (0.214533,  0.216148)
(4.441054,  0.902694,  -3.831212),  (0.228891,  0.216157)
(4.347811,  0.766910,  -3.743344),  (0.243162,  0.289134)
(4.347811,  0.902694,  -3.743344),  (0.243254,  0.216166)
(4.347811,  0.766910,  -3.743344),  (0.243162,  0.289134)
(4.441054,  0.902694,  -3.831212),  (0.228891,  0.216157)
(4.441054,  0.766910,  -3.831212),  (0.228794,  0.289115)
(4.441054,  1.038477,  -3.831212),  (0.228888,  0.143213)
(4.347811,  0.902694,  -3.743344),  (0.243254,  0.216166)
(4.347811,  1.038477,  -3.743344),  (0.243252,  0.143202)
(4.347811,  0.902694,  -3.743344),  (0.243254,  0.216166)
(4.441054,  1.038477,  -3.831212),  (0.228888,  0.143213)
(4.441054,  0.902694,  -3.831212),  (0.228891,  0.216157)
(4.347811,  0.902694,  -3.743344),  (0.243254,  0.216166)
(4.237824,  0.766910,  -3.712490),  (0.257531,  0.289152)
(4.237824,  0.902694,  -3.712490),  (0.257619,  0.216175)
(4.237824,  0.766910,  -3.712490),  (0.257531,  0.289152)
(4.347811,  0.902694,  -3.743344),  (0.243254,  0.216166)
(4.347811,  0.766910,  -3.743344),  (0.243162,  0.289134)
(4.347811,  1.038477,  -3.743344),  (0.243252,  0.143202)
(4.237824,  0.902694,  -3.712490),  (0.257619,  0.216175)
(4.237824,  1.038477,  -3.712490),  (0.257620,  0.143192)
(4.237824,  0.902694,  -3.712490),  (0.257619,  0.216175)
(4.347811,  1.038477,  -3.743344),  (0.243252,  0.143202)
(4.347811,  0.902694,  -3.743344),  (0.243254,  0.216166)
(4.232396,  1.174260,  -4.116014),  (0.475197,  0.929849)
(4.127837,  1.174260,  -4.500949),  (0.462813,  0.875291)
(4.221156,  1.174260,  -4.531283),  (0.445673,  0.881792)
(4.127837,  1.174260,  -4.500949),  (0.462813,  0.875291)
(4.232396,  1.174260,  -4.116014),  (0.475197,  0.929849)
(4.034595,  1.174260,  -4.389785),  (0.486035,  0.877920)
(4.232396,  1.174260,  -4.116014),  (0.475197,  0.929849)
(3.972294,  1.174260,  -3.962713),  (0.528153,  0.919489)
(3.950416,  1.174260,  -4.117830),  (0.519938,  0.899658)
(3.972294,  1.174260,  -3.962713),  (0.528153,  0.919489)
(4.232396,  1.174260,  -4.116014),  (0.475197,  0.929849)
(4.034595,  1.174260,  -3.831212),  (0.528153,  0.940954)
(4.232396,  1.174260,  -4.116014),  (0.475197,  0.929849)
(4.503356,  1.174260,  -4.272947),  (0.420240,  0.940954)
(4.525233,  1.174260,  -4.117830),  (0.428454,  0.960785)
(4.503356,  1.174260,  -4.272947),  (0.420240,  0.940954)
(4.232396,  1.174260,  -4.116014),  (0.475197,  0.929849)
(4.441054,  1.174260,  -4.404449),  (0.420240,  0.919489)
(4.232396,  1.174260,  -4.116014),  (0.475197,  0.929849)
(3.972294,  1.174260,  -4.218344),  (0.508878,  0.890641)
(4.034595,  1.174260,  -4.389785),  (0.486035,  0.877920)
(3.972294,  1.174260,  -4.218344),  (0.508878,  0.890641)
(4.232396,  1.174260,  -4.116014),  (0.475197,  0.929849)
(3.950416,  1.174260,  -4.117830),  (0.519938,  0.899658)
(4.232396,  1.174260,  -4.116014),  (0.475197,  0.929849)
(4.503356,  1.174260,  -3.962713),  (0.443632,  0.975964)
(4.441054,  1.174260,  -3.831212),  (0.463464,  0.984178)
(4.503356,  1.174260,  -3.962713),  (0.443632,  0.975964)
(4.232396,  1.174260,  -4.116014),  (0.475197,  0.929849)
(4.525233,  1.174260,  -4.117830),  (0.428454,  0.960785)
(4.232396,  1.174260,  -4.116014),  (0.475197,  0.929849)
(4.127837,  1.174260,  -3.743344),  (0.519938,  0.960786)
(4.034595,  1.174260,  -3.831212),  (0.528153,  0.940954)
(4.127837,  1.174260,  -3.743344),  (0.519938,  0.960786)
(4.232396,  1.174260,  -4.116014),  (0.475197,  0.929849)
(4.237824,  1.174260,  -3.712490),  (0.504760,  0.975964)
(4.232396,  1.174260,  -4.116014),  (0.475197,  0.929849)
(4.347811,  1.174260,  -4.492316),  (0.428454,  0.899658)
(4.441054,  1.174260,  -4.404449),  (0.420240,  0.919489)
(4.347811,  1.174260,  -4.492316),  (0.428454,  0.899658)
(4.232396,  1.174260,  -4.116014),  (0.475197,  0.929849)
(4.221156,  1.174260,  -4.531283),  (0.445673,  0.881792)
(4.525233,  0.902694,  -4.117830),  (0.200180,  0.216137)
(4.503485,  0.767438,  -3.963623),  (0.214427,  0.288244)
(4.503356,  0.902694,  -3.962713),  (0.214533,  0.216148)
(4.503485,  0.767438,  -3.963623),  (0.214427,  0.288244)
(4.525233,  0.902694,  -4.117830),  (0.200180,  0.216137)
(4.525233,  0.766910,  -4.117830),  (0.200058,  0.289071)
(4.232407,  0.766910,  -4.116014),  (0.258149,  0.293321)
(3.972294,  0.766910,  -4.218344),  (0.258077,  0.294535)
(3.950416,  0.766910,  -4.117830),  (0.258411,  0.294564)
(3.972294,  0.766910,  -4.218344),  (0.258077,  0.294535)
(4.232407,  0.766910,  -4.116014),  (0.258149,  0.293321)
(4.034595,  0.766910,  -4.389785),  (0.257482,  0.294376)
(4.232407,  0.766910,  -4.116014),  (0.258149,  0.293321)
(4.347811,  0.766910,  -4.492316),  (0.256864,  0.293066)
(4.221156,  0.766910,  -4.531283),  (0.256863,  0.293649)
(4.347811,  0.766910,  -4.492316),  (0.256864,  0.293066)
(4.232407,  0.766910,  -4.116014),  (0.258149,  0.293321)
(4.441054,  0.766910,  -4.404449),  (0.257050,  0.292596)
(4.232407,  0.766910,  -4.116014),  (0.258149,  0.293321)
(4.127837,  0.766910,  -3.743344),  (0.259413,  0.293530)
(4.237824,  0.766910,  -3.712490),  (0.259405,  0.293025)
(4.127837,  0.766910,  -3.743344),  (0.259413,  0.293530)
(4.232407,  0.766910,  -4.116014),  (0.258149,  0.293321)
(4.034595,  0.766910,  -3.831212),  (0.259227,  0.294000)
(4.232407,  0.766910,  -4.116014),  (0.258149,  0.293321)
(4.127837,  0.766910,  -4.500949),  (0.257046,  0.294040)
(4.034595,  0.766910,  -4.389785),  (0.257482,  0.294376)
(4.127837,  0.766910,  -4.500949),  (0.257046,  0.294040)
(4.232407,  0.766910,  -4.116014),  (0.258149,  0.293321)
(4.221156,  0.766910,  -4.531283),  (0.256863,  0.293649)
(4.232407,  0.766910,  -4.116014),  (0.258149,  0.293321)
(4.347811,  0.766910,  -3.743344),  (0.259204,  0.292561)
(4.441054,  0.766910,  -3.831212),  (0.258841,  0.292210)
(4.347811,  0.766910,  -3.743344),  (0.259204,  0.292561)
(4.232407,  0.766910,  -4.116014),  (0.258149,  0.293321)
(4.237824,  0.766910,  -3.712490),  (0.259405,  0.293025)
(4.232407,  0.766910,  -4.116014),  (0.258149,  0.293321)
(3.972294,  0.766910,  -3.962713),  (0.258875,  0.294363)
(4.034595,  0.766910,  -3.831212),  (0.259227,  0.294000)
(3.972294,  0.766910,  -3.962713),  (0.258875,  0.294363)
(4.232407,  0.766910,  -4.116014),  (0.258149,  0.293321)
(3.950416,  0.766910,  -4.117830),  (0.258411,  0.294564)
(4.232407,  0.766910,  -4.116014),  (0.258149,  0.293321)
(4.503356,  0.766910,  -4.272947),  (0.257402,  0.292233)
(4.441054,  0.766910,  -4.404449),  (0.257050,  0.292596)
(4.503356,  0.766910,  -4.272947),  (0.257402,  0.292233)
(4.232407,  0.766910,  -4.116014),  (0.258149,  0.293321)
(4.525233,  0.766910,  -4.117830),  (0.257866,  0.292032)
(4.489072,  0.039410,  3.512201),  (0.178726,  0.851309)
(4.351283,  0.006563,  3.512201),  (0.178726,  0.854623)
(4.351283,  0.039410,  3.706527),  (0.182040,  0.851309)
(4.489072,  0.039410,  -3.512202),  (0.058949,  0.851309)
(4.353741,  0.039975,  -3.706528),  (0.055635,  0.851252)
(4.351283,  0.006563,  -3.512202),  (0.058949,  0.854623)
(-4.339437,  0.039975,  -3.706527),  (0.527264,  0.851252)
(-4.474764,  0.039410,  -3.512201),  (0.524009,  0.851309)
(-4.336978,  0.006563,  -3.512201),  (0.525608,  0.852967)
(-4.474764,  0.039410,  3.512203),  (0.400918,  0.851309)
(-4.336976,  0.039410,  3.706529),  (0.397605,  0.851309)
(-4.336976,  0.006563,  3.512203),  (0.400918,  0.854623)
(4.351285,  3.973717,  3.706525),  (0.185353,  0.454412)
(4.351285,  4.006563,  3.512200),  (0.185353,  0.451099)
(4.489072,  3.973717,  3.512200),  (0.182040,  0.454412)
(4.353738,  3.973152,  -3.706530),  (0.052381,  0.454469)
(4.489067,  3.973717,  -3.512204),  (0.055635,  0.454412)
(4.351280,  4.006563,  -3.512204),  (0.054037,  0.452754)
(-4.474767,  3.973717,  -3.512201),  (0.520695,  0.454412)
(-4.339437,  3.973152,  -3.706527),  (0.524009,  0.454469)
(-4.336978,  4.006563,  -3.512201),  (0.520695,  0.451099)
(-4.336976,  3.973717,  3.706527),  (0.394291,  0.454412)
(-4.474764,  3.973717,  3.512202),  (0.397605,  0.454412)
(-4.336976,  4.006563,  3.512202),  (0.394291,  0.451099)
(4.351283,  0.006563,  -3.512202),  (0.058949,  0.854623)
(4.489072,  0.039410,  3.512201),  (0.178726,  0.851309)
(4.489072,  0.039410,  -3.512202),  (0.058949,  0.851309)
(4.489072,  0.039410,  3.512201),  (0.178726,  0.851309)
(4.351283,  0.006563,  -3.512202),  (0.058949,  0.854623)
(4.351283,  0.006563,  3.512201),  (0.178726,  0.854623)
(-4.339437,  0.039975,  -3.706527),  (0.394350,  0.984398)
(4.351283,  0.006563,  -3.512202),  (0.185353,  0.977714)
(4.353741,  0.039975,  -3.706528),  (0.185294,  0.984398)
(4.351283,  0.006563,  -3.512202),  (0.185353,  0.977714)
(-4.339437,  0.039975,  -3.706527),  (0.394350,  0.984398)
(-4.336978,  0.006563,  -3.512201),  (0.394291,  0.977714)
(-4.336976,  0.006563,  3.512203),  (0.400918,  0.854623)
(-4.474764,  0.039410,  -3.512201),  (0.520696,  0.851309)
(-4.474764,  0.039410,  3.512203),  (0.400918,  0.851309)
(-4.474764,  0.039410,  -3.512201),  (0.520696,  0.851309)
(-4.336976,  0.006563,  3.512203),  (0.400918,  0.854623)
(-4.336978,  0.006563,  -3.512201),  (0.520696,  0.854623)
(-4.336976,  0.006563,  3.512203),  (0.394291,  0.857936)
(4.351283,  0.039410,  3.706527),  (0.185353,  0.851309)
(4.351283,  0.006563,  3.512201),  (0.185353,  0.857936)
(4.351283,  0.039410,  3.706527),  (0.185353,  0.851309)
(-4.336976,  0.006563,  3.512203),  (0.394291,  0.857936)
(-4.336976,  0.039410,  3.706529),  (0.394291,  0.851309)
(4.351285,  3.973717,  3.706525),  (0.185353,  0.454412)
(-4.336976,  3.973717,  3.706527),  (0.394291,  0.454412)
(-4.336976,  4.006563,  3.512202),  (0.394291,  0.447785)
(4.351285,  3.973717,  3.706525),  (0.185353,  0.454412)
(-4.336976,  4.006563,  3.512202),  (0.394291,  0.447785)
(4.351285,  4.006563,  3.512200),  (0.185353,  0.447785)
(-4.336978,  4.006563,  -3.512201),  (0.520695,  0.451099)
(-4.336976,  4.006563,  3.512202),  (0.400918,  0.451099)
(-4.474764,  3.973717,  3.512202),  (0.400918,  0.454412)
(-4.474764,  3.973717,  3.512202),  (0.400918,  0.454412)
(-4.474767,  3.973717,  -3.512201),  (0.520695,  0.454412)
(-4.336978,  4.006563,  -3.512201),  (0.520695,  0.451099)
(4.351280,  4.006563,  -3.512204),  (0.185353,  0.328008)
(-4.336978,  4.006563,  -3.512201),  (0.394291,  0.328008)
(-4.339437,  3.973152,  -3.706527),  (0.394350,  0.321324)
(4.351280,  4.006563,  -3.512204),  (0.185353,  0.328008)
(-4.339437,  3.973152,  -3.706527),  (0.394350,  0.321324)
(4.353738,  3.973152,  -3.706530),  (0.185294,  0.321324)
(4.351285,  4.006563,  3.512200),  (0.178726,  0.451099)
(4.351280,  4.006563,  -3.512204),  (0.058949,  0.451099)
(4.489067,  3.973717,  -3.512204),  (0.058949,  0.454412)
(4.351285,  4.006563,  3.512200),  (0.178726,  0.451099)
(4.489067,  3.973717,  -3.512204),  (0.058949,  0.454412)
(4.489072,  3.973717,  3.512200),  (0.178726,  0.454412)
(4.351285,  3.973717,  3.706525),  (0.185353,  0.454412)
(4.489072,  0.039410,  3.512201),  (0.178726,  0.851309)
(4.351283,  0.039410,  3.706527),  (0.185353,  0.851309)
(4.489072,  0.039410,  3.512201),  (0.178726,  0.851309)
(4.351285,  3.973717,  3.706525),  (0.185353,  0.454412)
(4.489072,  3.973717,  3.512200),  (0.178726,  0.454412)
(4.489067,  3.973717,  -3.512204),  (0.058949,  0.454412)
(4.353741,  0.039975,  -3.706528),  (0.052381,  0.851252)
(4.489072,  0.039410,  -3.512202),  (0.058949,  0.851309)
(4.353741,  0.039975,  -3.706528),  (0.052381,  0.851252)
(4.489067,  3.973717,  -3.512204),  (0.058949,  0.454412)
(4.353738,  3.973152,  -3.706530),  (0.052381,  0.454469)
(-4.474767,  3.973717,  -3.512201),  (0.520695,  0.454412)
(-4.339437,  0.039975,  -3.706527),  (0.527264,  0.851252)
(-4.339437,  3.973152,  -3.706527),  (0.527264,  0.454469)
(-4.339437,  0.039975,  -3.706527),  (0.527264,  0.851252)
(-4.474767,  3.973717,  -3.512201),  (0.520695,  0.454412)
(-4.474764,  0.039410,  -3.512201),  (0.520696,  0.851309)
(-4.474764,  3.973717,  3.512202),  (0.400918,  0.454412)
(-4.336976,  0.039410,  3.706529),  (0.394291,  0.851309)
(-4.474764,  0.039410,  3.512203),  (0.400918,  0.851309)
(-4.336976,  0.039410,  3.706529),  (0.394291,  0.851309)
(-4.474764,  3.973717,  3.512202),  (0.400918,  0.454412)
(-4.336976,  3.973717,  3.706527),  (0.394291,  0.454412)
(4.489072,  3.973717,  3.512200),  (0.178726,  0.454412)
(4.489072,  0.039410,  -3.512202),  (0.058949,  0.851309)
(4.489072,  0.039410,  3.512201),  (0.178726,  0.851309)
(4.489072,  0.039410,  -3.512202),  (0.058949,  0.851309)
(4.489072,  3.973717,  3.512200),  (0.178726,  0.454412)
(4.489067,  3.973717,  -3.512204),  (0.058949,  0.454412)
(3.952922,  3.875411,  -4.080024),  (0.674901,  0.057744)
(3.858089,  0.160323,  -4.213771),  (0.670339,  0.432525)
(3.952924,  0.137716,  -4.080022),  (0.674900,  0.434806)
(3.858089,  0.160323,  -4.213771),  (0.670339,  0.432525)
(3.952922,  3.875411,  -4.080024),  (0.674901,  0.057744)
(3.858086,  3.852803,  -4.213773),  (0.670340,  0.060025)
(3.952922,  3.875411,  -4.080024),  (0.672620,  0.055464)
(-3.938620,  3.875411,  -4.080021),  (0.482843,  0.055463)
(-3.843784,  3.852803,  -4.213770),  (0.485123,  0.060025)
(3.952922,  3.875411,  -4.080024),  (0.672620,  0.055464)
(-3.843784,  3.852803,  -4.213770),  (0.485123,  0.060025)
(3.858086,  3.852803,  -4.213773),  (0.670340,  0.060025)
(3.858089,  0.160323,  -4.213771),  (0.670339,  0.432525)
(-3.843784,  0.160323,  -4.213770),  (0.485123,  0.432525)
(-3.938617,  0.137716,  -4.080021),  (0.482842,  0.437086)
(3.858089,  0.160323,  -4.213771),  (0.670339,  0.432525)
(-3.938617,  0.137716,  -4.080021),  (0.482842,  0.437086)
(3.952924,  0.137716,  -4.080022),  (0.672620,  0.437087)
(-3.938620,  3.875411,  -4.080021),  (0.480562,  0.057744)
(-3.843784,  0.160323,  -4.213770),  (0.485123,  0.432525)
(-3.843784,  3.852803,  -4.213770),  (0.485123,  0.060025)
(-3.938620,  3.875411,  -4.080021),  (0.480562,  0.057744)
(-3.938617,  0.137716,  -4.080021),  (0.480561,  0.434806)
(-3.843784,  0.160323,  -4.213770),  (0.485123,  0.432525)
(-3.938620,  3.875411,  -3.706527),  (0.474193,  0.057744)
(-3.938617,  0.137716,  -3.706527),  (0.474193,  0.434806)
(-3.938620,  3.875411,  -4.080021),  (0.480562,  0.057744)
(-3.938620,  3.875411,  -4.080021),  (0.480562,  0.057744)
(-3.938617,  0.137716,  -3.706527),  (0.474193,  0.434806)
(-3.938617,  0.137716,  -4.080021),  (0.480561,  0.434806)
(-3.954296,  0.135063,  -3.550616),  (0.688564,  0.942626)
(4.077179,  0.108256,  -3.706528),  (0.879096,  0.962938)
(3.968603,  0.135063,  -3.550616),  (0.879096,  0.942627)
(4.077179,  0.108256,  -3.706528),  (0.879096,  0.962938)
(-3.954296,  0.135063,  -3.550616),  (0.688564,  0.942626)
(-4.062874,  0.108256,  -3.706527),  (0.688564,  0.962938)
(4.077177,  3.904871,  -3.706530),  (0.045730,  0.461358)
(3.968603,  0.135063,  -3.550616),  (0.043119,  0.841659)
(4.077179,  0.108256,  -3.706528),  (0.045730,  0.844364)
(3.968603,  0.135063,  -3.550616),  (0.043119,  0.841659)
(4.077177,  3.904871,  -3.706530),  (0.045730,  0.461358)
(3.968601,  3.878063,  -3.550618),  (0.043119,  0.464062)
(4.077177,  3.904871,  -3.706530),  (0.879096,  0.357899)
(-4.062877,  3.904871,  -3.706527),  (0.688564,  0.357899)
(-3.954299,  3.878063,  -3.550615),  (0.688564,  0.378211)
(4.077177,  3.904871,  -3.706530),  (0.879096,  0.357899)
(-3.954299,  3.878063,  -3.550615),  (0.688564,  0.378211)
(3.968601,  3.878063,  -3.550618),  (0.879096,  0.378211)
(-4.062877,  3.904871,  -3.706527),  (0.574843,  0.471620)
(-3.954296,  0.135063,  -3.550616),  (0.595155,  0.849217)
(-3.954299,  3.878063,  -3.550615),  (0.595155,  0.471620)
(-4.062877,  3.904871,  -3.706527),  (0.574843,  0.471620)
(-4.062874,  0.108256,  -3.706527),  (0.574843,  0.849217)
(-3.954296,  0.135063,  -3.550616),  (0.595155,  0.849217)
(3.968603,  0.135063,  -2.833612),  (0.879096,  0.849217)
(-3.954296,  0.135063,  -2.833612),  (0.688564,  0.849217)
(-3.954296,  0.135063,  -3.550616),  (0.688564,  0.942626)
(3.968603,  0.135063,  -2.833612),  (0.879096,  0.849217)
(-3.954296,  0.135063,  -3.550616),  (0.688564,  0.942626)
(3.968603,  0.135063,  -3.550616),  (0.879096,  0.942627)
