(0.640784,  -0.106572,  0.000000),  (0.003595,  0.926180)
(0.754450,  -0.086924,  0.006995),  (0.006148,  0.964882)
(-0.786499,  0.106572,  0.000000),  (0.141143,  0.440201)
(0.786191,  0.050751,  0.011895),  (0.134415,  0.975690)
(-0.786499,  -0.106572,  0.052602),  (0.714018,  0.948632)
(0.786499,  -0.050751,  0.052602),  (0.047549,  0.975795)
(-0.786499,  0.106572,  0.052602),  (0.111390,  0.440201)
(0.640784,  0.106572,  0.052602),  (0.111390,  0.926180)
(0.753731,  0.086924,  0.052602),  (0.107728,  0.964637)
(0.640784,  0.106572,  0.000000),  (0.141143,  0.926180)
(-0.786499,  -0.106572,  0.000000),  (0.438259,  0.643216)
(0.640784,  -0.106572,  0.052602),  (0.033348,  0.926180)
(0.270681,  0.083381,  0.000000),  (0.170896,  0.378042)
(0.579563,  0.083381,  0.000000),  (0.288755,  0.654892)
(0.579563,  -0.083381,  0.000000),  (0.288755,  0.731880)
(0.270681,  -0.083381,  0.000000),  (0.070341,  0.800162)
(0.270681,  -0.083381,  0.052602),  (0.040588,  0.800162)
(0.579563,  -0.083381,  0.052602),  (0.325606,  0.731880)
(0.579563,  0.083381,  0.052602),  (0.325606,  0.654892)
(0.270681,  0.083381,  0.052602),  (0.141143,  0.378042)
(0.786191,  -0.050751,  0.011895),  (0.008920,  0.975690)
(0.754450,  0.086924,  0.006995),  (0.137187,  0.964882)
(0.753731,  -0.086924,  0.052602),  (0.035606,  0.964637)
(0.786499,  0.050751,  0.052602),  (0.095786,  0.975795)
(-0.989623,  0.106572,  0.000000),  (0.339010,  0.556815)
(-0.840215,  -0.318497,  0.325892),  (0.602526,  0.730460)
(-0.989623,  -0.318497,  0.325892),  (0.600677,  0.654608)
(-0.786499,  0.106572,  0.052602),  (0.111390,  0.440201)
(-0.786499,  0.106572,  0.052602),  (0.301841,  0.643216)
(-0.786499,  0.106572,  0.052602),  (0.826149,  0.948631)
(-0.786499,  0.106572,  0.052602),  (0.826149,  0.948631)
(-0.989623,  0.106572,  0.052602),  (0.301841,  0.556815)
(-0.840215,  -0.393428,  0.325892),  (0.563107,  0.730460)
(-0.989623,  -0.393428,  0.325892),  (0.562579,  0.655317)
(0.640784,  -0.893428,  0.000000),  (0.141143,  0.926180)
(0.754450,  -0.873780,  0.006995),  (0.145100,  0.964882)
(0.786191,  -0.837607,  0.011895),  (0.147871,  0.975690)
(0.786191,  -0.736105,  0.011895),  (0.269717,  0.975690)
(0.754450,  -0.699932,  0.006995),  (0.272488,  0.964882)
(0.640784,  -0.680284,  0.052602),  (0.246692,  0.926180)
(0.753731,  -0.699932,  0.052602),  (0.244855,  0.964637)
(0.786499,  -0.736105,  0.052602),  (0.233369,  0.975795)
(0.786499,  -0.837607,  0.052602),  (0.186045,  0.975795)
(0.753731,  -0.873780,  0.052602),  (0.174558,  0.964637)
(0.640784,  -0.680284,  0.000000),  (0.276445,  0.926180)
(-0.786499,  -0.680284,  0.052602),  (0.412199,  0.948634)
(-0.786499,  -0.893428,  0.000000),  (0.804655,  0.644970)
(-0.786499,  -0.893428,  0.052602),  (0.170896,  0.440201)
(0.640784,  -0.893428,  0.052602),  (0.170896,  0.926180)
(-0.989623,  -0.893428,  0.000000),  (0.805408,  0.558568)
(-0.933438,  -0.393428,  0.052602),  (0.589283,  0.514419)
(-0.989623,  -0.893428,  0.052602),  (0.295514,  0.845290)
(-0.786499,  -0.680284,  0.000000),  (0.276445,  0.440201)
(-0.786499,  -0.893428,  0.052602),  (0.170896,  0.440201)
(0.579563,  -0.870237,  0.000000),  (0.033348,  0.378042)
(0.270681,  -0.870237,  0.000000),  (0.325606,  0.808868)
(0.579563,  -0.703475,  0.000000),  (0.033348,  0.440201)
(0.270681,  -0.703475,  0.000000),  (0.211945,  0.800162)
(0.579563,  -0.703475,  0.052602),  (0.003595,  0.440200)
(0.270681,  -0.703475,  0.052602),  (0.241698,  0.800162)
(0.579563,  -0.870237,  0.052602),  (0.003595,  0.378042)
(0.270681,  -0.870237,  0.052602),  (0.288755,  0.808868)
(-0.786499,  -0.893428,  0.052602),  (0.841824,  0.644970)
(-0.786499,  -0.893428,  0.052602),  (0.300067,  0.948635)
(-0.840215,  -0.468359,  0.325892),  (0.523687,  0.730461)
(-0.840116,  -0.393428,  0.325388),  (0.563107,  0.730862)
(-0.786499,  -0.893428,  0.052602),  (0.300067,  0.948635)
(-0.989623,  -0.468359,  0.325892),  (0.526062,  0.654704)
(-0.989623,  0.094605,  0.007886),  (0.333437,  0.551242)
(-0.989623,  -0.881461,  0.007886),  (0.814128,  0.547935)
(-0.989623,  -0.881461,  0.049278),  (0.804553,  0.270461)
(-0.989623,  -0.463488,  0.318006),  (0.639460,  0.270461)
(-0.989623,  -0.393428,  0.318006),  (0.606837,  0.270461)
(-0.989623,  -0.323368,  0.318006),  (0.574214,  0.270461)
(-0.989623,  0.094605,  0.049278),  (0.304189,  0.551242)
(-0.989623,  0.093657,  0.000000),  (0.339010,  0.550801)
(-0.989623,  -0.882756,  0.000000),  (0.806517,  0.546820)
(-0.933438,  0.094605,  0.007886),  (0.389515,  0.554480)
(-0.933438,  -0.881461,  0.007886),  (0.804553,  0.554480)
(-0.933438,  -0.881461,  0.049278),  (0.804553,  0.514419)
(-0.933438,  -0.463488,  0.318006),  (0.639460,  0.319523)
(-0.933438,  -0.393428,  0.318006),  (0.606837,  0.319523)
(-0.933438,  -0.323368,  0.318006),  (0.574214,  0.319523)
(-0.933438,  0.094605,  0.049278),  (0.304189,  0.527343)
(0.391640,  -0.068760,  0.002070),  (0.764736,  0.226058)
(0.355483,  -0.068760,  -0.018532),  (0.740309,  0.218121)
(0.311761,  -0.068760,  -0.004198),  (0.740309,  0.192436)
(0.320896,  -0.068760,  0.025263),  (0.764736,  0.184500)
(0.370264,  -0.068760,  0.029137),  (0.779833,  0.205279)
(0.391640,  0.073158,  0.002070),  (0.749499,  0.222557)
(0.355483,  0.073158,  -0.018532),  (0.734116,  0.243125)
(0.311761,  0.073158,  -0.004198),  (0.748924,  0.264111)
(0.320896,  0.073158,  0.025263),  (0.773459,  0.256513)
(0.370264,  0.073158,  0.029137),  (0.773814,  0.230831)
(0.566729,  -0.077935,  -0.005553),  (0.880378,  0.107633)
(0.544626,  -0.077935,  -0.033182),  (0.889089,  0.089545)
(0.494963,  -0.077935,  -0.040005),  (0.908661,  0.085078)
(0.455136,  -0.077935,  -0.020886),  (0.924357,  0.097595)
(0.455136,  -0.077935,  0.009780),  (0.924357,  0.117671)
(0.494963,  -0.077935,  0.028899),  (0.908661,  0.130187)
(0.544626,  -0.077935,  0.022076),  (0.889089,  0.125720)
(0.566729,  0.080875,  -0.005553),  (0.920156,  0.151615)
(0.544626,  0.080875,  -0.033182),  (0.911445,  0.133527)
(0.494963,  0.080875,  -0.040005),  (0.891873,  0.129060)
(0.455136,  0.080875,  -0.020886),  (0.876177,  0.141577)
(0.455136,  0.080875,  0.009780),  (0.876177,  0.161653)
(0.494963,  0.080875,  0.028899),  (0.891873,  0.174170)
(0.544626,  0.080875,  0.022076),  (0.911445,  0.169703)
(0.150237,  -0.084323,  0.002231),  (0.839444,  0.965890)
(0.551656,  -0.084323,  -0.026880),  (0.999607,  0.971874)
(0.150237,  -0.069495,  0.002231),  (0.839444,  0.971874)
(0.551656,  -0.069495,  -0.026880),  (0.987426,  0.971874)
(0.157373,  -0.084323,  0.033675),  (0.839444,  0.946596)
(0.558792,  -0.084323,  0.004564),  (0.999607,  0.991166)
(0.157373,  -0.069495,  0.033675),  (0.839444,  0.991166)
(0.558792,  -0.069495,  0.004564),  (0.987426,  0.991166)
(0.389998,  -0.856629,  -0.001644),  (0.733731,  0.127096)
(0.349107,  -0.856629,  -0.018740),  (0.741431,  0.103214)
(0.309462,  -0.856629,  -0.000613),  (0.766523,  0.103158)
(0.325850,  -0.856629,  0.027687),  (0.774330,  0.127004)
(0.375625,  -0.856629,  0.027049),  (0.754064,  0.141798)
(0.389998,  -0.714712,  -0.001644),  (0.775422,  0.159433)
(0.349107,  -0.714712,  -0.018740),  (0.755362,  0.144360)
(0.309462,  -0.714712,  -0.000613),  (0.734827,  0.158780)
(0.325850,  -0.714712,  0.027687),  (0.742196,  0.182765)
(0.375625,  -0.714712,  0.027049),  (0.767285,  0.183169)
(0.150237,  -0.872193,  0.002231),  (0.849548,  0.440459)
(0.551656,  -0.872193,  -0.026880),  (0.987760,  0.440459)
(0.150237,  -0.857365,  0.002231),  (0.849405,  0.398790)
(0.551656,  -0.857365,  -0.026880),  (0.987903,  0.398790)
(0.157373,  -0.872193,  0.033675),  (0.849548,  0.422419)
(0.558792,  -0.872193,  0.004564),  (0.987760,  0.422419)
(0.157373,  -0.857365,  0.033675),  (0.849864,  0.416856)
(0.558792,  -0.857365,  0.004564),  (0.987444,  0.416856)
(0.566729,  -0.865805,  -0.005553),  (0.689455,  0.243419)
(0.544626,  -0.865805,  -0.033182),  (0.698165,  0.225332)
(0.494963,  -0.865805,  -0.040005),  (0.717738,  0.220864)
(0.455136,  -0.865805,  -0.020886),  (0.733433,  0.233381)
(0.455136,  -0.865805,  0.009780),  (0.733433,  0.253457)
(0.494963,  -0.865805,  0.028899),  (0.717738,  0.265974)
(0.544626,  -0.865805,  0.022076),  (0.698165,  0.261507)
(0.566729,  -0.706995,  -0.005553),  (0.688729,  0.244370)
(0.544626,  -0.706995,  -0.033182),  (0.680019,  0.226282)
(0.494963,  -0.706995,  -0.040005),  (0.660447,  0.221815)
(0.455136,  -0.706995,  -0.020886),  (0.644751,  0.234332)
(0.455136,  -0.706995,  0.009780),  (0.644751,  0.254408)
(0.494963,  -0.706995,  0.028899),  (0.660447,  0.266924)
(0.544626,  -0.706995,  0.022076),  (0.680019,  0.262457)
(0.150237,  -0.716402,  0.002231),  (0.987550,  0.350636)
(0.551656,  -0.716402,  -0.026880),  (0.849338,  0.350636)
(0.150237,  -0.701575,  0.002231),  (0.987693,  0.392305)
(0.551656,  -0.701575,  -0.026880),  (0.849194,  0.392305)
(0.157373,  -0.716402,  0.033675),  (0.987550,  0.368676)
(0.558792,  -0.716402,  0.004564),  (0.849338,  0.368676)
(0.157373,  -0.701575,  0.033675),  (0.987693,  0.374239)
(0.558792,  -0.701575,  0.004564),  (0.849194,  0.374239)
(0.150237,  0.071468,  0.002231),  (0.849548,  0.462813)
(0.551656,  0.071468,  -0.026880),  (0.993008,  0.468319)
(0.150237,  0.086295,  0.002231),  (0.849864,  0.468376)
(0.551656,  0.086295,  -0.026880),  (0.987444,  0.468376)
(0.157373,  0.071468,  0.033675),  (0.849548,  0.444773)
(0.558792,  0.071468,  0.004564),  (0.993462,  0.486216)
(0.157373,  0.086295,  0.033675),  (0.849405,  0.486442)
(0.558792,  0.086295,  0.004564),  (0.987903,  0.486442)
(-1.010422,  -0.463179,  0.282689),  (0.608007,  0.099025)
(-0.863551,  -0.463179,  0.282689),  (0.575798,  0.004586)
(-1.010422,  -0.325535,  0.282689),  (0.479745,  0.099025)
(-0.863551,  -0.325535,  0.282689),  (0.479745,  0.036795)
(-1.010422,  -0.463179,  0.328450),  (0.575798,  0.099025)
(-0.863551,  -0.463179,  0.328450),  (0.575798,  0.036795)
(-1.010422,  -0.325535,  0.328450),  (0.511954,  0.099025)
(-0.863551,  -0.325535,  0.328450),  (0.511954,  0.036795)
(-1.097210,  -0.364963,  0.282689),  (0.530242,  0.168007)
(-1.097210,  -0.423752,  0.282689),  (0.557510,  0.168007)
(-1.063175,  -0.454842,  0.328450),  (0.575798,  0.121377)
(-1.097210,  -0.364963,  0.328450),  (0.530242,  0.135798)
(-1.016675,  -0.333872,  0.282689),  (0.479745,  0.101675)
(-1.016675,  -0.454842,  0.282689),  (0.608007,  0.101675)
(-1.016675,  -0.454842,  0.328450),  (0.571931,  0.101675)
(-1.016675,  -0.333872,  0.328450),  (0.511954,  0.101675)
(-1.063175,  -0.333872,  0.282689),  (0.479745,  0.121377)
(-1.063175,  -0.454842,  0.282689),  (0.608007,  0.121377)
(-1.097210,  -0.423752,  0.328450),  (0.557510,  0.135798)
(-1.063175,  -0.333872,  0.328450),  (0.511954,  0.121377)
(-1.093428,  -0.347690,  0.282689),  (0.479745,  0.134195)
(-1.093428,  -0.441024,  0.282689),  (0.608007,  0.134195)
(-1.093428,  -0.441024,  0.328450),  (0.575798,  0.134195)
(-1.093428,  -0.347690,  0.328450),  (0.511954,  0.134195)
(-1.021185,  -0.395530,  0.180580),  (0.357908,  0.044838)
(-1.020862,  -0.351015,  0.180580),  (0.383530,  0.044669)
(-1.143629,  -0.318217,  0.180580),  (0.402407,  0.109220)
(-1.187454,  -0.336500,  0.180580),  (0.391883,  0.132263)
(-1.213501,  -0.373524,  0.180580),  (0.370573,  0.145958)
(-1.213501,  -0.417535,  0.180580),  (0.345240,  0.145958)
(-1.187454,  -0.454559,  0.180580),  (0.323930,  0.132262)
(-1.143629,  -0.472842,  0.180580),  (0.313407,  0.109219)
(-1.020862,  -0.440044,  0.180580),  (0.332285,  0.044668)
(-1.021185,  -0.395530,  0.248003),  (0.357906,  0.146128)
(-1.020862,  -0.351015,  0.248003),  (0.332284,  0.145958)
(-1.143629,  -0.318217,  0.248003),  (0.313405,  0.210508)
(-1.187454,  -0.336500,  0.248003),  (0.323928,  0.233552)
(-1.213501,  -0.373524,  0.248003),  (0.345239,  0.247248)
(-1.213501,  -0.417535,  0.248003),  (0.370571,  0.247248)
(-1.187454,  -0.454559,  0.248003),  (0.391882,  0.233553)
(-1.143629,  -0.472842,  0.248003),  (0.402406,  0.210510)
(-1.020862,  -0.440044,  0.248003),  (0.383529,  0.145959)
(-1.105333,  -0.446197,  0.231050),  (0.971763,  0.799450)
(-1.076708,  -0.446197,  0.248336),  (0.971763,  0.759282)
(-1.105333,  -0.436020,  0.231050),  (0.971763,  0.815033)
(-1.076708,  -0.436020,  0.248336),  (0.971763,  0.855201)
(-1.196540,  -0.446197,  0.285780),  (0.844184,  0.799450)
(-1.167915,  -0.446197,  0.303066),  (0.844184,  0.759282)
(-1.196540,  -0.436020,  0.285780),  (0.844184,  0.815033)
(-1.167915,  -0.436020,  0.303066),  (0.844184,  0.855201)
(-0.963623,  -0.429701,  0.046409),  (0.822791,  0.255218)
(-1.000563,  -0.429701,  0.075742),  (0.803106,  0.255280)
(-1.057983,  -0.429701,  0.088396),  (0.786512,  0.244691)
(-1.117652,  -0.429701,  0.080354),  (0.778277,  0.226811)
(-1.160627,  -0.429701,  0.054168),  (0.781017,  0.207317)
(-1.173261,  -0.429701,  0.018154),  (0.793861,  0.192399)
(-1.151545,  -0.429701,  -0.016256),  (0.812730,  0.186793)
(-1.102374,  -0.429701,  -0.038136),  (0.831636,  0.192279)
(-1.041358,  -0.429701,  -0.040539),  (0.844574,  0.207115)
(-0.987869,  -0.429701,  -0.022702),  (0.847437,  0.226590)
(-0.958891,  -0.429701,  0.009711),  (0.839317,  0.244523)
(-0.963623,  -0.484310,  0.046409),  (0.822725,  0.183326)
(-1.000563,  -0.484310,  0.075742),  (0.839276,  0.172669)
(-1.057983,  -0.484310,  0.088396),  (0.847438,  0.154755)
(-1.117652,  -0.484310,  0.080354),  (0.844619,  0.135273)
(-1.160627,  -0.484310,  0.054168),  (0.831715,  0.120408)
(-1.173261,  -0.484310,  0.018154),  (0.812822,  0.114879)
(-1.151545,  -0.484310,  -0.016256),  (0.793939,  0.120441)
(-1.102374,  -0.484310,  -0.038136),  (0.781061,  0.135330)
(-1.041358,  -0.484310,  -0.040539),  (0.778277,  0.154817)
(-0.987869,  -0.484310,  -0.022702),  (0.786471,  0.172716)
(-0.958891,  -0.484310,  0.009711),  (0.803040,  0.183344)
(-1.006721,  -0.392570,  0.090516),  (0.057323,  0.060768)
(-1.035567,  -0.346929,  0.090516),  (0.049534,  0.074260)
(-1.093259,  -0.346929,  0.090516),  (0.033956,  0.074260)
(-1.122104,  -0.392570,  0.090516),  (0.026167,  0.060768)
(-1.093259,  -0.438210,  0.090516),  (0.033956,  0.047277)
(-1.035567,  -0.438210,  0.090516),  (0.049534,  0.047277)
(-1.046040,  -0.392570,  0.258598),  (0.046706,  0.033786)
(-1.055226,  -0.378035,  0.258598),  (0.044225,  0.029490)
(-1.073599,  -0.378035,  0.258598),  (0.039264,  0.029490)
(-1.082785,  -0.392570,  0.258598),  (0.036784,  0.033786)
(-1.073599,  -0.407104,  0.258598),  (0.039264,  0.038082)
(-1.055226,  -0.407104,  0.258598),  (0.044225,  0.038083)
(-1.046040,  -0.392570,  0.302430),  (0.055919,  0.037012)
(-1.055226,  -0.378035,  0.302430),  (0.055919,  0.054375)
(-1.073599,  -0.378035,  0.302430),  (0.055919,  0.049414)
(-1.082785,  -0.392570,  0.302430),  (0.055919,  0.046934)
(-1.073599,  -0.407104,  0.302430),  (0.055919,  0.044453)
(-1.055226,  -0.407104,  0.302430),  (0.055919,  0.039492)
(-1.035567,  -0.346929,  0.257390),  (0.049534,  0.020295)
(-1.006721,  -0.392570,  0.257390),  (0.057323,  0.033786)
(-1.093259,  -0.346929,  0.257390),  (0.033956,  0.020295)
(-1.122104,  -0.392570,  0.257390),  (0.026167,  0.033786)
(-1.093259,  -0.438210,  0.257390),  (0.033956,  0.047277)
(-1.035567,  -0.438210,  0.257390),  (0.049534,  0.047277)
(-1.050224,  -0.370120,  0.090516),  (0.160855,  0.044970)
(-1.036035,  -0.392570,  0.090516),  (0.160855,  0.051606)
(-1.050224,  -0.415019,  0.090516),  (0.160855,  0.058242)
(-1.078601,  -0.415019,  0.090516),  (0.160855,  0.024035)
(-1.092790,  -0.392570,  0.090516),  (0.160855,  0.030671)
(-1.078601,  -0.370120,  0.090516),  (0.160855,  0.037307)
(-1.050224,  -0.370120,  0.003548),  (0.199866,  0.044970)
(-1.036035,  -0.392570,  0.003548),  (0.199866,  0.051606)
(-1.050224,  -0.415019,  0.003548),  (0.199866,  0.058242)
(-1.078601,  -0.415019,  0.003548),  (0.199866,  0.024035)
(-1.092790,  -0.392570,  0.003548),  (0.199866,  0.030671)
(-1.078601,  -0.370120,  0.003548),  (0.199866,  0.037307)
(-0.963623,  -0.306422,  0.046409),  (0.821488,  0.112095)
(-1.000563,  -0.306422,  0.075742),  (0.801803,  0.112158)
(-1.057983,  -0.306422,  0.088396),  (0.785209,  0.101568)
(-1.117652,  -0.306422,  0.080354),  (0.776975,  0.083688)
(-1.160627,  -0.306422,  0.054168),  (0.779714,  0.064194)
(-1.173261,  -0.306422,  0.018154),  (0.792558,  0.049277)
(-1.151545,  -0.306422,  -0.016256),  (0.811428,  0.043670)
(-1.102374,  -0.306422,  -0.038136),  (0.830333,  0.049156)
(-1.041358,  -0.306422,  -0.040539),  (0.843272,  0.063992)
(-0.987869,  -0.306422,  -0.022702),  (0.846135,  0.083468)
(-0.958891,  -0.306422,  0.009711),  (0.838014,  0.101400)
(-0.963623,  -0.361032,  0.046409),  (0.890513,  0.079206)
(-1.000563,  -0.361032,  0.075742),  (0.907064,  0.068549)
(-1.057983,  -0.361032,  0.088396),  (0.915225,  0.050635)
(-1.117652,  -0.361032,  0.080354),  (0.912407,  0.031153)
(-1.160627,  -0.361032,  0.054168),  (0.899502,  0.016287)
(-1.173261,  -0.361032,  0.018154),  (0.880609,  0.010758)
(-1.151545,  -0.361032,  -0.016256),  (0.861727,  0.016321)
(-1.102374,  -0.361032,  -0.038136),  (0.848849,  0.031210)
(-1.041358,  -0.361032,  -0.040539),  (0.846064,  0.050697)
(-0.987869,  -0.361032,  -0.022702),  (0.854258,  0.068596)
(-0.958891,  -0.361032,  0.009711),  (0.870828,  0.079224)
(-1.201522,  -0.351072,  0.253781),  (0.211292,  0.307839)
(-1.095259,  -0.351072,  0.251216),  (0.211292,  0.341683)
(-1.170005,  -0.369556,  0.757021),  (0.261186,  0.256236)
(-1.117476,  -0.369556,  0.757021),  (0.123403,  0.103696)
(-1.117476,  -0.365382,  0.350246),  (0.124857,  0.318910)
(-1.170005,  -0.365382,  0.350246),  (0.261951,  0.041418)
(-1.117476,  -0.369556,  0.733204),  (0.123403,  0.116298)
(-1.170005,  -0.369556,  0.733204),  (0.261951,  0.244430)
(-1.118095,  -0.351072,  0.350093),  (0.129846,  0.319631)
(-1.176978,  -0.351072,  0.350093),  (0.040505,  0.319636)
(-1.170005,  -0.200251,  0.788353),  (0.320216,  0.272813)
(-1.117476,  -0.200251,  0.788353),  (0.182433,  0.087119)
(-1.117476,  -0.183972,  0.767151),  (0.288463,  0.001286)
(-1.170005,  -0.183972,  0.767151),  (0.325891,  0.261596)
(-1.170005,  -0.127849,  0.916503),  (0.345459,  0.340615)
(-1.117476,  -0.127849,  0.916503),  (0.207676,  0.019318)
(-1.117476,  -0.095404,  0.926998),  (0.378859,  0.001286)
(-1.170005,  -0.095404,  0.926998),  (0.356771,  0.346168)
(-1.170005,  -0.170548,  0.929605),  (0.330572,  0.347547)
(-1.117476,  -0.170548,  0.929605),  (0.192789,  0.012386)
(-1.117476,  -0.168396,  0.953380),  (0.267053,  0.236414)
(-1.170005,  -0.168396,  0.953380),  (0.331322,  0.360126)
(-1.174391,  -0.396758,  0.936292),  (0.052026,  0.317820)
(-1.126522,  -0.396650,  0.928207),  (0.038534,  0.317786)
(-1.170005,  -0.154424,  0.807540),  (0.336194,  0.282965)
(-1.117476,  -0.154424,  0.807540),  (0.198411,  0.076968)
(-1.117476,  -0.138183,  0.786318),  (0.304427,  0.001286)
(-1.170005,  -0.138183,  0.786318),  (0.341856,  0.271736)
(-1.170005,  -0.126649,  0.826677),  (0.345878,  0.293090)
(-1.117476,  -0.126649,  0.826677),  (0.208095,  0.066843)
(-1.117476,  -0.094012,  0.826162),  (0.325508,  0.001286)
(-1.170005,  -0.094012,  0.826162),  (0.357257,  0.292817)
(-1.107218,  -0.358438,  0.959461),  (0.215356,  0.123191)
(-1.180263,  -0.358438,  0.959461),  (0.006667,  0.122704)
(-1.104619,  -0.355940,  0.734221),  (0.215354,  0.242645)
(-1.182862,  -0.355940,  0.734221),  (0.006666,  0.244535)
(-1.170005,  -0.171633,  0.929605),  (0.307831,  0.343516)
(-1.117476,  -0.171633,  0.929605),  (0.312378,  0.332515)
(-1.117476,  -0.169481,  0.953380),  (0.301645,  0.343579)
(-1.170005,  -0.169481,  0.953380),  (0.307441,  0.331989)
(-1.160959,  -0.396650,  0.928207),  (0.048240,  0.317786)
(-1.113090,  -0.396758,  0.936292),  (0.034748,  0.317820)
(-1.160959,  -0.173679,  0.927877),  (0.048240,  0.248990)
(-1.174391,  -0.173420,  0.935961),  (0.052026,  0.248910)
(-1.113090,  -0.173420,  0.935961),  (0.034748,  0.248910)
(-1.126522,  -0.173679,  0.927877),  (0.038534,  0.248990)
(-1.126522,  -0.172789,  0.955646),  (0.269934,  0.234882)
(-1.113090,  -0.173048,  0.947562),  (0.265656,  0.234792)
(-1.174391,  -0.173048,  0.947562),  (0.285180,  0.234792)
(-1.160959,  -0.172789,  0.955646),  (0.280902,  0.234882)
(-1.113090,  -0.396859,  0.947914),  (0.265656,  0.156759)
(-1.107218,  -0.435280,  0.959461),  (0.187915,  0.123190)
(-1.180263,  -0.435280,  0.959461),  (0.163620,  0.123190)
(-1.117476,  -0.428337,  0.350246),  (0.240979,  0.057551)
(-1.117476,  -0.424163,  0.733204),  (0.402732,  0.019592)
(-1.117476,  -0.424163,  0.757021),  (0.104364,  0.103696)
(-1.095259,  -0.442647,  0.251216),  (0.243220,  0.341683)
(-1.201522,  -0.442647,  0.253781),  (0.243220,  0.307839)
(-1.176978,  -0.442647,  0.350093),  (0.235454,  0.039199)
(-1.118095,  -0.442647,  0.350093),  (0.235454,  0.057551)
(-1.170005,  -0.428337,  0.350246),  (0.240979,  0.041418)
(-1.170005,  -0.424163,  0.733204),  (0.240979,  0.243635)
(-1.170005,  -0.424163,  0.757021),  (0.242148,  0.256236)
(-1.117476,  -0.593468,  0.788353),  (0.045335,  0.087118)
(-1.170005,  -0.593468,  0.788353),  (0.183119,  0.272813)
(-1.117476,  -0.609746,  0.767151),  (0.338028,  0.019592)
(-1.170005,  -0.609746,  0.767151),  (0.177443,  0.261596)
(-1.170005,  -0.639295,  0.807540),  (0.167140,  0.282965)
(-1.117476,  -0.639295,  0.807540),  (0.029357,  0.076967)
(-1.117476,  -0.667070,  0.826677),  (0.019674,  0.066842)
(-1.170005,  -0.667070,  0.826677),  (0.157457,  0.293090)
(-1.117476,  -0.655535,  0.786318),  (0.322063,  0.019592)
(-1.117476,  -0.699706,  0.826162),  (0.300982,  0.019592)
(-1.170005,  -0.655535,  0.786318),  (0.161478,  0.271736)
(-1.170005,  -0.699706,  0.826162),  (0.146078,  0.292817)
(-1.117476,  -0.665870,  0.916503),  (0.020092,  0.019316)
(-1.170005,  -0.665870,  0.916503),  (0.157875,  0.340615)
(-1.117476,  -0.698314,  0.926998),  (0.247632,  0.019592)
(-1.170005,  -0.698314,  0.926998),  (0.146563,  0.346168)
(-1.117476,  -0.623171,  0.929605),  (0.034980,  0.012384)
(-1.170005,  -0.623171,  0.929605),  (0.172762,  0.347547)
(-1.117476,  -0.625323,  0.953380),  (0.267053,  0.077104)
(-1.170005,  -0.625323,  0.953380),  (0.172012,  0.360126)
(-1.117476,  -0.622086,  0.929605),  (0.310661,  0.337883)
(-1.126522,  -0.620040,  0.927877),  (0.060516,  0.186651)
(-1.160959,  -0.620040,  0.927877),  (0.070222,  0.186651)
(-1.170005,  -0.622086,  0.929605),  (0.307441,  0.337906)
(-1.117476,  -0.624238,  0.953380),  (0.295660,  0.341874)
(-1.113090,  -0.620671,  0.947562),  (0.265656,  0.078726)
(-1.113090,  -0.620299,  0.935961),  (0.056730,  0.186731)
(-1.170005,  -0.624238,  0.953380),  (0.310923,  0.332054)
(-1.160959,  -0.620930,  0.955646),  (0.280902,  0.078636)
(-1.126522,  -0.620930,  0.955646),  (0.269934,  0.078636)
(-1.174391,  -0.620299,  0.935961),  (0.074008,  0.186731)
(-1.174391,  -0.620671,  0.947562),  (0.285180,  0.078726)
(-1.104619,  -0.437779,  0.734221),  (0.187914,  0.242644)
(-1.182862,  -0.437779,  0.734221),  (0.163619,  0.242644)
(-1.126522,  -0.397069,  0.928207),  (0.060516,  0.117855)
(-1.160959,  -0.397069,  0.928207),  (0.070222,  0.117855)
(-1.113090,  -0.396859,  0.943823),  (0.113885,  0.004863)
(-1.113090,  -0.396960,  0.936292),  (0.056730,  0.117821)
(-1.160959,  -0.396859,  0.955999),  (0.280902,  0.156759)
(-1.126522,  -0.396859,  0.955999),  (0.269934,  0.156759)
(-1.174391,  -0.396960,  0.936292),  (0.074008,  0.117821)
(-1.174391,  -0.396859,  0.943823),  (0.251667,  0.355069)
(-1.174391,  -0.396859,  0.947914),  (0.285180,  0.156759)
(-1.124350,  -0.435395,  0.910259),  (0.155288,  0.148046)
(-1.163131,  -0.435395,  0.910259),  (0.009606,  0.248378)
(-1.165491,  -0.437664,  0.783423),  (0.155287,  0.230814)
(-1.121990,  -0.437664,  0.783423),  (0.155287,  0.216651)
(-1.124350,  -0.411120,  0.910070),  (0.146635,  0.148046)
(-1.163131,  -0.411120,  0.910070),  (0.018259,  0.248378)
(-1.165491,  -0.413388,  0.783235),  (0.146635,  0.230814)
(-1.121990,  -0.413388,  0.783235),  (0.146635,  0.216651)
(-1.176751,  -0.377332,  0.266430),  (0.336138,  0.295274)
(-1.139911,  -0.377332,  0.263070),  (0.184090,  0.297157)
(-1.139911,  -0.416386,  0.263070),  (0.184090,  0.283541)
(-1.176751,  -0.416386,  0.266430),  (0.307441,  0.329177)
(-1.176751,  -0.377332,  0.242013),  (0.323220,  0.295274)
(-1.139911,  -0.377332,  0.238653),  (0.171171,  0.297157)
(-1.139911,  -0.416386,  0.238653),  (0.171171,  0.283541)
(-1.176751,  -0.416386,  0.242013),  (0.294522,  0.329177)
(-1.145939,  -0.568051,  0.817187),  (0.977637,  0.883122)
(-1.139901,  -0.568051,  0.817187),  (0.977637,  0.887904)
(-1.146436,  -0.405668,  0.858997),  (0.847564,  0.883122)
(-1.129293,  -0.409120,  0.864642),  (0.847580,  0.896959)
(-1.154622,  -0.577695,  0.832958),  (0.977603,  0.859645)
(-1.131218,  -0.577695,  0.832958),  (0.977638,  0.911390)
(-1.156547,  -0.416899,  0.877361),  (0.847598,  0.859645)
(-1.129293,  -0.416899,  0.877361),  (0.847562,  0.911390)
(-1.154622,  -0.571016,  0.822035),  (0.977603,  0.874065)
(-1.131218,  -0.571016,  0.822035),  (0.977620,  0.896959)
(-1.156547,  -0.409120,  0.864642),  (0.847598,  0.874065)
(-1.139405,  -0.405668,  0.858997),  (0.847564,  0.887904)
(-1.076988,  -0.433313,  0.004530),  (0.983425,  0.619099)
(-1.058125,  -0.433313,  0.004530),  (0.983425,  0.528471)
(-1.076988,  -0.354554,  0.004530),  (0.850320,  0.619099)
(-1.058125,  -0.354554,  0.004530),  (0.850320,  0.528471)
(-1.076988,  -0.433313,  0.016522),  (0.983425,  0.588346)
(-1.058125,  -0.433313,  0.016522),  (0.983425,  0.559225)
(-1.076988,  -0.354554,  0.016522),  (0.850320,  0.588346)
(-1.058125,  -0.354554,  0.016522),  (0.850320,  0.559225)
(-1.105333,  -0.355693,  0.231050),  (0.971416,  0.684576)
(-1.076708,  -0.355693,  0.248336),  (0.971416,  0.644658)
(-1.105333,  -0.345516,  0.231050),  (0.971416,  0.699993)
(-1.076708,  -0.345516,  0.248336),  (0.971700,  0.739914)
(-1.196540,  -0.355693,  0.285780),  (0.845193,  0.684576)
(-1.167915,  -0.355693,  0.303066),  (0.845193,  0.644658)
(-1.196540,  -0.345516,  0.285780),  (0.845193,  0.699993)
(-1.167915,  -0.345516,  0.303066),  (0.844908,  0.739914)
(-0.786499,  0.106572,  0.000000),  (0.339010,  0.643216)
(-0.786499,  -0.893428,  0.000000),  (0.141143,  0.440201)
(-0.957724,  0.106572,  0.000000),  (0.339010,  0.571260)
(-0.957724,  -0.893428,  0.000000),  (0.804655,  0.571260)
(-0.956972,  -0.881461,  0.007886),  (0.804553,  0.564631)
(-0.956972,  0.094605,  0.007886),  (0.383698,  0.564631)
(-0.956972,  0.093657,  0.000000),  (0.384140,  0.570203)
(-0.956972,  -0.882756,  0.000000),  (0.804553,  0.570203)
