(-1.096081,  1.368357,  0.399188),  (0.542040,  0.163980)
(-0.916612,  1.423822,  0.161822),  (0.546763,  0.227365)
(-0.834836,  1.403140,  0.345683),  (0.577029,  0.201713)
(-0.916612,  1.423822,  0.161822),  (0.546763,  0.227365)
(-1.096081,  1.368357,  0.399188),  (0.542040,  0.163980)
(-1.093750,  1.374967,  0.138659),  (0.508828,  0.202083)
(-1.093750,  1.374967,  0.138659),  (0.508828,  0.202083)
(-1.096081,  1.368357,  0.399188),  (0.542040,  0.163980)
(-1.220634,  1.323494,  0.251796),  (0.496207,  0.158534)
(-1.220634,  1.323494,  0.251796),  (0.496207,  0.158534)
(-1.096081,  1.368357,  0.399188),  (0.542040,  0.163980)
(-1.297076,  1.331146,  0.446852),  (0.518164,  0.132166)
(-0.959455,  1.236290,  0.349628),  (0.425968,  0.138296)
(-1.093750,  1.374967,  0.138659),  (0.508828,  0.202083)
(-1.220634,  1.323494,  0.251796),  (0.496207,  0.158534)
(-0.959455,  1.236290,  0.349628),  (0.425968,  0.138296)
(-1.220634,  1.323494,  0.251796),  (0.496207,  0.158534)
(-1.211838,  1.227902,  0.356148),  (0.457137,  0.105548)
(-0.959455,  1.236290,  0.349628),  (0.425968,  0.138296)
(-1.166177,  1.181742,  0.354795),  (0.433279,  0.086238)
(-1.017328,  1.160108,  0.237802),  (0.397615,  0.091864)
(-0.959455,  1.236290,  0.349628),  (0.425968,  0.138296)
(-1.211838,  1.227902,  0.356148),  (0.457137,  0.105548)
(-1.166177,  1.181742,  0.354795),  (0.433279,  0.086238)
(-1.297076,  1.331146,  0.446852),  (0.518164,  0.132166)
(-1.232262,  1.244847,  0.504423),  (0.483695,  0.089651)
(-1.220634,  1.323494,  0.251796),  (0.496207,  0.158534)
(-1.211838,  1.227902,  0.356148),  (0.457137,  0.105548)
(-1.220634,  1.323494,  0.251796),  (0.496207,  0.158534)
(-1.232262,  1.244847,  0.504423),  (0.483695,  0.089651)
(-1.170437,  1.191864,  0.538919),  (0.461129,  0.061527)
(-1.211838,  1.227902,  0.356148),  (0.457137,  0.105548)
(-1.232262,  1.244847,  0.504423),  (0.483695,  0.089651)
(-1.211838,  1.227902,  0.356148),  (0.457137,  0.105548)
(-1.170437,  1.191864,  0.538919),  (0.461129,  0.061527)
(-1.166177,  1.181742,  0.354795),  (0.433279,  0.086238)
(-1.199516,  1.254538,  0.707750),  (0.514767,  0.064685)
(-1.170437,  1.191864,  0.538919),  (0.461129,  0.061527)
(-1.232262,  1.244847,  0.504423),  (0.483695,  0.089651)
(-1.170437,  1.191864,  0.538919),  (0.461129,  0.061527)
(-1.199516,  1.254538,  0.707750),  (0.514767,  0.064685)
(-1.176295,  1.211262,  0.760133),  (0.500570,  0.038045)
(-1.222167,  1.328676,  0.627848),  (0.540543,  0.108998)
(-1.232262,  1.244847,  0.504423),  (0.483695,  0.089651)
(-1.297076,  1.331146,  0.446852),  (0.518164,  0.132166)
(-1.232262,  1.244847,  0.504423),  (0.483695,  0.089651)
(-1.222167,  1.328676,  0.627848),  (0.540543,  0.108998)
(-1.199516,  1.254538,  0.707750),  (0.514767,  0.064685)
(-1.096081,  1.368357,  0.399188),  (0.542040,  0.163980)
(-1.053524,  1.360245,  0.623627),  (0.570905,  0.130645)
(-1.222167,  1.328676,  0.627848),  (0.540543,  0.108998)
(-1.222167,  1.328676,  0.627848),  (0.540543,  0.108998)
(-1.297076,  1.331146,  0.446852),  (0.518164,  0.132166)
(-1.096081,  1.368357,  0.399188),  (0.542040,  0.163980)
(-1.222167,  1.328676,  0.627848),  (0.540543,  0.108998)
(-1.116113,  1.322037,  0.971745),  (0.584790,  0.060156)
(-1.199516,  1.254538,  0.707750),  (0.514767,  0.064685)
(-1.116113,  1.322037,  0.971745),  (0.584790,  0.060156)
(-1.183178,  1.280974,  0.990779),  (0.564451,  0.039041)
(-1.199516,  1.254538,  0.707750),  (0.514767,  0.064685)
(-1.183178,  1.280974,  0.990779),  (0.564451,  0.039041)
(-1.176295,  1.211262,  0.760133),  (0.500570,  0.038045)
(-1.199516,  1.254538,  0.707750),  (0.514767,  0.064685)
(-1.176295,  1.211262,  0.760133),  (0.500570,  0.038045)
(-1.183178,  1.280974,  0.990779),  (0.564451,  0.039041)
(-1.162030,  1.234870,  1.075019),  (0.555130,  0.006520)
(-1.096081,  1.368357,  0.399188),  (0.542040,  0.163980)
(-0.826893,  1.388824,  0.606899),  (0.605978,  0.159345)
(-1.053524,  1.360245,  0.623627),  (0.570905,  0.130645)
(-0.826893,  1.388824,  0.606899),  (0.605978,  0.159345)
(-1.096081,  1.368357,  0.399188),  (0.542040,  0.163980)
(-0.834836,  1.403140,  0.345683),  (0.577029,  0.201713)
(-0.916612,  1.423822,  0.161822),  (0.546763,  0.227365)
(-0.624750,  1.453423,  0.028324),  (0.574240,  0.277944)
(-0.673452,  1.438631,  0.317057),  (0.601419,  0.230136)
(-0.916612,  1.423822,  0.161822),  (0.546763,  0.227365)
(-0.673452,  1.438631,  0.317057),  (0.601419,  0.230136)
(-0.834836,  1.403140,  0.345683),  (0.577029,  0.201713)
(-0.826893,  1.388824,  0.606899),  (0.605978,  0.159345)
(-0.673452,  1.438631,  0.317057),  (0.601419,  0.230136)
(-0.650602,  1.394944,  0.663810),  (0.639119,  0.169591)
(-0.673452,  1.438631,  0.317057),  (0.601419,  0.230136)
(-0.826893,  1.388824,  0.606899),  (0.605978,  0.159345)
(-0.834836,  1.403140,  0.345683),  (0.577029,  0.201713)
(-0.623915,  1.377406,  1.025968),  (0.678873,  0.112462)
(-0.879140,  1.389278,  1.012766),  (0.639218,  0.088688)
(-0.650602,  1.394944,  0.663810),  (0.639119,  0.169591)
(-0.879140,  1.389278,  1.012766),  (0.639218,  0.088688)
(-0.826893,  1.388824,  0.606899),  (0.605978,  0.159345)
(-0.650602,  1.394944,  0.663810),  (0.639119,  0.169591)
(-0.623915,  1.377406,  1.025968),  (0.678873,  0.112462)
(-0.650602,  1.394944,  0.663810),  (0.639119,  0.169591)
(-0.415847,  1.400289,  0.777943),  (0.686640,  0.175568)
(-0.623915,  1.377406,  1.025968),  (0.678873,  0.112462)
(-0.415847,  1.400289,  0.777943),  (0.686640,  0.175568)
(-0.460135,  1.404827,  1.018583),  (0.706051,  0.132887)
(-0.460135,  1.404827,  1.018583),  (0.706051,  0.132887)
(-0.415847,  1.400289,  0.777943),  (0.686640,  0.175568)
(-0.445963,  1.475600,  0.970960),  (0.763875,  0.168715)
(-0.460135,  1.404827,  1.018583),  (0.706051,  0.132887)
(-0.445963,  1.475600,  0.970960),  (0.763875,  0.168715)
(-0.353302,  1.416784,  1.045872),  (0.749185,  0.130373)
(-0.379907,  1.438902,  0.426240),  (0.658828,  0.247198)
(-0.673452,  1.438631,  0.317057),  (0.601419,  0.230136)
(-0.350188,  1.471691,  0.057504),  (0.610918,  0.303884)
(-0.673452,  1.438631,  0.317057),  (0.601419,  0.230136)
(-0.624750,  1.453423,  0.028324),  (0.574240,  0.277944)
(-0.350188,  1.471691,  0.057504),  (0.610918,  0.303884)
(-0.415847,  1.400289,  0.777943),  (0.686640,  0.175568)
(-0.650602,  1.394944,  0.663810),  (0.639119,  0.169591)
(-0.379907,  1.438902,  0.426240),  (0.658828,  0.247198)
(-0.650602,  1.394944,  0.663810),  (0.639119,  0.169591)
(-0.673452,  1.438631,  0.317057),  (0.601419,  0.230136)
(-0.379907,  1.438902,  0.426240),  (0.658828,  0.247198)
(-0.415847,  1.400289,  0.777943),  (0.686640,  0.175568)
(-0.455160,  1.502867,  0.650098),  (0.746994,  0.228959)
(-0.445963,  1.475600,  0.970960),  (0.763875,  0.168715)
(-0.455160,  1.502867,  0.650098),  (0.746994,  0.228959)
(-0.415847,  1.400289,  0.777943),  (0.686640,  0.175568)
(-0.379907,  1.438902,  0.426240),  (0.658828,  0.247198)
(-0.353302,  1.416784,  1.045872),  (0.749185,  0.130373)
(-0.445963,  1.475600,  0.970960),  (0.763875,  0.168715)
(-0.297283,  1.457005,  1.126610),  (0.778807,  0.129884)
(-0.297283,  1.457005,  1.126610),  (0.778807,  0.129884)
(-0.445963,  1.475600,  0.970960),  (0.763875,  0.168715)
(-0.321431,  1.503463,  1.004815),  (0.788127,  0.169229)
(-0.057553,  1.533913,  0.921797),  (0.835286,  0.176026)
(-0.297283,  1.457005,  1.126610),  (0.778807,  0.129884)
(-0.321431,  1.503463,  1.004815),  (0.788127,  0.169229)
(-0.297283,  1.457005,  1.126610),  (0.778807,  0.129884)
(-0.057553,  1.533913,  0.921797),  (0.835286,  0.176026)
(-0.066599,  1.417269,  1.064135),  (0.823303,  0.099820)
(-0.374277,  1.602003,  0.765066),  (0.817940,  0.246176)
(-0.118197,  1.557349,  0.793686),  (0.842008,  0.198846)
(-0.321431,  1.503463,  1.004815),  (0.788127,  0.169229)
(-0.321431,  1.503463,  1.004815),  (0.788127,  0.169229)
(-0.118197,  1.557349,  0.793686),  (0.842008,  0.198846)
(-0.057553,  1.533913,  0.921797),  (0.835286,  0.176026)
(-0.445963,  1.475600,  0.970960),  (0.763875,  0.168715)
(-0.455160,  1.502867,  0.650098),  (0.746994,  0.228959)
(-0.321431,  1.503463,  1.004815),  (0.788127,  0.169229)
(-0.321431,  1.503463,  1.004815),  (0.788127,  0.169229)
(-0.455160,  1.502867,  0.650098),  (0.746994,  0.228959)
(-0.374277,  1.602003,  0.765066),  (0.817940,  0.246176)
(-0.118197,  1.557349,  0.793686),  (0.842008,  0.198846)
(-0.374277,  1.602003,  0.765066),  (0.817940,  0.246176)
(-0.369379,  1.556344,  0.663456),  (0.862102,  0.240151)
(-0.118197,  1.557349,  0.793686),  (0.842008,  0.198846)
(-0.369379,  1.556344,  0.663456),  (0.862102,  0.240151)
(-0.097548,  1.527747,  0.749200),  (0.857159,  0.187401)
(-0.256296,  1.473732,  0.834653),  (0.900388,  0.175019)
(-0.097548,  1.527747,  0.749200),  (0.857159,  0.187401)
(-0.413003,  1.505233,  0.660969),  (0.897362,  0.227452)
(-0.097548,  1.527747,  0.749200),  (0.857159,  0.187401)
(-0.369379,  1.556344,  0.663456),  (0.862102,  0.240151)
(-0.413003,  1.505233,  0.660969),  (0.897362,  0.227452)
(-0.003246,  1.474385,  0.837372),  (0.861218,  0.147275)
(-0.057553,  1.533913,  0.921797),  (0.835286,  0.176026)
(-0.097548,  1.527747,  0.749200),  (0.857159,  0.187401)
(-0.057553,  1.533913,  0.921797),  (0.835286,  0.176026)
(-0.118197,  1.557349,  0.793686),  (0.842008,  0.198846)
(-0.097548,  1.527747,  0.749200),  (0.857159,  0.187401)
(-0.185975,  1.437735,  0.839715),  (0.899359,  0.138849)
(-0.003246,  1.474385,  0.837372),  (0.861218,  0.147275)
(-0.256296,  1.473732,  0.834653),  (0.900388,  0.175019)
(-0.003246,  1.474385,  0.837372),  (0.861218,  0.147275)
(-0.097548,  1.527747,  0.749200),  (0.857159,  0.187401)
(-0.256296,  1.473732,  0.834653),  (0.900388,  0.175019)
(-0.321431,  1.503463,  1.004815),  (0.697444,  0.493660)
(-0.445963,  1.475600,  0.970960),  (0.699322,  0.506953)
(-0.415847,  1.400289,  0.777943),  (0.724554,  0.519094)
(-0.415847,  1.400289,  0.777943),  (0.952470,  0.055727)
(-0.156014,  1.364939,  0.866178),  (0.902060,  0.078004)
(-0.321431,  1.503463,  1.004815),  (0.986519,  0.130925)
(-0.415847,  1.400289,  0.777943),  (0.727467,  0.523008)
(-0.379907,  1.438902,  0.426240),  (0.694886,  0.524201)
(-0.075600,  1.396171,  0.537511),  (0.707065,  0.551059)
(-0.075600,  1.396171,  0.537511),  (0.889364,  0.011371)
(-0.156014,  1.364939,  0.866178),  (0.902060,  0.078004)
(-0.415847,  1.400289,  0.777943),  (0.952470,  0.055727)
(-0.156014,  1.364939,  0.866178),  (0.902060,  0.078004)
(0.032253,  1.379235,  0.917139),  (0.864951,  0.083863)
(-0.141916,  1.364095,  0.899444),  (0.899792,  0.083987)
(-0.075600,  1.396171,  0.537511),  (0.889364,  0.011371)
(0.032253,  1.379235,  0.917139),  (0.864951,  0.083863)
(-0.156014,  1.364939,  0.866178),  (0.902060,  0.078004)
(-0.003246,  1.474385,  0.837372),  (0.861218,  0.147275)
(0.032253,  1.379235,  0.917139),  (0.864951,  0.083863)
(-0.066599,  1.417269,  1.064135),  (0.823303,  0.099820)
(-0.066599,  1.417269,  1.064135),  (0.823303,  0.099820)
(-0.057553,  1.533913,  0.921797),  (0.835286,  0.176026)
(-0.003246,  1.474385,  0.837372),  (0.861218,  0.147275)
(-0.185975,  1.437735,  0.839715),  (0.899359,  0.138849)
(0.032253,  1.379235,  0.917139),  (0.864951,  0.083863)
(-0.003246,  1.474385,  0.837372),  (0.861218,  0.147275)
(0.032253,  1.379235,  0.917139),  (0.864951,  0.083863)
(-0.185975,  1.437735,  0.839715),  (0.899359,  0.138849)
(-0.141916,  1.364095,  0.899444),  (0.899792,  0.083987)
(-0.635354,  1.304637,  0.497997),  (0.285540,  0.788627)
(-0.891828,  1.351955,  0.884879),  (0.271855,  0.836823)
(-0.532437,  1.262659,  0.728440),  (0.317369,  0.815880)
(-0.532437,  1.262659,  0.728440),  (0.317369,  0.815880)
(-0.891828,  1.351955,  0.884879),  (0.271855,  0.836823)
(-0.862654,  1.261381,  0.998005),  (0.306114,  0.850331)
(0.032253,  1.379235,  0.917139),  (0.798058,  0.259094)
(-0.075600,  1.396171,  0.537511),  (0.725043,  0.285915)
(0.160158,  1.345685,  0.554892),  (0.763422,  0.325854)
(0.032253,  1.379235,  0.917139),  (0.798058,  0.259094)
(0.160158,  1.345685,  0.554892),  (0.763422,  0.325854)
(0.155360,  1.320732,  0.858671),  (0.816080,  0.299084)
(-0.532437,  1.262659,  0.728440),  (0.317369,  0.815880)
(-0.202396,  1.228254,  0.520532),  (0.329087,  0.775960)
(-0.208114,  1.297725,  0.281871),  (0.305776,  0.774192)
(-0.532437,  1.262659,  0.728440),  (0.317369,  0.815880)
(-0.554586,  1.183378,  0.546828),  (0.339935,  0.812777)
(-0.202396,  1.228254,  0.520532),  (0.329087,  0.775960)
(-0.862654,  1.261381,  0.998005),  (0.306114,  0.850331)
(-0.554586,  1.183378,  0.546828),  (0.339935,  0.812777)
(-0.532437,  1.262659,  0.728440),  (0.317369,  0.815880)
(-0.554586,  1.183378,  0.546828),  (0.339935,  0.812777)
(-0.862654,  1.261381,  0.998005),  (0.306114,  0.850331)
(-1.000518,  1.144657,  0.638930),  (0.347636,  0.856287)
(-0.862654,  1.261381,  0.998005),  (0.306114,  0.850331)
(-1.226310,  1.144608,  0.913422),  (0.335933,  0.884394)
(-1.000518,  1.144657,  0.638930),  (0.347636,  0.856287)
(-1.226310,  1.144608,  0.913422),  (0.335933,  0.884394)
(-0.862654,  1.261381,  0.998005),  (0.306114,  0.850331)
(-0.993148,  1.251996,  1.061279),  (0.305663,  0.863227)
(-1.105540,  1.325443,  0.831302),  (0.270424,  0.860531)
(-0.862654,  1.261381,  0.998005),  (0.306114,  0.850331)
(-0.891828,  1.351955,  0.884879),  (0.271855,  0.836823)
(-0.862654,  1.261381,  0.998005),  (0.306114,  0.850331)
(-1.105540,  1.325443,  0.831302),  (0.270424,  0.860531)
(-0.993148,  1.251996,  1.061279),  (0.305663,  0.863227)
(-1.105540,  1.325443,  0.831302),  (0.270424,  0.860531)
(-1.174127,  1.245934,  0.805126),  (0.285966,  0.885199)
(-0.993148,  1.251996,  1.061279),  (0.305663,  0.863227)
(-1.174127,  1.245934,  0.805126),  (0.285966,  0.885199)
(-1.105540,  1.325443,  0.831302),  (0.270424,  0.860531)
(-1.163173,  1.282261,  0.696838),  (0.270846,  0.882576)
(-0.379907,  1.438902,  0.426240),  (0.658828,  0.247198)
(-0.350188,  1.471691,  0.057504),  (0.610918,  0.303884)
(0.022804,  1.427313,  0.204050),  (0.675705,  0.333236)
(-0.379907,  1.438902,  0.426240),  (0.658828,  0.247198)
(0.022804,  1.427313,  0.204050),  (0.675705,  0.333236)
(-0.075600,  1.396171,  0.537511),  (0.725043,  0.285915)
(-0.156113,  1.298392,  -0.236655),  (0.286320,  0.690028)
(-0.208114,  1.297725,  0.281871),  (0.294636,  0.747751)
(-0.090959,  1.252204,  -0.087927),  (0.305014,  0.700739)
(-0.156113,  1.298392,  -0.236655),  (0.286320,  0.690028)
(-0.090959,  1.252204,  -0.087927),  (0.305014,  0.700739)
(-0.099217,  1.245913,  -0.242231),  (0.303261,  0.684228)
(0.155360,  1.320732,  0.858671),  (0.816080,  0.299084)
(0.160158,  1.345685,  0.554892),  (0.763422,  0.325854)
(0.311160,  1.290496,  0.767076),  (0.824201,  0.335402)
(0.311160,  1.290496,  0.767076),  (0.824201,  0.335402)
(0.160158,  1.345685,  0.554892),  (0.763422,  0.325854)
(0.172853,  1.305797,  0.397124),  (0.758456,  0.362498)
(0.022804,  1.427313,  0.204050),  (0.675705,  0.333236)
(0.172853,  1.305797,  0.397124),  (0.758456,  0.362498)
(-0.075600,  1.396171,  0.537511),  (0.725043,  0.285915)
(-0.075600,  1.396171,  0.537511),  (0.725043,  0.285915)
(0.172853,  1.305797,  0.397124),  (0.758456,  0.362498)
(0.160158,  1.345685,  0.554892),  (0.763422,  0.325854)
(-0.049967,  1.269776,  0.141655),  (0.729246,  0.421874)
(0.022804,  1.427313,  0.204050),  (0.675705,  0.333236)
(0.020882,  1.423594,  0.060747),  (0.657074,  0.350044)
(0.022804,  1.427313,  0.204050),  (0.675705,  0.333236)
(-0.049967,  1.269776,  0.141655),  (0.729246,  0.421874)
(0.172853,  1.305797,  0.397124),  (0.758456,  0.362498)
(-0.049967,  1.269776,  0.141655),  (0.737588,  0.582713)
(0.172853,  1.305797,  0.397124),  (0.735517,  0.552261)
(-0.208114,  1.297725,  0.281871),  (0.718226,  0.580038)
(-0.208114,  1.297725,  0.281871),  (0.738397,  0.532427)
(-0.090959,  1.252204,  -0.087927),  (0.751858,  0.565797)
(-0.049967,  1.269776,  0.141655),  (0.753306,  0.545071)
(0.013694,  1.294892,  0.661090),  (0.315181,  0.743226)
(0.377692,  1.252820,  0.645872),  (0.321304,  0.708834)
(0.172853,  1.305797,  0.397124),  (0.298646,  0.741635)
(0.172853,  1.305797,  0.397124),  (0.298646,  0.741635)
(-0.202396,  1.228254,  0.520532),  (0.329087,  0.775960)
(0.013694,  1.294892,  0.661090),  (0.315181,  0.743226)
(-0.202396,  1.228254,  0.520532),  (0.329087,  0.775960)
(0.172853,  1.305797,  0.397124),  (0.298646,  0.741635)
(-0.208114,  1.297725,  0.281871),  (0.305776,  0.774192)
(-0.090959,  1.252204,  -0.087927),  (0.701329,  0.458243)
(-0.037707,  1.395240,  -0.142412),  (0.637132,  0.389233)
(-0.048268,  1.345762,  -0.247033),  (0.640430,  0.426984)
(-0.090959,  1.252204,  -0.087927),  (0.701329,  0.458243)
(-0.048268,  1.345762,  -0.247033),  (0.640430,  0.426984)
(-0.064913,  1.245954,  -0.257891),  (0.677304,  0.480658)
(-0.049967,  1.269776,  0.141655),  (0.729246,  0.421874)
(-0.037707,  1.395240,  -0.142412),  (0.637132,  0.389233)
(-0.090959,  1.252204,  -0.087927),  (0.701329,  0.458243)
(-0.037707,  1.395240,  -0.142412),  (0.637132,  0.389233)
(-0.049967,  1.269776,  0.141655),  (0.729246,  0.421874)
(0.020882,  1.423594,  0.060747),  (0.657074,  0.350044)
(-0.532437,  1.262659,  0.728440),  (0.317369,  0.815880)
(-0.208114,  1.297725,  0.281871),  (0.294636,  0.747751)
(-0.635354,  1.304637,  0.497997),  (0.285540,  0.788627)
(-0.635354,  1.304637,  0.497997),  (0.285540,  0.788627)
(-0.208114,  1.297725,  0.281871),  (0.294636,  0.747751)
(-0.413092,  1.363902,  0.221395),  (0.269032,  0.750181)
(-0.635354,  1.304637,  0.497997),  (0.285540,  0.788627)
(-0.413092,  1.363902,  0.221395),  (0.269032,  0.750181)
(-0.547628,  1.395210,  0.516221),  (0.257299,  0.784164)
(-0.547628,  1.395210,  0.516221),  (0.257299,  0.784164)
(-0.891828,  1.351955,  0.884879),  (0.271855,  0.836823)
(-0.635354,  1.304637,  0.497997),  (0.285540,  0.788627)
(-0.413092,  1.363902,  0.221395),  (0.269032,  0.750181)
(-0.223025,  1.415012,  0.355794),  (0.242290,  0.750943)
(-0.377898,  1.430217,  0.393340),  (0.244523,  0.765449)
(-0.413092,  1.363902,  0.221395),  (0.269032,  0.750181)
(-0.377898,  1.430217,  0.393340),  (0.244523,  0.765449)
(-0.547628,  1.395210,  0.516221),  (0.257299,  0.784164)
(-0.208114,  1.297725,  0.281871),  (0.294636,  0.747751)
(-0.156113,  1.298392,  -0.236655),  (0.286320,  0.690028)
(-0.413092,  1.363902,  0.221395),  (0.269032,  0.750181)
(-0.063237,  1.384845,  -0.185266),  (0.261178,  0.694616)
(-0.413092,  1.363902,  0.221395),  (0.269032,  0.750181)
(-0.156113,  1.298392,  -0.236655),  (0.286320,  0.690028)
(-0.413092,  1.363902,  0.221395),  (0.269032,  0.750181)
(-0.063237,  1.384845,  -0.185266),  (0.261178,  0.694616)
(0.011707,  1.441693,  0.077448),  (0.234496,  0.712915)
(-0.413092,  1.363902,  0.221395),  (0.269032,  0.750181)
(0.011707,  1.441693,  0.077448),  (0.234496,  0.712915)
(-0.223025,  1.415012,  0.355794),  (0.242290,  0.750943)
(-0.760754,  1.375927,  1.384491),  (0.698450,  0.043507)
(-0.623915,  1.377406,  1.025968),  (0.678873,  0.112462)
(-0.599936,  1.403107,  1.336055),  (0.721798,  0.069376)
(-0.623915,  1.377406,  1.025968),  (0.678873,  0.112462)
(-0.460135,  1.404827,  1.018583),  (0.706051,  0.132887)
(-0.599936,  1.403107,  1.336055),  (0.721798,  0.069376)
(-0.760754,  1.375927,  1.384491),  (0.113996,  0.510046)
(-0.861146,  1.421551,  1.751348),  (0.147377,  0.504650)
(-1.082983,  1.353712,  1.712997),  (0.131972,  0.477051)
(-0.861146,  1.421551,  1.751348),  (0.147377,  0.504650)
(-0.760754,  1.375927,  1.384491),  (0.113996,  0.510046)
(-0.599936,  1.403107,  1.336055),  (0.126948,  0.538857)
(-0.599936,  1.403107,  1.336055),  (0.721798,  0.069376)
(-0.460135,  1.404827,  1.018583),  (0.706051,  0.132887)
(-0.442722,  1.403317,  1.285252),  (0.743342,  0.084366)
(-0.442722,  1.403317,  1.285252),  (0.743342,  0.084366)
(-0.460135,  1.404827,  1.018583),  (0.706051,  0.132887)
(-0.353302,  1.416784,  1.045872),  (0.749185,  0.130373)
(-0.861146,  1.421551,  1.751348),  (0.147377,  0.504650)
(-0.599936,  1.403107,  1.336055),  (0.126948,  0.538857)
(-0.545176,  1.472263,  1.658012),  (0.162460,  0.536925)
(-0.545176,  1.472263,  1.658012),  (0.162460,  0.536925)
(-0.599936,  1.403107,  1.336055),  (0.126948,  0.538857)
(-0.442722,  1.403317,  1.285252),  (0.142100,  0.566051)
(-0.442722,  1.403317,  1.285252),  (0.743342,  0.084366)
(-0.297283,  1.457005,  1.126610),  (0.778807,  0.129884)
(-0.241836,  1.397459,  1.280508),  (0.772639,  0.081977)
(-0.297283,  1.457005,  1.126610),  (0.778807,  0.129884)
(-0.442722,  1.403317,  1.285252),  (0.743342,  0.084366)
(-0.353302,  1.416784,  1.045872),  (0.749185,  0.130373)
(-0.076215,  1.360309,  1.278862),  (0.797478,  0.051177)
(-0.297283,  1.457005,  1.126610),  (0.778807,  0.129884)
(-0.066599,  1.417269,  1.064135),  (0.823303,  0.099820)
(-0.297283,  1.457005,  1.126610),  (0.778807,  0.129884)
(-0.076215,  1.360309,  1.278862),  (0.797478,  0.051177)
(-0.241836,  1.397459,  1.280508),  (0.772639,  0.081977)
(-0.066599,  1.417269,  1.064135),  (0.823303,  0.099820)
(0.091613,  1.334230,  1.201553),  (0.829271,  0.032089)
(-0.076215,  1.360309,  1.278862),  (0.797478,  0.051177)
(0.091613,  1.334230,  1.201553),  (0.829271,  0.032089)
(-0.066599,  1.417269,  1.064135),  (0.823303,  0.099820)
(0.032253,  1.379235,  0.917139),  (0.864951,  0.083863)
(0.155360,  1.320732,  0.858671),  (0.816080,  0.299084)
(0.333594,  1.302233,  1.153511),  (0.880237,  0.289682)
(0.091613,  1.334230,  1.201553),  (0.858542,  0.247759)
(0.155360,  1.320732,  0.858671),  (0.816080,  0.299084)
(0.091613,  1.334230,  1.201553),  (0.858542,  0.247759)
(0.032253,  1.379235,  0.917139),  (0.798058,  0.259094)
(0.311160,  1.290496,  0.767076),  (0.824201,  0.335402)
(0.550346,  1.250498,  1.074969),  (0.900623,  0.339250)
(0.333594,  1.302233,  1.153511),  (0.880237,  0.289682)
(0.311160,  1.290496,  0.767076),  (0.824201,  0.335402)
(0.333594,  1.302233,  1.153511),  (0.880237,  0.289682)
(0.155360,  1.320732,  0.858671),  (0.816080,  0.299084)
(0.645551,  1.218104,  0.730291),  (0.330323,  0.680899)
(0.550346,  1.250498,  1.074969),  (0.300126,  0.658719)
(0.311160,  1.290496,  0.767076),  (0.311753,  0.709077)
(0.645551,  1.218104,  0.730291),  (0.330323,  0.680899)
(0.311160,  1.290496,  0.767076),  (0.311753,  0.709077)
(0.377692,  1.252820,  0.645872),  (0.321304,  0.708834)
(-0.545176,  1.472263,  1.658012),  (0.162460,  0.536925)
(-0.442722,  1.403317,  1.285252),  (0.142100,  0.566051)
(-0.219878,  1.471849,  1.630117),  (0.183446,  0.560142)
(-0.219878,  1.471849,  1.630117),  (0.183446,  0.560142)
(-0.442722,  1.403317,  1.285252),  (0.142100,  0.566051)
(-0.241836,  1.397459,  1.280508),  (0.167465,  0.591401)
(-0.219878,  1.471849,  1.630117),  (0.183446,  0.560142)
(-0.241836,  1.397459,  1.280508),  (0.167465,  0.591401)
(0.118440,  1.465685,  1.558975),  (0.209244,  0.578679)
(-0.076215,  1.360309,  1.278862),  (0.195571,  0.614695)
(0.118440,  1.465685,  1.558975),  (0.209244,  0.578679)
(-0.241836,  1.397459,  1.280508),  (0.167465,  0.591401)
(0.091613,  1.334230,  1.201553),  (0.226633,  0.631576)
(0.118440,  1.465685,  1.558975),  (0.209244,  0.578679)
(-0.076215,  1.360309,  1.278862),  (0.195571,  0.614695)
(0.118440,  1.465685,  1.558975),  (0.209244,  0.578679)
(0.091613,  1.334230,  1.201553),  (0.226633,  0.631576)
(0.382038,  1.379481,  1.501268),  (0.241291,  0.598321)
(0.333594,  1.302233,  1.153511),  (0.262129,  0.641730)
(0.622177,  1.287645,  1.482564),  (0.277805,  0.607384)
(0.382038,  1.379481,  1.501268),  (0.241291,  0.598321)
(0.382038,  1.379481,  1.501268),  (0.241291,  0.598321)
(0.091613,  1.334230,  1.201553),  (0.226633,  0.631576)
(0.333594,  1.302233,  1.153511),  (0.262129,  0.641730)
(0.550346,  1.250498,  1.074969),  (0.300126,  0.658719)
(1.107726,  1.133883,  1.353224),  (0.338137,  0.607080)
(0.622177,  1.287645,  1.482564),  (0.277805,  0.607384)
(0.622177,  1.287645,  1.482564),  (0.277805,  0.607384)
(0.333594,  1.302233,  1.153511),  (0.262129,  0.641730)
(0.550346,  1.250498,  1.074969),  (0.300126,  0.658719)
(0.622177,  1.287645,  1.482564),  (0.277805,  0.607384)
(0.564030,  1.380024,  1.952163),  (0.254881,  0.559768)
(0.382038,  1.379481,  1.501268),  (0.241291,  0.598321)
(0.564030,  1.380024,  1.952163),  (0.254881,  0.559768)
(0.622177,  1.287645,  1.482564),  (0.277805,  0.607384)
(0.933410,  1.246850,  1.911187),  (0.298855,  0.563733)
(0.118440,  1.465685,  1.558975),  (0.209244,  0.578679)
(0.564030,  1.380024,  1.952163),  (0.254881,  0.559768)
(0.232707,  1.471259,  1.945626),  (0.222341,  0.552366)
(0.564030,  1.380024,  1.952163),  (0.254881,  0.559768)
(0.118440,  1.465685,  1.558975),  (0.209244,  0.578679)
(0.382038,  1.379481,  1.501268),  (0.241291,  0.598321)
(-0.760199,  1.380643,  2.046508),  (0.166912,  0.486382)
(-1.145270,  1.268471,  2.030643),  (0.147795,  0.443389)
(-1.082983,  1.353712,  1.712997),  (0.131972,  0.477051)
(-0.760199,  1.380643,  2.046508),  (0.166912,  0.486382)
(-1.082983,  1.353712,  1.712997),  (0.131972,  0.477051)
(-0.861146,  1.421551,  1.751348),  (0.147377,  0.504650)
(0.564030,  1.380024,  1.952163),  (0.254881,  0.559768)
(0.586673,  1.335282,  2.501398),  (0.266529,  0.513590)
(0.332770,  1.383782,  2.420632),  (0.246591,  0.515020)
(0.332770,  1.383782,  2.420632),  (0.246591,  0.515020)
(0.232707,  1.471259,  1.945626),  (0.222341,  0.552366)
(0.564030,  1.380024,  1.952163),  (0.254881,  0.559768)
(0.118440,  1.465685,  1.558975),  (0.209244,  0.578679)
(0.232707,  1.471259,  1.945626),  (0.222341,  0.552366)
(-0.103026,  1.478402,  2.004884),  (0.202570,  0.536642)
(-0.103026,  1.478402,  2.004884),  (0.202570,  0.536642)
(-0.219878,  1.471849,  1.630117),  (0.183446,  0.560142)
(0.118440,  1.465685,  1.558975),  (0.209244,  0.578679)
(-0.219878,  1.471849,  1.630117),  (0.183446,  0.560142)
(-0.103026,  1.478402,  2.004884),  (0.202570,  0.536642)
(-0.458111,  1.469623,  2.034383),  (0.183139,  0.518310)
(-0.458111,  1.469623,  2.034383),  (0.183139,  0.518310)
(-0.545176,  1.472263,  1.658012),  (0.162460,  0.536925)
(-0.219878,  1.471849,  1.630117),  (0.183446,  0.560142)
(-0.103026,  1.478402,  2.004884),  (0.202570,  0.536642)
(0.332770,  1.383782,  2.420632),  (0.246591,  0.515020)
(0.016222,  1.379313,  2.519688),  (0.230745,  0.496311)
(0.332770,  1.383782,  2.420632),  (0.246591,  0.515020)
(-0.103026,  1.478402,  2.004884),  (0.202570,  0.536642)
(0.232707,  1.471259,  1.945626),  (0.222341,  0.552366)
(-0.760199,  1.380643,  2.046508),  (0.166912,  0.486382)
(-0.545176,  1.472263,  1.658012),  (0.162460,  0.536925)
(-0.458111,  1.469623,  2.034383),  (0.183139,  0.518310)
(-0.545176,  1.472263,  1.658012),  (0.162460,  0.536925)
(-0.760199,  1.380643,  2.046508),  (0.166912,  0.486382)
(-0.861146,  1.421551,  1.751348),  (0.147377,  0.504650)
(-0.361168,  1.339535,  2.533924),  (0.212438,  0.473167)
(-0.790714,  1.317534,  2.224620),  (0.175098,  0.463305)
(-0.760199,  1.380643,  2.046508),  (0.166912,  0.486382)
(-0.361168,  1.339535,  2.533924),  (0.212438,  0.473167)
(-0.760199,  1.380643,  2.046508),  (0.166912,  0.486382)
(-0.458111,  1.469623,  2.034383),  (0.183139,  0.518310)
(-0.361168,  1.339535,  2.533924),  (0.212438,  0.473167)
(-0.103026,  1.478402,  2.004884),  (0.202570,  0.536642)
(0.016222,  1.379313,  2.519688),  (0.230745,  0.496311)
(-0.103026,  1.478402,  2.004884),  (0.202570,  0.536642)
(-0.361168,  1.339535,  2.533924),  (0.212438,  0.473167)
(-0.458111,  1.469623,  2.034383),  (0.183139,  0.518310)
(0.212577,  1.234826,  2.884554),  (0.264766,  0.461503)
(0.332770,  1.383782,  2.420632),  (0.246591,  0.515020)
(0.586673,  1.335282,  2.501398),  (0.266529,  0.513590)
(0.332770,  1.383782,  2.420632),  (0.246591,  0.515020)
(0.212577,  1.234826,  2.884554),  (0.264766,  0.461503)
(0.016222,  1.379313,  2.519688),  (0.230745,  0.496311)
(0.586673,  1.335282,  2.501398),  (0.266529,  0.513590)
(0.564030,  1.380024,  1.952163),  (0.254881,  0.559768)
(0.933410,  1.246850,  1.911187),  (0.298855,  0.563733)
(0.586673,  1.335282,  2.501398),  (0.266529,  0.513590)
(0.933410,  1.246850,  1.911187),  (0.298855,  0.563733)
(0.976866,  1.195307,  2.642621),  (0.307349,  0.499338)
(0.016222,  1.379313,  2.519688),  (0.230745,  0.496311)
(0.212577,  1.234826,  2.884554),  (0.264766,  0.461503)
(-0.361168,  1.339535,  2.533924),  (0.212438,  0.473167)
(-0.361168,  1.339535,  2.533924),  (0.212438,  0.473167)
(0.212577,  1.234826,  2.884554),  (0.264766,  0.461503)
(-0.427135,  1.187068,  2.878487),  (0.231362,  0.425294)
(-1.145270,  1.268471,  2.030643),  (0.147795,  0.443389)
(-0.760199,  1.380643,  2.046508),  (0.166912,  0.486382)
(-0.790714,  1.317534,  2.224620),  (0.175098,  0.463305)
(-1.145270,  1.268471,  2.030643),  (0.147795,  0.443389)
(-0.790714,  1.317534,  2.224620),  (0.175098,  0.463305)
(-0.983031,  1.223721,  2.412144),  (0.177725,  0.427279)
(-0.427135,  1.187068,  2.878487),  (0.231362,  0.425294)
(-0.790714,  1.317534,  2.224620),  (0.175098,  0.463305)
(-0.361168,  1.339535,  2.533924),  (0.212438,  0.473167)
(-0.790714,  1.317534,  2.224620),  (0.175098,  0.463305)
(-0.427135,  1.187068,  2.878487),  (0.231362,  0.425294)
(-0.983031,  1.223721,  2.412144),  (0.177725,  0.427279)
(-1.145270,  1.268471,  2.030643),  (0.147795,  0.443389)
(-1.518628,  1.125886,  1.934914),  (0.128206,  0.391947)
(-1.200756,  1.244628,  1.513173),  (0.107011,  0.444806)
(-1.200756,  1.244628,  1.513173),  (0.107011,  0.444806)
(-1.082983,  1.353712,  1.712997),  (0.131972,  0.477051)
(-1.145270,  1.268471,  2.030643),  (0.147795,  0.443389)
(-1.518628,  1.125886,  1.934914),  (0.128206,  0.391947)
(-0.983031,  1.223721,  2.412144),  (0.177725,  0.427279)
(-1.299508,  1.087317,  2.519552),  (0.173365,  0.378726)
(-0.983031,  1.223721,  2.412144),  (0.177725,  0.427279)
(-1.518628,  1.125886,  1.934914),  (0.128206,  0.391947)
(-1.145270,  1.268471,  2.030643),  (0.147795,  0.443389)
(-0.683948,  1.050794,  3.208826),  (0.240391,  0.376053)
(-0.983031,  1.223721,  2.412144),  (0.177725,  0.427279)
(-0.427135,  1.187068,  2.878487),  (0.231362,  0.425294)
(-0.983031,  1.223721,  2.412144),  (0.177725,  0.427279)
(-0.683948,  1.050794,  3.208826),  (0.240391,  0.376053)
(-1.299508,  1.087317,  2.519552),  (0.173365,  0.378726)
(0.212577,  1.234826,  2.884554),  (0.264766,  0.461503)
(0.334482,  1.063735,  3.247474),  (0.297923,  0.419755)
(-0.427135,  1.187068,  2.878487),  (0.231362,  0.425294)
(-0.427135,  1.187068,  2.878487),  (0.231362,  0.425294)
(0.334482,  1.063735,  3.247474),  (0.297923,  0.419755)
(-0.683948,  1.050794,  3.208826),  (0.240391,  0.376053)
(0.334482,  1.063735,  3.247474),  (0.297923,  0.419755)
(0.212577,  1.234826,  2.884554),  (0.264766,  0.461503)
(0.976866,  1.195307,  2.642621),  (0.307349,  0.499338)
(0.212577,  1.234826,  2.884554),  (0.264766,  0.461503)
(0.586673,  1.335282,  2.501398),  (0.266529,  0.513590)
(0.976866,  1.195307,  2.642621),  (0.307349,  0.499338)
(-1.849362,  0.981865,  1.648378),  (0.099946,  0.340579)
(-1.191529,  1.162216,  1.248111),  (0.079506,  0.422700)
(-1.518628,  1.125886,  1.934914),  (0.128206,  0.391947)
(-1.191529,  1.162216,  1.248111),  (0.079506,  0.422700)
(-1.200756,  1.244628,  1.513173),  (0.107011,  0.444806)
(-1.518628,  1.125886,  1.934914),  (0.128206,  0.391947)
(-1.191529,  1.162216,  1.248111),  (0.079506,  0.422700)
(-1.678633,  0.950032,  0.846120),  (0.038520,  0.340715)
(-1.226310,  1.144608,  0.913422),  (0.052663,  0.417465)
(-1.678633,  0.950032,  0.846120),  (0.038520,  0.340715)
(-1.191529,  1.162216,  1.248111),  (0.079506,  0.422700)
(-1.849362,  0.981865,  1.648378),  (0.099946,  0.340579)
(-0.683948,  1.050794,  3.208826),  (0.240391,  0.376053)
(0.334482,  1.063735,  3.247474),  (0.297923,  0.419755)
(0.305514,  0.832353,  3.508985),  (0.330037,  0.362112)
(0.305514,  0.832353,  3.508985),  (0.330037,  0.362112)
(-1.064842,  0.847378,  3.532362),  (0.250140,  0.309732)
(-0.683948,  1.050794,  3.208826),  (0.240391,  0.376053)
(-1.849362,  0.981865,  1.648378),  (0.099946,  0.340579)
(-2.096112,  0.678894,  1.445304),  (0.083460,  0.243092)
(-1.678633,  0.950032,  0.846120),  (0.038520,  0.340715)
(-1.678633,  0.950032,  0.846120),  (0.038520,  0.340715)
(-2.096112,  0.678894,  1.445304),  (0.083460,  0.243092)
(-1.851882,  0.693895,  0.635392),  (0.020035,  0.249976)
(-1.678633,  0.950032,  0.846120),  (0.383597,  0.934728)
(-1.000518,  1.144657,  0.638930),  (0.347636,  0.856287)
(-1.226310,  1.144608,  0.913422),  (0.335933,  0.884394)
(-1.000518,  1.144657,  0.638930),  (0.347636,  0.856287)
(-1.678633,  0.950032,  0.846120),  (0.383597,  0.934728)
(-1.190113,  0.969337,  0.294712),  (0.400436,  0.875509)
(-1.000518,  1.144657,  0.638930),  (0.347636,  0.856287)
(-0.728786,  1.012378,  -0.004087),  (0.400939,  0.828436)
(-0.554586,  1.183378,  0.546828),  (0.339935,  0.812777)
(-0.728786,  1.012378,  -0.004087),  (0.400939,  0.828436)
(-1.000518,  1.144657,  0.638930),  (0.347636,  0.856287)
(-1.190113,  0.969337,  0.294712),  (0.400436,  0.875509)
(-0.554586,  1.183378,  0.546828),  (0.339935,  0.812777)
(-0.190520,  1.014578,  0.116859),  (0.394561,  0.785073)
(-0.202396,  1.228254,  0.520532),  (0.329087,  0.775960)
(-0.190520,  1.014578,  0.116859),  (0.394561,  0.785073)
(-0.554586,  1.183378,  0.546828),  (0.339935,  0.812777)
(-0.728786,  1.012378,  -0.004087),  (0.400939,  0.828436)
(0.409195,  1.063674,  0.052054),  (0.392295,  0.733658)
(0.013694,  1.294892,  0.661090),  (0.315181,  0.743226)
(-0.202396,  1.228254,  0.520532),  (0.329087,  0.775960)
(0.409195,  1.063674,  0.052054),  (0.392295,  0.733658)
(-0.202396,  1.228254,  0.520532),  (0.329087,  0.775960)
(-0.190520,  1.014578,  0.116859),  (0.394561,  0.785073)
(0.013694,  1.294892,  0.661090),  (0.315181,  0.743226)
(0.409195,  1.063674,  0.052054),  (0.392295,  0.733658)
(0.377692,  1.252820,  0.645872),  (0.321304,  0.708834)
(0.377692,  1.252820,  0.645872),  (0.321304,  0.708834)
(0.409195,  1.063674,  0.052054),  (0.392295,  0.733658)
(0.732087,  1.086644,  0.259471),  (0.382477,  0.701623)
(0.732087,  1.086644,  0.259471),  (0.382477,  0.701623)
(0.645551,  1.218104,  0.730291),  (0.330323,  0.680899)
(0.377692,  1.252820,  0.645872),  (0.321304,  0.708834)
(0.732087,  1.086644,  0.259471),  (0.382477,  0.701623)
(1.182987,  1.077655,  0.695245),  (0.377307,  0.649967)
(0.645551,  1.218104,  0.730291),  (0.330323,  0.680899)
(0.550346,  1.250498,  1.074969),  (0.300126,  0.658719)
(1.182987,  1.077655,  0.695245),  (0.377307,  0.649967)
(1.107726,  1.133883,  1.353224),  (0.338137,  0.607080)
(1.182987,  1.077655,  0.695245),  (0.377307,  0.649967)
(0.550346,  1.250498,  1.074969),  (0.300126,  0.658719)
(0.645551,  1.218104,  0.730291),  (0.330323,  0.680899)
(-1.851882,  0.693895,  0.635392),  (0.457652,  0.964383)
(-1.190113,  0.969337,  0.294712),  (0.400436,  0.875509)
(-1.678633,  0.950032,  0.846120),  (0.383597,  0.934728)
(-1.190113,  0.969337,  0.294712),  (0.400436,  0.875509)
(-1.851882,  0.693895,  0.635392),  (0.457652,  0.964383)
(-1.386387,  0.734829,  -0.080361),  (0.469685,  0.894020)
(-1.190113,  0.969337,  0.294712),  (0.400436,  0.875509)
(-0.773776,  0.776277,  -0.399248),  (0.468452,  0.838498)
(-0.728786,  1.012378,  -0.004087),  (0.400939,  0.828436)
(-0.773776,  0.776277,  -0.399248),  (0.468452,  0.838498)
(-1.190113,  0.969337,  0.294712),  (0.400436,  0.875509)
(-1.386387,  0.734829,  -0.080361),  (0.469685,  0.894020)
(-0.728786,  1.012378,  -0.004087),  (0.400939,  0.828436)
(-0.773776,  0.776277,  -0.399248),  (0.468452,  0.838498)
(-0.089383,  0.815517,  -0.498572),  (0.464955,  0.785509)
(-0.728786,  1.012378,  -0.004087),  (0.400939,  0.828436)
(-0.089383,  0.815517,  -0.498572),  (0.464955,  0.785509)
(-0.190520,  1.014578,  0.116859),  (0.394561,  0.785073)
(-0.089383,  0.815517,  -0.498572),  (0.464955,  0.785509)
(0.409195,  1.063674,  0.052054),  (0.392295,  0.733658)
(-0.190520,  1.014578,  0.116859),  (0.394561,  0.785073)
(0.409195,  1.063674,  0.052054),  (0.392295,  0.733658)
(-0.089383,  0.815517,  -0.498572),  (0.464955,  0.785509)
(0.704444,  0.850045,  -0.429752),  (0.461443,  0.728269)
(0.704444,  0.850045,  -0.429752),  (0.461443,  0.728269)
(0.732087,  1.086644,  0.259471),  (0.382477,  0.701623)
(0.409195,  1.063674,  0.052054),  (0.392295,  0.733658)
(0.732087,  1.086644,  0.259471),  (0.382477,  0.701623)
(0.704444,  0.850045,  -0.429752),  (0.461443,  0.728269)
(1.303897,  0.879008,  -0.100601),  (0.452916,  0.681639)
(0.732087,  1.086644,  0.259471),  (0.382477,  0.701623)
(1.620266,  0.894198,  0.904636),  (0.425389,  0.605609)
(1.182987,  1.077655,  0.695245),  (0.377307,  0.649967)
(1.620266,  0.894198,  0.904636),  (0.425389,  0.605609)
(0.732087,  1.086644,  0.259471),  (0.382477,  0.701623)
(1.303897,  0.879008,  -0.100601),  (0.452916,  0.681639)
(1.620266,  0.894198,  0.904636),  (0.425389,  0.605609)
(1.107726,  1.133883,  1.353224),  (0.338137,  0.607080)
(1.182987,  1.077655,  0.695245),  (0.377307,  0.649967)
(1.107726,  1.133883,  1.353224),  (0.338137,  0.607080)
(1.620266,  0.894198,  0.904636),  (0.425389,  0.605609)
(1.626113,  1.023086,  1.830541),  (0.374934,  0.548467)
(0.622177,  1.287645,  1.482564),  (0.277805,  0.607384)
(1.107726,  1.133883,  1.353224),  (0.338137,  0.607080)
(0.933410,  1.246850,  1.911187),  (0.298855,  0.563733)
(1.626113,  1.023086,  1.830541),  (0.374934,  0.548467)
(0.933410,  1.246850,  1.911187),  (0.298855,  0.563733)
(1.107726,  1.133883,  1.353224),  (0.338137,  0.607080)
(0.933410,  1.246850,  1.911187),  (0.298855,  0.563733)
(1.626113,  1.023086,  1.830541),  (0.374934,  0.548467)
(0.976866,  1.195307,  2.642621),  (0.307349,  0.499338)
(0.976866,  1.195307,  2.642621),  (0.307349,  0.499338)
(1.626113,  1.023086,  1.830541),  (0.374934,  0.548467)
(1.509362,  0.922244,  2.891936),  (0.376615,  0.456283)
(0.334482,  1.063735,  3.247474),  (0.297923,  0.419755)
(0.976866,  1.195307,  2.642621),  (0.307349,  0.499338)
(1.509362,  0.922244,  2.891936),  (0.376615,  0.456283)
(0.334482,  1.063735,  3.247474),  (0.297923,  0.419755)
(1.509362,  0.922244,  2.891936),  (0.376615,  0.456283)
(0.305514,  0.832353,  3.508985),  (0.330037,  0.362112)
(-1.819667,  0.894431,  2.484136),  (0.158362,  0.310552)
(-2.180341,  0.674757,  2.107169),  (0.132908,  0.240511)
(-1.849362,  0.981865,  1.648378),  (0.099946,  0.340579)
(-2.180341,  0.674757,  2.107169),  (0.132908,  0.240511)
(-2.096112,  0.678894,  1.445304),  (0.083460,  0.243092)
(-1.849362,  0.981865,  1.648378),  (0.099946,  0.340579)
(-1.518628,  1.125886,  1.934914),  (0.128206,  0.391947)
(-1.299508,  1.087317,  2.519552),  (0.173365,  0.378726)
(-1.819667,  0.894431,  2.484136),  (0.158362,  0.310552)
(-1.819667,  0.894431,  2.484136),  (0.158362,  0.310552)
(-1.849362,  0.981865,  1.648378),  (0.099946,  0.340579)
(-1.518628,  1.125886,  1.934914),  (0.128206,  0.391947)
(-0.683948,  1.050794,  3.208826),  (0.240391,  0.376053)
(-1.819667,  0.894431,  2.484136),  (0.158362,  0.310552)
(-1.299508,  1.087317,  2.519552),  (0.173365,  0.378726)
(-1.819667,  0.894431,  2.484136),  (0.158362,  0.310552)
(-0.683948,  1.050794,  3.208826),  (0.240391,  0.376053)
(-1.064842,  0.847378,  3.532362),  (0.250140,  0.309732)
(1.620266,  0.894198,  0.904636),  (0.425389,  0.605609)
(2.205217,  0.628504,  1.035620),  (0.498970,  0.558021)
(2.271443,  0.679351,  2.172909),  (0.462082,  0.479088)
(1.620266,  0.894198,  0.904636),  (0.425389,  0.605609)
(2.271443,  0.679351,  2.172909),  (0.462082,  0.479088)
(1.626113,  1.023086,  1.830541),  (0.374934,  0.548467)
(1.626113,  1.023086,  1.830541),  (0.374934,  0.548467)
(2.271443,  0.679351,  2.172909),  (0.462082,  0.479088)
(1.509362,  0.922244,  2.891936),  (0.376615,  0.456283)
(1.509362,  0.922244,  2.891936),  (0.376615,  0.456283)
(2.271443,  0.679351,  2.172909),  (0.462082,  0.479088)
(1.656637,  0.665052,  3.186855),  (0.423692,  0.397901)
(0.305514,  0.832353,  3.508985),  (0.330037,  0.362112)
(1.509362,  0.922244,  2.891936),  (0.376615,  0.456283)
(1.656637,  0.665052,  3.186855),  (0.423692,  0.397901)
(0.305514,  0.832353,  3.508985),  (0.330037,  0.362112)
(1.656637,  0.665052,  3.186855),  (0.423692,  0.397901)
(0.318997,  0.571931,  3.827341),  (0.368874,  0.296407)
(0.318997,  0.571931,  3.827341),  (0.368874,  0.296407)
(-1.064842,  0.847378,  3.532362),  (0.250140,  0.309732)
(0.305514,  0.832353,  3.508985),  (0.330037,  0.362112)
(-1.064842,  0.847378,  3.532362),  (0.250140,  0.309732)
(0.318997,  0.571931,  3.827341),  (0.368874,  0.296407)
(-1.248364,  0.577088,  3.852155),  (0.277813,  0.236818)
(-1.819667,  0.894431,  2.484136),  (0.158362,  0.310552)
(-1.064842,  0.847378,  3.532362),  (0.250140,  0.309732)
(-2.037349,  0.543561,  3.238274),  (0.218018,  0.208386)
(-2.037349,  0.543561,  3.238274),  (0.218018,  0.208386)
(-1.064842,  0.847378,  3.532362),  (0.250140,  0.309732)
(-1.248364,  0.577088,  3.852155),  (0.277813,  0.236818)
(-2.180341,  0.674757,  2.107169),  (0.132908,  0.240511)
(-1.819667,  0.894431,  2.484136),  (0.158362,  0.310552)
(-2.037349,  0.543561,  3.238274),  (0.218018,  0.208386)
(-2.180341,  0.674757,  2.107169),  (0.132908,  0.240511)
(-2.037349,  0.543561,  3.238274),  (0.218018,  0.208386)
(-2.371274,  0.467134,  2.333359),  (0.155117,  0.177635)
(-2.371274,  0.467134,  2.333359),  (0.155117,  0.177635)
(-2.096112,  0.678894,  1.445304),  (0.083460,  0.243092)
(-2.180341,  0.674757,  2.107169),  (0.132908,  0.240511)
(-2.096112,  0.678894,  1.445304),  (0.083460,  0.243092)
(-2.371274,  0.467134,  2.333359),  (0.155117,  0.177635)
(-2.398787,  0.388423,  1.261361),  (0.079117,  0.147810)
(-2.398787,  0.388423,  1.261361),  (0.079117,  0.147810)
(-1.851882,  0.693895,  0.635392),  (0.020035,  0.249976)
(-2.096112,  0.678894,  1.445304),  (0.083460,  0.243092)
(-1.851882,  0.693895,  0.635392),  (0.020035,  0.249976)
(-2.398787,  0.388423,  1.261361),  (0.079117,  0.147810)
(-2.213083,  0.366159,  0.287638),  (0.005683,  0.134400)
(-2.213083,  0.366159,  0.287638),  (0.558838,  0.986690)
(-1.386387,  0.734829,  -0.080361),  (0.469685,  0.894020)
(-1.851882,  0.693895,  0.635392),  (0.457652,  0.964383)
(-1.386387,  0.734829,  -0.080361),  (0.469685,  0.894020)
(-2.213083,  0.366159,  0.287638),  (0.558838,  0.986690)
(-1.473014,  0.393815,  -0.354461),  (0.563550,  0.906615)
(-0.773776,  0.776277,  -0.399248),  (0.468452,  0.838498)
(-1.386387,  0.734829,  -0.080361),  (0.469685,  0.894020)
(-0.713823,  0.475203,  -0.925950),  (0.554141,  0.831906)
(-1.386387,  0.734829,  -0.080361),  (0.469685,  0.894020)
(-1.473014,  0.393815,  -0.354461),  (0.563550,  0.906615)
(-0.713823,  0.475203,  -0.925950),  (0.554141,  0.831906)
(-0.773776,  0.776277,  -0.399248),  (0.468452,  0.838498)
(0.157291,  0.500067,  -0.960195),  (0.553457,  0.771493)
(-0.089383,  0.815517,  -0.498572),  (0.464955,  0.785509)
(0.157291,  0.500067,  -0.960195),  (0.553457,  0.771493)
(-0.773776,  0.776277,  -0.399248),  (0.468452,  0.838498)
(-0.713823,  0.475203,  -0.925950),  (0.554141,  0.831906)
(0.157291,  0.500067,  -0.960195),  (0.553457,  0.771493)
(0.704444,  0.850045,  -0.429752),  (0.461443,  0.728269)
(-0.089383,  0.815517,  -0.498572),  (0.464955,  0.785509)
(0.704444,  0.850045,  -0.429752),  (0.461443,  0.728269)
(0.157291,  0.500067,  -0.960195),  (0.553457,  0.771493)
(0.927753,  0.533255,  -0.502238),  (0.544864,  0.709078)
(0.927753,  0.533255,  -0.502238),  (0.544864,  0.709078)
(1.303897,  0.879008,  -0.100601),  (0.452916,  0.681639)
(0.704444,  0.850045,  -0.429752),  (0.461443,  0.728269)
(1.303897,  0.879008,  -0.100601),  (0.452916,  0.681639)
(0.927753,  0.533255,  -0.502238),  (0.544864,  0.709078)
(1.781484,  0.591770,  0.058134),  (0.523718,  0.635524)
(1.781484,  0.591770,  0.058134),  (0.523718,  0.635524)
(1.620266,  0.894198,  0.904636),  (0.425389,  0.605609)
(1.303897,  0.879008,  -0.100601),  (0.452916,  0.681639)
(1.620266,  0.894198,  0.904636),  (0.425389,  0.605609)
(1.781484,  0.591770,  0.058134),  (0.523718,  0.635524)
(2.205217,  0.628504,  1.035620),  (0.498970,  0.558021)
(2.271443,  0.679351,  2.172909),  (0.462082,  0.479088)
(2.479340,  0.359560,  2.490663),  (0.528693,  0.414876)
(1.656637,  0.665052,  3.186855),  (0.423692,  0.397901)
(1.656637,  0.665052,  3.186855),  (0.423692,  0.397901)
(2.479340,  0.359560,  2.490663),  (0.528693,  0.414876)
(1.883451,  0.363801,  3.395931),  (0.485338,  0.338573)
(2.561270,  0.306905,  1.488735),  (0.570236,  0.487724)
(2.271443,  0.679351,  2.172909),  (0.462082,  0.479088)
(2.205217,  0.628504,  1.035620),  (0.498970,  0.558021)
(2.271443,  0.679351,  2.172909),  (0.462082,  0.479088)
(2.561270,  0.306905,  1.488735),  (0.570236,  0.487724)
(2.479340,  0.359560,  2.490663),  (0.528693,  0.414876)
(2.017779,  0.233382,  0.424413),  (0.609750,  0.582894)
(2.205217,  0.628504,  1.035620),  (0.498970,  0.558021)
(1.781484,  0.591770,  0.058134),  (0.523718,  0.635524)
(2.205217,  0.628504,  1.035620),  (0.498970,  0.558021)
(2.017779,  0.233382,  0.424413),  (0.609750,  0.582894)
(2.561270,  0.306905,  1.488735),  (0.570236,  0.487724)
(1.164986,  0.214377,  -0.159384),  (0.629553,  0.669502)
(1.781484,  0.591770,  0.058134),  (0.523718,  0.635524)
(0.927753,  0.533255,  -0.502238),  (0.544864,  0.709078)
(1.781484,  0.591770,  0.058134),  (0.523718,  0.635524)
(1.164986,  0.214377,  -0.159384),  (0.629553,  0.669502)
(2.017779,  0.233382,  0.424413),  (0.609750,  0.582894)
(0.312242,  0.221796,  -0.644884),  (0.627540,  0.753361)
(0.927753,  0.533255,  -0.502238),  (0.544864,  0.709078)
(0.157291,  0.500067,  -0.960195),  (0.553457,  0.771493)
(0.927753,  0.533255,  -0.502238),  (0.544864,  0.709078)
(0.312242,  0.221796,  -0.644884),  (0.627540,  0.753361)
(1.164986,  0.214377,  -0.159384),  (0.629553,  0.669502)
(-0.577499,  0.179898,  -0.777600),  (0.628141,  0.828225)
(0.157291,  0.500067,  -0.960195),  (0.553457,  0.771493)
(-0.713823,  0.475203,  -0.925950),  (0.554141,  0.831906)
(0.157291,  0.500067,  -0.960195),  (0.553457,  0.771493)
(-0.577499,  0.179898,  -0.777600),  (0.628141,  0.828225)
(0.312242,  0.221796,  -0.644884),  (0.627540,  0.753361)
(-1.473014,  0.393815,  -0.354461),  (0.563550,  0.906615)
(-0.577499,  0.179898,  -0.777600),  (0.628141,  0.828225)
(-0.713823,  0.475203,  -0.925950),  (0.554141,  0.831906)
(-0.577499,  0.179898,  -0.777600),  (0.628141,  0.828225)
(-1.473014,  0.393815,  -0.354461),  (0.563550,  0.906615)
(-1.315150,  0.162374,  -0.322922),  (0.628566,  0.900644)
(-2.142213,  0.150311,  0.259764),  (0.622087,  0.985182)
(-1.473014,  0.393815,  -0.354461),  (0.563550,  0.906615)
(-2.213083,  0.366159,  0.287638),  (0.558838,  0.986690)
(-1.473014,  0.393815,  -0.354461),  (0.563550,  0.906615)
(-2.142213,  0.150311,  0.259764),  (0.622087,  0.985182)
(-1.315150,  0.162374,  -0.322922),  (0.628566,  0.900644)
(-2.398787,  0.388423,  1.261361),  (0.079117,  0.147810)
(-2.405061,  0.162388,  1.255646),  (0.089612,  0.078392)
(-2.213083,  0.366159,  0.287638),  (0.005683,  0.134400)
(-2.213083,  0.366159,  0.287638),  (0.005683,  0.134400)
(-2.405061,  0.162388,  1.255646),  (0.089612,  0.078392)
(-2.142213,  0.150311,  0.259764),  (0.012640,  0.063805)
(-2.371274,  0.467134,  2.333359),  (0.155117,  0.177635)
(-2.438730,  0.202482,  2.411297),  (0.174772,  0.101350)
(-2.398787,  0.388423,  1.261361),  (0.079117,  0.147810)
(-2.398787,  0.388423,  1.261361),  (0.079117,  0.147810)
(-2.438730,  0.202482,  2.411297),  (0.174772,  0.101350)
(-2.405061,  0.162388,  1.255646),  (0.089612,  0.078392)
(-2.037349,  0.543561,  3.238274),  (0.218018,  0.208386)
(-2.068167,  0.275981,  3.261419),  (0.238189,  0.136201)
(-2.371274,  0.467134,  2.333359),  (0.155117,  0.177635)
(-2.371274,  0.467134,  2.333359),  (0.155117,  0.177635)
(-2.068167,  0.275981,  3.261419),  (0.238189,  0.136201)
(-2.438730,  0.202482,  2.411297),  (0.174772,  0.101350)
(-1.248364,  0.577088,  3.852155),  (0.277813,  0.236818)
(-1.157236,  0.314571,  3.888674),  (0.311770,  0.174062)
(-2.037349,  0.543561,  3.238274),  (0.218018,  0.208386)
(-2.037349,  0.543561,  3.238274),  (0.218018,  0.208386)
(-1.157236,  0.314571,  3.888674),  (0.311770,  0.174062)
(-2.068167,  0.275981,  3.261419),  (0.238189,  0.136201)
(0.318997,  0.571931,  3.827341),  (0.368874,  0.296407)
(-1.157236,  0.314571,  3.888674),  (0.311770,  0.174062)
(-1.248364,  0.577088,  3.852155),  (0.277813,  0.236818)
(-1.157236,  0.314571,  3.888674),  (0.311770,  0.174062)
(0.318997,  0.571931,  3.827341),  (0.368874,  0.296407)
(0.391386,  0.312229,  4.039805),  (0.409615,  0.235920)
(0.318997,  0.571931,  3.827341),  (0.368874,  0.296407)
(1.656637,  0.665052,  3.186855),  (0.423692,  0.397901)
(1.883451,  0.363801,  3.395931),  (0.485338,  0.338573)
(0.318997,  0.571931,  3.827341),  (0.368874,  0.296407)
(1.883451,  0.363801,  3.395931),  (0.485338,  0.338573)
(0.391386,  0.312229,  4.039805),  (0.409615,  0.235920)
(2.479340,  0.359560,  2.490663),  (0.528693,  0.414876)
(1.655231,  0.055860,  3.390659),  (0.538235,  0.269610)
(1.883451,  0.363801,  3.395931),  (0.485338,  0.338573)
(1.655231,  0.055860,  3.390659),  (0.538235,  0.269610)
(2.479340,  0.359560,  2.490663),  (0.528693,  0.414876)
(2.124834,  0.048134,  2.514877),  (0.596748,  0.359504)
(1.883451,  0.363801,  3.395931),  (0.485338,  0.338573)
(1.655231,  0.055860,  3.390659),  (0.538235,  0.269610)
(0.391386,  0.312229,  4.039805),  (0.409615,  0.235920)
(0.391386,  0.312229,  4.039805),  (0.409615,  0.235920)
(1.655231,  0.055860,  3.390659),  (0.538235,  0.269610)
(0.443541,  0.063068,  3.664149),  (0.455377,  0.178969)
(0.391386,  0.312229,  4.039805),  (0.409615,  0.235920)
(-0.895416,  0.052959,  3.621501),  (0.350541,  0.106042)
(-1.157236,  0.314571,  3.888674),  (0.311770,  0.174062)
(-0.895416,  0.052959,  3.621501),  (0.350541,  0.106042)
(0.391386,  0.312229,  4.039805),  (0.409615,  0.235920)
(0.443541,  0.063068,  3.664149),  (0.455377,  0.178969)
(2.124834,  0.048134,  2.514877),  (0.930639,  0.660284)
(0.802963,  0.005461,  2.693516),  (0.924208,  0.769978)
(1.655231,  0.055860,  3.390659),  (0.989486,  0.713031)
(0.802963,  0.005461,  2.693516),  (0.924208,  0.769978)
(0.443541,  0.063068,  3.664149),  (0.993548,  0.814989)
(1.655231,  0.055860,  3.390659),  (0.989486,  0.713031)
(2.315479,  0.044765,  1.652972),  (0.633070,  0.452055)
(2.479340,  0.359560,  2.490663),  (0.528693,  0.414876)
(2.561270,  0.306905,  1.488735),  (0.570236,  0.487724)
(2.479340,  0.359560,  2.490663),  (0.528693,  0.414876)
(2.315479,  0.044765,  1.652972),  (0.633070,  0.452055)
(2.124834,  0.048134,  2.514877),  (0.596748,  0.359504)
(2.315479,  0.044765,  1.652972),  (0.868600,  0.630119)
(1.344650,  0.002605,  1.714416),  (0.858444,  0.709944)
(2.124834,  0.048134,  2.514877),  (0.930639,  0.660284)
(1.344650,  0.002605,  1.714416),  (0.858444,  0.709944)
(0.802963,  0.005461,  2.693516),  (0.924208,  0.769978)
(2.124834,  0.048134,  2.514877),  (0.930639,  0.660284)
(1.583268,  0.025695,  0.590344),  (0.671528,  0.577084)
(2.561270,  0.306905,  1.488735),  (0.570236,  0.487724)
(2.017779,  0.233382,  0.424413),  (0.609750,  0.582894)
(2.561270,  0.306905,  1.488735),  (0.570236,  0.487724)
(1.583268,  0.025695,  0.590344),  (0.671528,  0.577084)
(2.315479,  0.044765,  1.652972),  (0.633070,  0.452055)
(1.058006,  0.013037,  -0.077678),  (0.683654,  0.667913)
(2.017779,  0.233382,  0.424413),  (0.609750,  0.582894)
(1.164986,  0.214377,  -0.159384),  (0.629553,  0.669502)
(2.017779,  0.233382,  0.424413),  (0.609750,  0.582894)
(1.058006,  0.013037,  -0.077678),  (0.683654,  0.667913)
(1.583268,  0.025695,  0.590344),  (0.671528,  0.577084)
(0.443541,  0.063068,  3.664149),  (0.993548,  0.814989)
(0.802963,  0.005461,  2.693516),  (0.924208,  0.769978)
(-0.177561,  0.003455,  2.506863),  (0.896842,  0.845284)
(-0.177561,  0.003455,  2.506863),  (0.896842,  0.845284)
(-0.895416,  0.052959,  3.621501),  (0.971736,  0.921859)
(0.443541,  0.063068,  3.664149),  (0.993548,  0.814989)
(-2.068167,  0.275981,  3.261419),  (0.238189,  0.136201)
(-1.157236,  0.314571,  3.888674),  (0.311770,  0.174062)
(-1.591459,  0.063648,  2.959484),  (0.261902,  0.065813)
(-1.591459,  0.063648,  2.959484),  (0.261902,  0.065813)
(-1.157236,  0.314571,  3.888674),  (0.311770,  0.174062)
(-0.895416,  0.052959,  3.621501),  (0.350541,  0.106042)
(-2.438730,  0.202482,  2.411297),  (0.174772,  0.101350)
(-2.068167,  0.275981,  3.261419),  (0.238189,  0.136201)
(-1.591459,  0.063648,  2.959484),  (0.261902,  0.065813)
(-1.591459,  0.063648,  2.959484),  (0.261902,  0.065813)
(-2.038717,  0.029842,  2.164644),  (0.176097,  0.038547)
(-2.438730,  0.202482,  2.411297),  (0.174772,  0.101350)
(-2.405061,  0.162388,  1.255646),  (0.089612,  0.078392)
(-2.438730,  0.202482,  2.411297),  (0.174772,  0.101350)
(-2.038717,  0.029842,  2.164644),  (0.176097,  0.038547)
(-2.405061,  0.162388,  1.255646),  (0.089612,  0.078392)
(-2.038717,  0.029842,  2.164644),  (0.176097,  0.038547)
(-2.082905,  0.007651,  1.374618),  (0.105043,  0.025845)
(-2.405061,  0.162388,  1.255646),  (0.089612,  0.078392)
(-1.734594,  0.015189,  0.466654),  (0.029869,  0.009786)
(-2.142213,  0.150311,  0.259764),  (0.012640,  0.063805)
(-1.734594,  0.015189,  0.466654),  (0.029869,  0.009786)
(-2.405061,  0.162388,  1.255646),  (0.089612,  0.078392)
(-2.082905,  0.007651,  1.374618),  (0.105043,  0.025845)
(-2.142213,  0.150311,  0.259764),  (0.622087,  0.985182)
(-1.340328,  0.011308,  -0.172890),  (0.668683,  0.909307)
(-1.315150,  0.162374,  -0.322922),  (0.628566,  0.900644)
(-1.340328,  0.011308,  -0.172890),  (0.668683,  0.909307)
(-2.142213,  0.150311,  0.259764),  (0.622087,  0.985182)
(-1.734594,  0.015189,  0.466654),  (0.670258,  0.974759)
(-1.591459,  0.063648,  2.959484),  (0.913571,  0.967725)
(-1.060717,  0.002003,  2.071383),  (0.852837,  0.909162)
(-2.038717,  0.029842,  2.164644),  (0.847510,  0.990251)
(-1.060717,  0.002003,  2.071383),  (0.852837,  0.909162)
(-2.082905,  0.007651,  1.374618),  (0.787670,  0.980845)
(-2.038717,  0.029842,  2.164644),  (0.847510,  0.990251)
(-0.177561,  0.003455,  2.506863),  (0.896842,  0.845284)
(-1.591459,  0.063648,  2.959484),  (0.913571,  0.967725)
(-0.895416,  0.052959,  3.621501),  (0.971736,  0.921859)
(-1.591459,  0.063648,  2.959484),  (0.913571,  0.967725)
(-0.177561,  0.003455,  2.506863),  (0.896842,  0.845284)
(-1.060717,  0.002003,  2.071383),  (0.852837,  0.909162)
(-0.177561,  0.003455,  2.506863),  (0.896842,  0.845284)
(1.344650,  0.002605,  1.714416),  (0.858444,  0.709944)
(0.848859,  0.002873,  0.868558),  (0.786872,  0.734654)
(1.344650,  0.002605,  1.714416),  (0.858444,  0.709944)
(-0.177561,  0.003455,  2.506863),  (0.896842,  0.845284)
(0.802963,  0.005461,  2.693516),  (0.924208,  0.769978)
(0.848859,  0.002873,  0.868558),  (0.786872,  0.734654)
(1.344650,  0.002605,  1.714416),  (0.858444,  0.709944)
(1.583268,  0.025695,  0.590344),  (0.778203,  0.669997)
(1.344650,  0.002605,  1.714416),  (0.858444,  0.709944)
(2.315479,  0.044765,  1.652972),  (0.868600,  0.630119)
(1.583268,  0.025695,  0.590344),  (0.778203,  0.669997)
(0.312242,  0.221796,  -0.644884),  (0.627540,  0.753361)
(1.058006,  0.013037,  -0.077678),  (0.683654,  0.667913)
(1.164986,  0.214377,  -0.159384),  (0.629553,  0.669502)
(1.058006,  0.013037,  -0.077678),  (0.683654,  0.667913)
(0.312242,  0.221796,  -0.644884),  (0.627540,  0.753361)
(0.342049,  0.011669,  -0.248120),  (0.691947,  0.750148)
(0.342049,  0.011669,  -0.248120),  (0.691947,  0.750148)
(0.848859,  0.002873,  0.868558),  (0.786872,  0.734654)
(1.058006,  0.013037,  -0.077678),  (0.719415,  0.697088)
(0.848859,  0.002873,  0.868558),  (0.786872,  0.734654)
(1.583268,  0.025695,  0.590344),  (0.778203,  0.669997)
(1.058006,  0.013037,  -0.077678),  (0.719415,  0.697088)
(-0.577499,  0.179898,  -0.777600),  (0.628141,  0.828225)
(0.342049,  0.011669,  -0.248120),  (0.691947,  0.750148)
(0.312242,  0.221796,  -0.644884),  (0.627540,  0.753361)
(0.342049,  0.011669,  -0.248120),  (0.691947,  0.750148)
(-0.577499,  0.179898,  -0.777600),  (0.628141,  0.828225)
(-0.557705,  0.010698,  -0.345213),  (0.678649,  0.833104)
(-1.060717,  0.002003,  2.071383),  (0.852837,  0.909162)
(-0.649947,  0.002939,  0.733652),  (0.757674,  0.854196)
(-2.082905,  0.007651,  1.374618),  (0.787670,  0.980845)
(-0.649947,  0.002939,  0.733652),  (0.757674,  0.854196)
(-1.734594,  0.015189,  0.466654),  (0.724684,  0.938841)
(-2.082905,  0.007651,  1.374618),  (0.787670,  0.980845)
(0.342049,  0.011669,  -0.248120),  (0.691947,  0.750148)
(-0.557705,  0.010698,  -0.345213),  (0.678649,  0.833104)
(-0.649947,  0.002939,  0.733652),  (0.757674,  0.854196)
(-0.649947,  0.002939,  0.733652),  (0.757674,  0.854196)
(0.848859,  0.002873,  0.868558),  (0.786872,  0.734654)
(0.342049,  0.011669,  -0.248120),  (0.691947,  0.750148)
(-1.315150,  0.162374,  -0.322922),  (0.628566,  0.900644)
(-0.557705,  0.010698,  -0.345213),  (0.678649,  0.833104)
(-0.577499,  0.179898,  -0.777600),  (0.628141,  0.828225)
(-0.557705,  0.010698,  -0.345213),  (0.678649,  0.833104)
(-1.315150,  0.162374,  -0.322922),  (0.628566,  0.900644)
(-1.340328,  0.011308,  -0.172890),  (0.668683,  0.909307)
(-0.557705,  0.010698,  -0.345213),  (0.678649,  0.833104)
(-1.340328,  0.011308,  -0.172890),  (0.681762,  0.898128)
(-0.649947,  0.002939,  0.733652),  (0.757674,  0.854196)
(-1.340328,  0.011308,  -0.172890),  (0.681762,  0.898128)
(-1.734594,  0.015189,  0.466654),  (0.724684,  0.938841)
(-0.649947,  0.002939,  0.733652),  (0.757674,  0.854196)
(-0.177561,  0.003455,  2.506863),  (0.896842,  0.845284)
(0.848859,  0.002873,  0.868558),  (0.786872,  0.734654)
(-0.649947,  0.002939,  0.733652),  (0.757674,  0.854196)
(-0.177561,  0.003455,  2.506863),  (0.896842,  0.845284)
(-0.649947,  0.002939,  0.733652),  (0.757674,  0.854196)
(-1.060717,  0.002003,  2.071383),  (0.852837,  0.909162)
(-1.053524,  1.360245,  0.623627),  (0.570905,  0.130645)
(-0.998898,  1.354531,  0.974927),  (0.611649,  0.076215)
(-1.116113,  1.322037,  0.971745),  (0.584790,  0.060156)
(-1.116113,  1.322037,  0.971745),  (0.584790,  0.060156)
(-1.222167,  1.328676,  0.627848),  (0.540543,  0.108998)
(-1.053524,  1.360245,  0.623627),  (0.570905,  0.130645)
(-1.123765,  1.259736,  1.159666),  (0.579375,  0.006961)
(-1.116113,  1.322037,  0.971745),  (0.584790,  0.060156)
(-0.888024,  1.309234,  1.233460),  (0.632462,  0.019929)
(-0.998898,  1.354531,  0.974927),  (0.611649,  0.076215)
(-0.888024,  1.309234,  1.233460),  (0.632462,  0.019929)
(-1.116113,  1.322037,  0.971745),  (0.584790,  0.060156)
(-0.826893,  1.388824,  0.606899),  (0.605978,  0.159345)
(-0.879140,  1.389278,  1.012766),  (0.639218,  0.088688)
(-0.998898,  1.354531,  0.974927),  (0.611649,  0.076215)
(-0.998898,  1.354531,  0.974927),  (0.611649,  0.076215)
(-1.053524,  1.360245,  0.623627),  (0.570905,  0.130645)
(-0.826893,  1.388824,  0.606899),  (0.605978,  0.159345)
(-0.888024,  1.309234,  1.233460),  (0.632462,  0.019929)
(-0.879140,  1.389278,  1.012766),  (0.639218,  0.088688)
(-0.959671,  1.355979,  1.352042),  (0.666439,  0.026446)
(-0.879140,  1.389278,  1.012766),  (0.639218,  0.088688)
(-0.888024,  1.309234,  1.233460),  (0.632462,  0.019929)
(-0.998898,  1.354531,  0.974927),  (0.611649,  0.076215)
(-0.959671,  1.355979,  1.352042),  (0.666439,  0.026446)
(-0.879140,  1.389278,  1.012766),  (0.639218,  0.088688)
(-0.760754,  1.375927,  1.384491),  (0.698450,  0.043507)
(-0.879140,  1.389278,  1.012766),  (0.639218,  0.088688)
(-0.623915,  1.377406,  1.025968),  (0.678873,  0.112462)
(-0.760754,  1.375927,  1.384491),  (0.698450,  0.043507)
(-1.200756,  1.244628,  1.513173),  (0.107011,  0.444806)
(-0.959671,  1.355979,  1.352042),  (0.102657,  0.486567)
(-1.082983,  1.353712,  1.712997),  (0.131972,  0.477051)
(-1.082983,  1.353712,  1.712997),  (0.131972,  0.477051)
(-0.959671,  1.355979,  1.352042),  (0.102657,  0.486567)
(-0.760754,  1.375927,  1.384491),  (0.113996,  0.510046)
(-0.888024,  1.309234,  1.233460),  (0.084285,  0.474150)
(-1.200756,  1.244628,  1.513173),  (0.107011,  0.444806)
(-1.191529,  1.162216,  1.248111),  (0.079506,  0.422700)
(-1.200756,  1.244628,  1.513173),  (0.107011,  0.444806)
(-0.888024,  1.309234,  1.233460),  (0.084285,  0.474150)
(-0.959671,  1.355979,  1.352042),  (0.102657,  0.486567)
(-1.162030,  1.234870,  1.075019),  (0.555130,  0.006520)
(-1.183178,  1.280974,  0.990779),  (0.564451,  0.039041)
(-1.123765,  1.259736,  1.159666),  (0.579375,  0.006961)
(-1.183178,  1.280974,  0.990779),  (0.564451,  0.039041)
(-1.116113,  1.322037,  0.971745),  (0.584790,  0.060156)
(-1.123765,  1.259736,  1.159666),  (0.579375,  0.006961)
(-0.888024,  1.309234,  1.233460),  (0.084285,  0.474150)
(-1.191529,  1.162216,  1.248111),  (0.079506,  0.422700)
(-0.993148,  1.251996,  1.061279),  (0.068270,  0.455177)
(-1.191529,  1.162216,  1.248111),  (0.079506,  0.422700)
(-1.226310,  1.144608,  0.913422),  (0.052663,  0.417465)
(-0.993148,  1.251996,  1.061279),  (0.068270,  0.455177)
(-1.096081,  1.368357,  0.399188),  (0.542040,  0.163980)
(-0.916612,  1.423822,  0.161822),  (0.546763,  0.227365)
(-1.093750,  1.374967,  0.138659),  (0.508828,  0.202083)
(-0.916612,  1.423822,  0.161822),  (0.546763,  0.227365)
(-1.096081,  1.368357,  0.399188),  (0.542040,  0.163980)
(-0.834836,  1.403140,  0.345683),  (0.577029,  0.201713)
(-1.096081,  1.368357,  0.399188),  (0.542040,  0.163980)
(-1.093750,  1.374967,  0.138659),  (0.508828,  0.202083)
(-1.220634,  1.323494,  0.251796),  (0.496207,  0.158534)
(-1.220634,  1.323494,  0.251796),  (0.496207,  0.158534)
(-1.297076,  1.331146,  0.446852),  (0.518164,  0.132166)
(-1.096081,  1.368357,  0.399188),  (0.542040,  0.163980)
(-0.959455,  1.236290,  0.349628),  (0.425968,  0.138296)
(-1.220634,  1.323494,  0.251796),  (0.496207,  0.158534)
(-1.093750,  1.374967,  0.138659),  (0.508828,  0.202083)
(-1.220634,  1.323494,  0.251796),  (0.496207,  0.158534)
(-0.959455,  1.236290,  0.349628),  (0.425968,  0.138296)
(-1.211838,  1.227902,  0.356147),  (0.457137,  0.105548)
(-0.959455,  1.236290,  0.349628),  (0.425968,  0.138296)
(-1.166177,  1.181742,  0.354795),  (0.433279,  0.086238)
(-1.211838,  1.227902,  0.356147),  (0.457137,  0.105548)
(-0.959455,  1.236290,  0.349628),  (0.425968,  0.138296)
(-1.017328,  1.160108,  0.237802),  (0.397615,  0.091864)
(-1.166177,  1.181742,  0.354795),  (0.433279,  0.086238)
(-1.220634,  1.323494,  0.251796),  (0.496207,  0.158534)
(-1.211838,  1.227902,  0.356147),  (0.457137,  0.105548)
(-1.232262,  1.244847,  0.504423),  (0.483695,  0.089651)
(-1.220634,  1.323494,  0.251796),  (0.496207,  0.158534)
(-1.232262,  1.244847,  0.504423),  (0.483695,  0.089651)
(-1.297076,  1.331146,  0.446852),  (0.518164,  0.132166)
(-1.170437,  1.191864,  0.538919),  (0.461129,  0.061527)
(-1.211838,  1.227902,  0.356147),  (0.457137,  0.105548)
(-1.166177,  1.181742,  0.354795),  (0.433279,  0.086238)
(-1.211838,  1.227902,  0.356147),  (0.457137,  0.105548)
(-1.170437,  1.191864,  0.538919),  (0.461129,  0.061527)
(-1.232262,  1.244847,  0.504423),  (0.483695,  0.089651)
(-1.199516,  1.254538,  0.707750),  (0.514767,  0.064685)
(-1.232262,  1.244847,  0.504423),  (0.483695,  0.089651)
(-1.170437,  1.191864,  0.538919),  (0.461129,  0.061527)
(-1.170437,  1.191864,  0.538919),  (0.461129,  0.061527)
(-1.176295,  1.211262,  0.760133),  (0.500570,  0.038045)
(-1.199516,  1.254538,  0.707750),  (0.514767,  0.064685)
(-1.297076,  1.331146,  0.446852),  (0.518164,  0.132166)
(-1.232262,  1.244847,  0.504423),  (0.483695,  0.089651)
(-1.222167,  1.328676,  0.627848),  (0.540543,  0.108998)
(-1.232262,  1.244847,  0.504423),  (0.483695,  0.089651)
(-1.199516,  1.254538,  0.707750),  (0.514767,  0.064685)
(-1.222167,  1.328676,  0.627848),  (0.540543,  0.108998)
(-1.297076,  1.331146,  0.446852),  (0.518164,  0.132166)
(-1.222167,  1.328676,  0.627848),  (0.540543,  0.108998)
(-1.096081,  1.368357,  0.399188),  (0.542040,  0.163980)
(-1.222167,  1.328676,  0.627848),  (0.540543,  0.108998)
(-1.053524,  1.360245,  0.623628),  (0.570905,  0.130645)
(-1.096081,  1.368357,  0.399188),  (0.542040,  0.163980)
(-1.222167,  1.328676,  0.627848),  (0.540543,  0.108998)
(-1.199516,  1.254538,  0.707750),  (0.514767,  0.064685)
(-1.116113,  1.322037,  0.971745),  (0.584790,  0.060156)
(-1.116113,  1.322037,  0.971745),  (0.584790,  0.060156)
(-1.199516,  1.254538,  0.707750),  (0.514767,  0.064685)
(-1.183178,  1.280974,  0.990779),  (0.564451,  0.039041)
(-1.183178,  1.280974,  0.990779),  (0.564451,  0.039041)
(-1.199516,  1.254538,  0.707750),  (0.514767,  0.064685)
(-1.176295,  1.211262,  0.760133),  (0.500570,  0.038045)
(-1.176295,  1.211262,  0.760133),  (0.500570,  0.038045)
(-1.162030,  1.234870,  1.075019),  (0.555130,  0.006520)
(-1.183178,  1.280974,  0.990779),  (0.564451,  0.039041)
(-0.834836,  1.403140,  0.345683),  (0.577029,  0.201713)
(-1.096081,  1.368357,  0.399188),  (0.542040,  0.163980)
(-0.826893,  1.388824,  0.606899),  (0.605978,  0.159345)
(-1.096081,  1.368357,  0.399188),  (0.542040,  0.163980)
(-1.053524,  1.360245,  0.623628),  (0.570905,  0.130645)
(-0.826893,  1.388824,  0.606899),  (0.605978,  0.159345)
(-0.624750,  1.453423,  0.028324),  (0.574240,  0.277944)
(-0.916612,  1.423822,  0.161822),  (0.546763,  0.227365)
(-0.673452,  1.438631,  0.317056),  (0.601419,  0.230136)
(-0.916612,  1.423822,  0.161822),  (0.546763,  0.227365)
(-0.834836,  1.403140,  0.345683),  (0.577029,  0.201713)
(-0.673452,  1.438631,  0.317056),  (0.601419,  0.230136)
(-0.673452,  1.438631,  0.317056),  (0.601419,  0.230136)
(-0.826893,  1.388824,  0.606899),  (0.605978,  0.159345)
(-0.650602,  1.394944,  0.663810),  (0.639119,  0.169591)
(-0.826893,  1.388824,  0.606899),  (0.605978,  0.159345)
(-0.673452,  1.438631,  0.317056),  (0.601419,  0.230136)
(-0.834836,  1.403140,  0.345683),  (0.577029,  0.201713)
(-0.879140,  1.389278,  1.012766),  (0.639218,  0.088688)
(-0.650602,  1.394944,  0.663810),  (0.639119,  0.169591)
(-0.826893,  1.388824,  0.606899),  (0.605978,  0.159345)
(-0.650602,  1.394944,  0.663810),  (0.639119,  0.169591)
(-0.879140,  1.389278,  1.012766),  (0.639218,  0.088688)
(-0.623915,  1.377406,  1.025967),  (0.678873,  0.112462)
(-0.650602,  1.394944,  0.663810),  (0.639119,  0.169591)
(-0.623915,  1.377406,  1.025967),  (0.678873,  0.112462)
(-0.415847,  1.400289,  0.777942),  (0.686640,  0.175568)
(-0.415847,  1.400289,  0.777942),  (0.686640,  0.175568)
(-0.623915,  1.377406,  1.025967),  (0.678873,  0.112462)
(-0.460135,  1.404827,  1.018583),  (0.706051,  0.132887)
(-0.353302,  1.416784,  1.045871),  (0.749185,  0.130373)
(-0.445963,  1.475600,  0.970960),  (0.763875,  0.168715)
(-0.460135,  1.404827,  1.018583),  (0.706051,  0.132887)
(-0.460135,  1.404827,  1.018583),  (0.706051,  0.132887)
(-0.445963,  1.475600,  0.970960),  (0.763875,  0.168715)
(-0.415847,  1.400289,  0.777942),  (0.686640,  0.175568)
(-0.673452,  1.438631,  0.317056),  (0.601419,  0.230136)
(-0.350188,  1.471691,  0.057503),  (0.610918,  0.303884)
(-0.624750,  1.453423,  0.028324),  (0.574240,  0.277944)
(-0.350188,  1.471691,  0.057503),  (0.610918,  0.303884)
(-0.673452,  1.438631,  0.317056),  (0.601419,  0.230136)
(-0.379907,  1.438902,  0.426239),  (0.658828,  0.247198)
(-0.379907,  1.438902,  0.426239),  (0.658828,  0.247198)
(-0.650602,  1.394944,  0.663810),  (0.639119,  0.169591)
(-0.415847,  1.400289,  0.777942),  (0.686640,  0.175568)
(-0.379907,  1.438902,  0.426239),  (0.658828,  0.247198)
(-0.673452,  1.438631,  0.317056),  (0.601419,  0.230136)
(-0.650602,  1.394944,  0.663810),  (0.639119,  0.169591)
(-0.415847,  1.400289,  0.777942),  (0.686640,  0.175568)
(-0.445963,  1.475600,  0.970960),  (0.763875,  0.168715)
(-0.455160,  1.502867,  0.650098),  (0.746994,  0.228959)
(-0.455160,  1.502867,  0.650098),  (0.746994,  0.228959)
(-0.379907,  1.438902,  0.426239),  (0.658828,  0.247198)
(-0.415847,  1.400289,  0.777942),  (0.686640,  0.175568)
(-0.445963,  1.475600,  0.970960),  (0.763875,  0.168715)
(-0.353302,  1.416784,  1.045871),  (0.749185,  0.130373)
(-0.297283,  1.457005,  1.126609),  (0.778807,  0.129884)
(-0.297283,  1.457005,  1.126609),  (0.778807,  0.129884)
(-0.321431,  1.503463,  1.004815),  (0.788127,  0.169229)
(-0.445963,  1.475600,  0.970960),  (0.763875,  0.168715)
(-0.057553,  1.533913,  0.921797),  (0.835286,  0.176026)
(-0.297283,  1.457005,  1.126609),  (0.778807,  0.129884)
(-0.066599,  1.417269,  1.064135),  (0.823303,  0.099820)
(-0.297283,  1.457005,  1.126609),  (0.778807,  0.129884)
(-0.057553,  1.533913,  0.921797),  (0.835286,  0.176026)
(-0.321431,  1.503463,  1.004815),  (0.788127,  0.169229)
(-0.374277,  1.602003,  0.765066),  (0.817940,  0.246176)
(-0.321431,  1.503463,  1.004815),  (0.788127,  0.169229)
(-0.118197,  1.557349,  0.793686),  (0.842008,  0.198846)
(-0.118197,  1.557349,  0.793686),  (0.842008,  0.198846)
(-0.321431,  1.503463,  1.004815),  (0.788127,  0.169229)
(-0.057553,  1.533913,  0.921797),  (0.835286,  0.176026)
(-0.321431,  1.503463,  1.004815),  (0.788127,  0.169229)
(-0.374277,  1.602003,  0.765066),  (0.817940,  0.246176)
(-0.455160,  1.502867,  0.650098),  (0.746994,  0.228959)
(-0.321431,  1.503463,  1.004815),  (0.788127,  0.169229)
(-0.455160,  1.502867,  0.650098),  (0.746994,  0.228959)
(-0.445963,  1.475600,  0.970960),  (0.763875,  0.168715)
(-0.097548,  1.527747,  0.749200),  (0.857159,  0.187401)
(-0.369379,  1.556344,  0.663456),  (0.862102,  0.240151)
(-0.118197,  1.557349,  0.793686),  (0.842008,  0.198846)
(-0.374277,  1.602003,  0.765066),  (0.817940,  0.246176)
(-0.118197,  1.557349,  0.793686),  (0.842008,  0.198846)
(-0.369379,  1.556344,  0.663456),  (0.862102,  0.240151)
(-0.413003,  1.505233,  0.660969),  (0.897362,  0.227452)
(-0.097548,  1.527747,  0.749200),  (0.857159,  0.187401)
(-0.256296,  1.473732,  0.834652),  (0.900388,  0.175019)
(-0.097548,  1.527747,  0.749200),  (0.857159,  0.187401)
(-0.413003,  1.505233,  0.660969),  (0.897362,  0.227452)
(-0.369379,  1.556344,  0.663456),  (0.862102,  0.240151)
(-0.003246,  1.474385,  0.837372),  (0.861218,  0.147275)
(-0.097548,  1.527747,  0.749200),  (0.857159,  0.187401)
(-0.057553,  1.533913,  0.921797),  (0.835286,  0.176026)
(-0.057553,  1.533913,  0.921797),  (0.835286,  0.176026)
(-0.097548,  1.527747,  0.749200),  (0.857159,  0.187401)
(-0.118197,  1.557349,  0.793686),  (0.842008,  0.198846)
(-0.256296,  1.473732,  0.834652),  (0.900388,  0.175019)
(-0.003246,  1.474385,  0.837372),  (0.861218,  0.147275)
(-0.185975,  1.437735,  0.839715),  (0.899359,  0.138849)
(-0.003246,  1.474385,  0.837372),  (0.861218,  0.147275)
(-0.256296,  1.473732,  0.834652),  (0.900388,  0.175019)
(-0.097548,  1.527747,  0.749200),  (0.857159,  0.187401)
(-0.321431,  1.503463,  1.004815),  (0.697444,  0.493660)
(-0.415847,  1.400289,  0.777942),  (0.724554,  0.519094)
(-0.445963,  1.475600,  0.970960),  (0.699322,  0.506953)
(-0.415847,  1.400289,  0.777942),  (0.952470,  0.055727)
(-0.321431,  1.503463,  1.004815),  (0.986519,  0.130925)
(-0.156014,  1.364939,  0.866178),  (0.902060,  0.078004)
(-0.415847,  1.400289,  0.777942),  (0.727467,  0.523008)
(-0.075600,  1.396171,  0.537511),  (0.707065,  0.551059)
(-0.379907,  1.438902,  0.426239),  (0.694886,  0.524201)
(-0.075600,  1.396171,  0.537511),  (0.889364,  0.011371)
(-0.415847,  1.400289,  0.777942),  (0.952470,  0.055727)
(-0.156014,  1.364939,  0.866178),  (0.902060,  0.078004)
(0.032253,  1.379235,  0.917139),  (0.864951,  0.083863)
(-0.075600,  1.396171,  0.537511),  (0.889364,  0.011371)
(-0.156014,  1.364939,  0.866178),  (0.902060,  0.078004)
(0.032253,  1.379235,  0.917139),  (0.864951,  0.083863)
(-0.156014,  1.364939,  0.866178),  (0.902060,  0.078004)
(-0.141916,  1.364095,  0.899444),  (0.899792,  0.083987)
(-0.003246,  1.474385,  0.837372),  (0.861218,  0.147275)
(-0.066599,  1.417269,  1.064135),  (0.823303,  0.099820)
(0.032253,  1.379235,  0.917139),  (0.864951,  0.083863)
(-0.066599,  1.417269,  1.064135),  (0.823303,  0.099820)
(-0.003246,  1.474385,  0.837372),  (0.861218,  0.147275)
(-0.057553,  1.533913,  0.921797),  (0.835286,  0.176026)
(-0.185975,  1.437735,  0.839715),  (0.899359,  0.138849)
(-0.003246,  1.474385,  0.837372),  (0.861218,  0.147275)
(0.032253,  1.379235,  0.917139),  (0.864951,  0.083863)
(-0.185975,  1.437735,  0.839715),  (0.899359,  0.138849)
(0.032253,  1.379235,  0.917139),  (0.864951,  0.083863)
(-0.141916,  1.364095,  0.899444),  (0.899792,  0.083987)
(-0.635354,  1.304637,  0.497997),  (0.285540,  0.788627)
(-0.532437,  1.262659,  0.728440),  (0.317369,  0.815880)
(-0.891828,  1.351955,  0.884879),  (0.271855,  0.836823)
(-0.532437,  1.262659,  0.728440),  (0.317369,  0.815880)
(-0.862654,  1.261381,  0.998005),  (0.306114,  0.850331)
(-0.891828,  1.351955,  0.884879),  (0.271855,  0.836823)
(0.155360,  1.320732,  0.858671),  (0.816080,  0.299084)
(0.160158,  1.345685,  0.554892),  (0.763422,  0.325854)
(0.032253,  1.379235,  0.917139),  (0.798058,  0.259094)
(-0.075600,  1.396171,  0.537511),  (0.725043,  0.285915)
(0.032253,  1.379235,  0.917139),  (0.798058,  0.259094)
(0.160158,  1.345685,  0.554892),  (0.763422,  0.325854)
(-1.105540,  1.325443,  0.831301),  (0.270424,  0.860531)
(-0.891828,  1.351955,  0.884879),  (0.271855,  0.836823)
(-0.862654,  1.261381,  0.998005),  (0.306114,  0.850331)
(-1.105540,  1.325443,  0.831301),  (0.270424,  0.860531)
(-0.862654,  1.261381,  0.998005),  (0.306114,  0.850331)
(-0.993148,  1.251996,  1.061279),  (0.305663,  0.863227)
(-1.105540,  1.325443,  0.831301),  (0.270424,  0.860531)
(-0.993148,  1.251996,  1.061279),  (0.305663,  0.863227)
(-1.174127,  1.245934,  0.805126),  (0.285966,  0.885199)
(-1.105540,  1.325443,  0.831301),  (0.270424,  0.860531)
(-1.174127,  1.245934,  0.805126),  (0.285966,  0.885199)
(-1.163173,  1.282261,  0.696838),  (0.270846,  0.882576)
(-0.350188,  1.471691,  0.057503),  (0.610918,  0.303884)
(-0.379907,  1.438902,  0.426239),  (0.658828,  0.247198)
(0.022804,  1.427313,  0.204050),  (0.675705,  0.333236)
(-0.075600,  1.396171,  0.537511),  (0.725043,  0.285915)
(0.022804,  1.427313,  0.204050),  (0.675705,  0.333236)
(-0.379907,  1.438902,  0.426239),  (0.658828,  0.247198)
(-0.208114,  1.297725,  0.281871),  (0.294636,  0.747751)
(-0.156113,  1.298392,  -0.236655),  (0.286320,  0.690028)
(-0.090959,  1.252204,  -0.087927),  (0.305014,  0.700739)
(-0.156113,  1.298392,  -0.236655),  (0.286320,  0.690028)
(-0.099217,  1.245913,  -0.242231),  (0.303261,  0.684228)
(-0.090959,  1.252204,  -0.087927),  (0.305014,  0.700739)
(0.160158,  1.345685,  0.554892),  (0.763422,  0.325854)
(0.155360,  1.320732,  0.858671),  (0.816080,  0.299084)
(0.311160,  1.290496,  0.767076),  (0.824201,  0.335402)
(0.311160,  1.290496,  0.767076),  (0.824201,  0.335402)
(0.172853,  1.305797,  0.397124),  (0.758456,  0.362498)
(0.160158,  1.345685,  0.554892),  (0.763422,  0.325854)
(0.172853,  1.305797,  0.397124),  (0.758456,  0.362498)
(0.022804,  1.427313,  0.204050),  (0.675705,  0.333236)
(-0.075600,  1.396171,  0.537511),  (0.725043,  0.285915)
(0.172853,  1.305797,  0.397124),  (0.758456,  0.362498)
(-0.075600,  1.396171,  0.537511),  (0.725043,  0.285915)
(0.160158,  1.345685,  0.554892),  (0.763422,  0.325854)
(-0.049967,  1.269776,  0.141655),  (0.729246,  0.421874)
(0.022804,  1.427313,  0.204050),  (0.675705,  0.333236)
(0.172853,  1.305797,  0.397124),  (0.758456,  0.362498)
(0.022804,  1.427313,  0.204050),  (0.675705,  0.333236)
(-0.049967,  1.269776,  0.141655),  (0.729246,  0.421874)
(0.020882,  1.423594,  0.060746),  (0.657074,  0.350044)
(-0.049967,  1.269776,  0.141655),  (0.737588,  0.582713)
(-0.208114,  1.297725,  0.281871),  (0.718226,  0.580038)
(0.172853,  1.305797,  0.397124),  (0.735517,  0.552261)
(-0.208114,  1.297725,  0.281871),  (0.738397,  0.532427)
(-0.049967,  1.269776,  0.141654),  (0.753306,  0.545071)
(-0.090959,  1.252204,  -0.087928),  (0.751858,  0.565797)
(0.172853,  1.305797,  0.397124),  (0.298646,  0.741635)
(0.311160,  1.290496,  0.767076),  (0.311753,  0.709077)
(0.013694,  1.294892,  0.661090),  (0.315181,  0.743226)
(-0.202396,  1.228254,  0.520531),  (0.329087,  0.775960)
(0.172853,  1.305797,  0.397124),  (0.298646,  0.741635)
(0.013694,  1.294892,  0.661090),  (0.315181,  0.743226)
(0.172853,  1.305797,  0.397124),  (0.298646,  0.741635)
(-0.202396,  1.228254,  0.520531),  (0.329087,  0.775960)
(-0.208114,  1.297725,  0.281871),  (0.305776,  0.774192)
(-0.037707,  1.395240,  -0.142412),  (0.637132,  0.389233)
(-0.090959,  1.252204,  -0.087927),  (0.701329,  0.458243)
(-0.048268,  1.345762,  -0.247033),  (0.640430,  0.426984)
(-0.048268,  1.345762,  -0.247033),  (0.640430,  0.426984)
(-0.090959,  1.252204,  -0.087927),  (0.701329,  0.458243)
(-0.064913,  1.245954,  -0.257891),  (0.677304,  0.480658)
(-0.049967,  1.269776,  0.141655),  (0.729246,  0.421874)
(-0.037707,  1.395240,  -0.142412),  (0.637132,  0.389233)
(0.020882,  1.423594,  0.060746),  (0.657074,  0.350044)
(-0.037707,  1.395240,  -0.142412),  (0.637132,  0.389233)
(-0.049967,  1.269776,  0.141655),  (0.729246,  0.421874)
(-0.090959,  1.252204,  -0.087927),  (0.701329,  0.458243)
(-0.208114,  1.297725,  0.281871),  (0.294636,  0.747751)
(-0.635354,  1.304637,  0.497997),  (0.285540,  0.788627)
(-0.413092,  1.363902,  0.221395),  (0.269032,  0.750181)
(-0.635354,  1.304637,  0.497997),  (0.285540,  0.788627)
(-0.208114,  1.297725,  0.281871),  (0.294636,  0.747751)
(-0.532437,  1.262659,  0.728440),  (0.317369,  0.815880)
(-0.635354,  1.304637,  0.497997),  (0.285540,  0.788627)
(-0.547628,  1.395210,  0.516220),  (0.257299,  0.784164)
(-0.413092,  1.363902,  0.221395),  (0.269032,  0.750181)
(-0.635354,  1.304637,  0.497997),  (0.285540,  0.788627)
(-0.891828,  1.351955,  0.884879),  (0.271855,  0.836823)
(-0.547628,  1.395210,  0.516220),  (0.257299,  0.784164)
(-0.413092,  1.363902,  0.221395),  (0.269032,  0.750181)
(-0.377898,  1.430217,  0.393340),  (0.244523,  0.765449)
(-0.223025,  1.415012,  0.355794),  (0.242290,  0.750943)
(-0.377898,  1.430217,  0.393340),  (0.244523,  0.765449)
(-0.413092,  1.363902,  0.221395),  (0.269032,  0.750181)
(-0.547628,  1.395210,  0.516220),  (0.257299,  0.784164)
(-0.413092,  1.363902,  0.221395),  (0.269032,  0.750181)
(-0.063237,  1.384845,  -0.185266),  (0.261178,  0.694616)
(-0.156113,  1.298392,  -0.236655),  (0.286320,  0.690028)
(-0.413092,  1.363902,  0.221395),  (0.269032,  0.750181)
(-0.156113,  1.298392,  -0.236655),  (0.286320,  0.690028)
(-0.208114,  1.297725,  0.281871),  (0.294636,  0.747751)
(-0.223025,  1.415012,  0.355794),  (0.242290,  0.750943)
(0.011707,  1.441693,  0.077448),  (0.234496,  0.712915)
(-0.413092,  1.363902,  0.221395),  (0.269032,  0.750181)
(0.011707,  1.441693,  0.077448),  (0.234496,  0.712915)
(-0.063237,  1.384845,  -0.185266),  (0.261178,  0.694616)
(-0.413092,  1.363902,  0.221395),  (0.269032,  0.750181)
(-0.599936,  1.403107,  1.336055),  (0.721798,  0.069376)
(-0.460135,  1.404827,  1.018583),  (0.706051,  0.132887)
(-0.623915,  1.377406,  1.025967),  (0.678873,  0.112462)
(-0.623915,  1.377406,  1.025967),  (0.678873,  0.112462)
(-0.760754,  1.375927,  1.384490),  (0.698450,  0.043507)
(-0.599936,  1.403107,  1.336055),  (0.721798,  0.069376)
(-0.460135,  1.404827,  1.018583),  (0.706051,  0.132887)
(-0.442722,  1.403317,  1.285251),  (0.743342,  0.084366)
(-0.353302,  1.416784,  1.045871),  (0.749185,  0.130373)
(-0.442722,  1.403317,  1.285251),  (0.743342,  0.084366)
(-0.460135,  1.404827,  1.018583),  (0.706051,  0.132887)
(-0.599936,  1.403107,  1.336055),  (0.721798,  0.069376)
(-0.442722,  1.403317,  1.285251),  (0.743342,  0.084366)
(-0.297283,  1.457005,  1.126609),  (0.778807,  0.129884)
(-0.353302,  1.416784,  1.045871),  (0.749185,  0.130373)
(-0.297283,  1.457005,  1.126609),  (0.778807,  0.129884)
(-0.442722,  1.403317,  1.285251),  (0.743342,  0.084366)
(-0.241836,  1.397459,  1.280508),  (0.772639,  0.081977)
(-1.222167,  1.328676,  0.627848),  (0.540543,  0.108998)
(-1.116113,  1.322037,  0.971745),  (0.584790,  0.060156)
(-1.053524,  1.360245,  0.623628),  (0.570905,  0.130645)
(-1.116113,  1.322037,  0.971745),  (0.584790,  0.060156)
(-0.998898,  1.354531,  0.974927),  (0.611649,  0.076215)
(-1.053524,  1.360245,  0.623628),  (0.570905,  0.130645)
(-1.116113,  1.322037,  0.971745),  (0.584790,  0.060156)
(-1.123765,  1.259736,  1.159666),  (0.579375,  0.006961)
(-0.888024,  1.309234,  1.233460),  (0.632462,  0.019929)
(-0.888024,  1.309234,  1.233460),  (0.632462,  0.019929)
(-0.998898,  1.354531,  0.974927),  (0.611649,  0.076215)
(-1.116113,  1.322037,  0.971745),  (0.584790,  0.060156)
(-1.053524,  1.360245,  0.623628),  (0.570905,  0.130645)
(-0.998898,  1.354531,  0.974927),  (0.611649,  0.076215)
(-0.826893,  1.388824,  0.606899),  (0.605978,  0.159345)
(-0.826893,  1.388824,  0.606899),  (0.605978,  0.159345)
(-0.998898,  1.354531,  0.974927),  (0.611649,  0.076215)
(-0.879140,  1.389278,  1.012766),  (0.639218,  0.088688)
(-0.959671,  1.355979,  1.352042),  (0.666439,  0.026446)
(-0.879140,  1.389278,  1.012766),  (0.639218,  0.088688)
(-0.888024,  1.309234,  1.233460),  (0.632462,  0.019929)
(-0.888024,  1.309234,  1.233460),  (0.632462,  0.019929)
(-0.879140,  1.389278,  1.012766),  (0.639218,  0.088688)
(-0.998898,  1.354531,  0.974927),  (0.611649,  0.076215)
(-0.760754,  1.375927,  1.384490),  (0.698450,  0.043507)
(-0.623915,  1.377406,  1.025967),  (0.678873,  0.112462)
(-0.879140,  1.389278,  1.012766),  (0.639218,  0.088688)
(-0.879140,  1.389278,  1.012766),  (0.639218,  0.088688)
(-0.959671,  1.355979,  1.352042),  (0.666439,  0.026446)
(-0.760754,  1.375927,  1.384490),  (0.698450,  0.043507)
(-1.162030,  1.234870,  1.075019),  (0.555130,  0.006520)
(-1.123765,  1.259736,  1.159666),  (0.579375,  0.006961)
(-1.183178,  1.280974,  0.990779),  (0.564451,  0.039041)
(-1.123765,  1.259736,  1.159666),  (0.579375,  0.006961)
(-1.116113,  1.322037,  0.971745),  (0.584790,  0.060156)
(-1.183178,  1.280974,  0.990779),  (0.564451,  0.039041)
