(0.326564,  1.753324,  0.073141),  (0.489366,  0.203741)
(0.616484,  2.230955,  0.067973),  (0.536218,  0.226204)
(0.326564,  2.027369,  0.058158),  (0.526848,  0.199635)
(0.616484,  2.230955,  0.067973),  (0.536218,  0.226204)
(0.326564,  1.753324,  0.073141),  (0.489366,  0.203741)
(0.616484,  1.910658,  0.085485),  (0.498282,  0.234020)
(0.326564,  1.753324,  -0.073141),  (0.142596,  0.584037)
(0.616484,  -2.500000,  -0.085485),  (0.114226,  0.986067)
(0.326564,  -2.496842,  -0.073141),  (0.142653,  0.984933)
(0.616484,  -2.500000,  -0.085485),  (0.114226,  0.986067)
(0.326564,  1.753324,  -0.073141),  (0.142596,  0.584037)
(0.616484,  1.910658,  -0.085485),  (0.112313,  0.575120)
(-0.326564,  1.753324,  -0.073141),  (0.184257,  0.584037)
(-0.616484,  -2.500000,  -0.085485),  (0.212628,  0.986067)
(-0.616484,  1.910658,  -0.085485),  (0.214540,  0.575120)
(-0.616484,  -2.500000,  -0.085485),  (0.212628,  0.986067)
(-0.326564,  1.753324,  -0.073141),  (0.184257,  0.584037)
(-0.326564,  -2.496842,  -0.073141),  (0.184201,  0.984933)
(-0.326564,  1.753324,  0.073141),  (0.489366,  0.162085)
(-0.326564,  -2.496842,  0.073141),  (0.088513,  0.162141)
(0.326564,  1.753324,  0.073141),  (0.489366,  0.203741)
(0.326564,  1.753324,  0.073141),  (0.489366,  0.203741)
(-0.326564,  -2.496842,  0.073141),  (0.088513,  0.162141)
(0.326564,  -2.496842,  0.073141),  (0.088513,  0.203684)
(-0.616484,  2.230955,  0.067973),  (0.536219,  0.139621)
(-0.326564,  1.753324,  0.073141),  (0.489366,  0.162085)
(-0.326564,  2.027369,  0.058158),  (0.526848,  0.166190)
(-0.326564,  1.753324,  0.073141),  (0.489366,  0.162085)
(-0.616484,  2.230955,  0.067973),  (0.536219,  0.139621)
(-0.616484,  1.910658,  0.085485),  (0.498282,  0.131805)
(-0.326564,  1.753324,  -0.073141),  (0.184257,  0.584037)
(-0.616484,  2.230955,  -0.067973),  (0.206723,  0.537179)
(-0.326564,  2.027369,  -0.058158),  (0.180151,  0.546550)
(-0.616484,  2.230955,  -0.067973),  (0.206723,  0.537179)
(-0.326564,  1.753324,  -0.073141),  (0.184257,  0.584037)
(-0.616484,  1.910658,  -0.085485),  (0.214540,  0.575120)
(-0.326564,  2.027369,  -0.058158),  (0.180151,  0.546550)
(0.326564,  2.027369,  -0.058158),  (0.146702,  0.546550)
(0.326564,  1.753324,  -0.073141),  (0.142596,  0.584037)
(-0.326564,  2.027369,  -0.058158),  (0.180151,  0.546550)
(0.326564,  1.753324,  -0.073141),  (0.142596,  0.584037)
(-0.326564,  1.753324,  -0.073141),  (0.184257,  0.584037)
(-0.326564,  2.027369,  -0.058158),  (0.106017,  0.468927)
(0.326564,  2.027369,  0.058158),  (0.306089,  0.429063)
(0.326564,  2.027369,  -0.058158),  (0.106017,  0.429063)
(0.326564,  2.027369,  0.058158),  (0.306089,  0.429063)
(-0.326564,  2.027369,  -0.058158),  (0.106017,  0.468927)
(-0.326564,  2.027369,  0.058158),  (0.306090,  0.468927)
(0.616483,  2.500000,  -0.100000),  (0.575193,  0.492537)
(0.616484,  -2.500000,  -0.100000),  (0.575193,  0.988058)
(0.616484,  1.910658,  -0.085485),  (0.601348,  0.550943)
(0.616484,  -2.500000,  -0.085485),  (0.601348,  0.988058)
(0.616484,  1.910658,  -0.085485),  (0.601348,  0.550943)
(0.616484,  -2.500000,  -0.100000),  (0.575193,  0.988058)
(-0.326564,  1.753324,  0.073141),  (0.489366,  0.162085)
(-0.616484,  -2.500000,  0.085485),  (0.087379,  0.133717)
(-0.326564,  -2.496842,  0.073141),  (0.088513,  0.162141)
(-0.616484,  -2.500000,  0.085485),  (0.087379,  0.133717)
(-0.326564,  1.753324,  0.073141),  (0.489366,  0.162085)
(-0.616484,  1.910658,  0.085485),  (0.498282,  0.131805)
(0.326564,  1.753324,  0.073141),  (0.489366,  0.203741)
(0.616484,  -2.500000,  0.085485),  (0.087379,  0.232108)
(0.616484,  1.910658,  0.085485),  (0.498282,  0.234020)
(0.616484,  -2.500000,  0.085485),  (0.087379,  0.232108)
(0.326564,  1.753324,  0.073141),  (0.489366,  0.203741)
(0.326564,  -2.496842,  0.073141),  (0.088513,  0.203684)
(0.326564,  1.753324,  -0.073141),  (0.142596,  0.584037)
(-0.326564,  -2.496842,  -0.073141),  (0.184201,  0.984933)
(-0.326564,  1.753324,  -0.073141),  (0.184257,  0.584037)
(-0.326564,  -2.496842,  -0.073141),  (0.184201,  0.984933)
(0.326564,  1.753324,  -0.073141),  (0.142596,  0.584037)
(0.326564,  -2.496842,  -0.073141),  (0.142653,  0.984933)
(-0.616484,  2.230955,  -0.067973),  (0.089133,  0.495082)
(-0.616484,  2.230955,  0.067973),  (0.322973,  0.495082)
(-0.326564,  2.027369,  0.058158),  (0.306090,  0.468927)
(-0.616484,  2.230955,  -0.067973),  (0.089133,  0.495082)
(-0.326564,  2.027369,  0.058158),  (0.306090,  0.468927)
(-0.326564,  2.027369,  -0.058158),  (0.106017,  0.468927)
(0.616484,  2.500000,  0.100000),  (0.892210,  0.215923)
(-0.616484,  2.500000,  -0.100000),  (0.548193,  0.140669)
(0.616483,  2.500000,  -0.100000),  (0.548193,  0.215923)
(-0.616484,  2.500000,  -0.100000),  (0.548193,  0.140669)
(0.616484,  2.500000,  0.100000),  (0.892210,  0.215923)
(-0.616484,  2.500000,  0.100000),  (0.892210,  0.140669)
(-0.616484,  2.500000,  -0.100000),  (0.566730,  0.512646)
(-0.616484,  2.230955,  -0.067973),  (0.511642,  0.538099)
(-0.616484,  1.910658,  -0.085485),  (0.541763,  0.568400)
(-0.616484,  2.500000,  0.100000),  (0.501955,  0.105949)
(0.616484,  -2.500000,  0.100000),  (0.028932,  0.030695)
(-0.616484,  -2.500000,  0.100000),  (0.028932,  0.105949)
(0.616484,  -2.500000,  0.100000),  (0.028932,  0.030695)
(-0.616484,  2.500000,  0.100000),  (0.501955,  0.105949)
(0.616484,  2.500000,  0.100000),  (0.501955,  0.030695)
(0.616484,  2.230955,  0.067973),  (0.322973,  0.402909)
(0.616484,  2.230955,  -0.067973),  (0.089133,  0.402909)
(0.326564,  2.027369,  -0.058158),  (0.106017,  0.429063)
(0.616484,  2.230955,  0.067973),  (0.322973,  0.402909)
(0.326564,  2.027369,  -0.058158),  (0.106017,  0.429063)
(0.326564,  2.027369,  0.058158),  (0.306089,  0.429063)
(-0.326564,  1.753324,  0.073141),  (0.489366,  0.162085)
(0.326564,  2.027369,  0.058158),  (0.526848,  0.199635)
(-0.326564,  2.027369,  0.058158),  (0.526848,  0.166190)
(0.326564,  2.027369,  0.058158),  (0.526848,  0.199635)
(-0.326564,  1.753324,  0.073141),  (0.489366,  0.162085)
(0.326564,  1.753324,  0.073141),  (0.489366,  0.203741)
(0.616484,  2.230955,  -0.067973),  (0.120130,  0.537179)
(0.326564,  1.753324,  -0.073141),  (0.142596,  0.584037)
(0.326564,  2.027369,  -0.058158),  (0.146702,  0.546550)
(0.326564,  1.753324,  -0.073141),  (0.142596,  0.584037)
(0.616484,  2.230955,  -0.067973),  (0.120130,  0.537179)
(0.616484,  1.910658,  -0.085485),  (0.112313,  0.575120)
(0.616483,  2.500000,  -0.100000),  (0.557905,  0.325886)
(-0.616484,  -2.500000,  -0.100000),  (0.084882,  0.250632)
(0.616484,  -2.500000,  -0.100000),  (0.084882,  0.325886)
(-0.616484,  -2.500000,  -0.100000),  (0.084882,  0.250632)
(0.616483,  2.500000,  -0.100000),  (0.557905,  0.325886)
(-0.616484,  2.500000,  -0.100000),  (0.557905,  0.250632)
(-0.616484,  2.500000,  0.100000),  (0.222714,  0.512646)
(-0.616484,  2.230955,  -0.067973),  (0.511642,  0.538099)
(-0.616484,  2.500000,  -0.100000),  (0.566730,  0.512646)
(-0.616484,  2.230955,  -0.067973),  (0.511642,  0.538099)
(-0.616484,  2.500000,  0.100000),  (0.222714,  0.512646)
(-0.616484,  2.230955,  0.067973),  (0.277802,  0.538099)
(-0.616484,  -2.500000,  0.100000),  (0.222711,  0.985669)
(-0.616484,  1.910658,  0.085485),  (0.247681,  0.568401)
(-0.616484,  2.500000,  0.100000),  (0.222714,  0.512646)
(-0.616484,  1.910658,  0.085485),  (0.247681,  0.568401)
(-0.616484,  -2.500000,  0.100000),  (0.222711,  0.985669)
(-0.616484,  -2.500000,  0.085485),  (0.247678,  0.985669)
(0.616484,  2.230955,  0.067973),  (0.877865,  0.519200)
(0.616483,  2.500000,  -0.100000),  (0.575193,  0.492537)
(0.616484,  2.230955,  -0.067973),  (0.632902,  0.519200)
(0.616484,  2.500000,  0.100000),  (0.935573,  0.492537)
(0.616483,  2.500000,  -0.100000),  (0.575193,  0.492537)
(0.616484,  2.230955,  0.067973),  (0.877865,  0.519200)
(0.616484,  2.230955,  -0.067973),  (0.632902,  0.519200)
(0.616483,  2.500000,  -0.100000),  (0.575193,  0.492537)
(0.616484,  1.910658,  -0.085485),  (0.601348,  0.550943)
(-0.616484,  -2.500000,  -0.100000),  (0.566732,  0.985668)
(-0.616484,  2.500000,  -0.100000),  (0.566730,  0.512646)
(-0.616484,  1.910658,  -0.085485),  (0.541763,  0.568400)
(-0.616484,  -2.500000,  -0.100000),  (0.566732,  0.985668)
(-0.616484,  1.910658,  -0.085485),  (0.541763,  0.568400)
(-0.616484,  -2.500000,  -0.085485),  (0.541765,  0.985668)
(0.616484,  -2.500000,  0.100000),  (0.935573,  0.988043)
(0.616484,  2.500000,  0.100000),  (0.935573,  0.492537)
(0.616484,  1.910658,  0.085485),  (0.909418,  0.550942)
(0.616484,  1.910658,  0.085485),  (0.909418,  0.550942)
(0.616484,  -2.500000,  0.085485),  (0.909418,  0.988043)
(0.616484,  -2.500000,  0.100000),  (0.935573,  0.988043)
(-0.616484,  2.500000,  0.100000),  (0.222714,  0.512646)
(-0.616484,  1.910658,  0.085485),  (0.247681,  0.568401)
(-0.616484,  2.230955,  0.067973),  (0.277802,  0.538099)
(0.616484,  1.910658,  0.085485),  (0.909418,  0.550942)
(0.616484,  2.500000,  0.100000),  (0.935573,  0.492537)
(0.616484,  2.230955,  0.067973),  (0.877865,  0.519200)
(0.756308,  2.054758,  -0.066282),  (0.726632,  0.024280)
(0.036684,  1.449412,  -0.072813),  (0.656221,  0.034340)
(0.904717,  2.057794,  -0.070326),  (0.731860,  0.034340)
(0.036684,  1.449412,  -0.072813),  (0.656221,  0.034340)
(0.756308,  2.054758,  -0.066282),  (0.726632,  0.024280)
(0.022125,  1.540187,  -0.068386),  (0.662656,  0.024280)
(0.036684,  1.449412,  -0.072813),  (0.656221,  0.034340)
(1.380464,  2.051260,  -0.068963),  (0.748842,  0.055209)
(0.904717,  2.057794,  -0.070326),  (0.731860,  0.034340)
(0.046626,  1.116405,  -0.072784),  (0.632613,  0.055209)
(1.380464,  2.051260,  -0.068963),  (0.748842,  0.055209)
(0.036684,  1.449412,  -0.072813),  (0.656221,  0.034340)
(1.380464,  2.051260,  -0.068963),  (0.748842,  0.055209)
(0.046626,  1.116405,  -0.072784),  (0.632613,  0.055209)
(1.491426,  2.044661,  -0.064176),  (0.752873,  0.065270)
(0.111337,  1.077390,  -0.068130),  (0.632613,  0.065270)
(1.491426,  2.044661,  -0.064176),  (0.752873,  0.065270)
(0.046626,  1.116405,  -0.072784),  (0.632613,  0.055209)
(1.799438,  2.046546,  -0.063294),  (0.101992,  0.379506)
(1.407994,  1.671214,  -0.068884),  (0.092914,  0.337468)
(1.947826,  2.049568,  -0.067338),  (0.091811,  0.384495)
(1.407994,  1.671214,  -0.068884),  (0.092914,  0.337468)
(1.799438,  2.046546,  -0.063294),  (0.101992,  0.379506)
(1.262842,  1.670460,  -0.064831),  (0.103088,  0.332760)
(1.947826,  2.049568,  -0.067338),  (0.091811,  0.384495)
(1.897011,  1.673979,  -0.067483),  (0.071626,  0.355112)
(2.422687,  2.042412,  -0.065977),  (0.070552,  0.400907)
(1.897011,  1.673979,  -0.067483),  (0.071626,  0.355112)
(1.947826,  2.049568,  -0.067338),  (0.091811,  0.384495)
(1.407994,  1.671214,  -0.068884),  (0.092914,  0.337468)
(2.422687,  2.042412,  -0.065977),  (0.070552,  0.400907)
(2.018464,  1.674733,  -0.062667),  (0.061452,  0.359820)
(2.533185,  2.035488,  -0.061192),  (0.060400,  0.404660)
(2.018464,  1.674733,  -0.062667),  (0.061452,  0.359820)
(2.422687,  2.042412,  -0.065977),  (0.070552,  0.400907)
(1.897011,  1.673979,  -0.067483),  (0.071626,  0.355112)
(3.225147,  -0.012449,  -0.063678),  (0.023259,  0.719960)
(0.449984,  -2.297467,  -0.071629),  (0.044128,  0.986258)
(3.506007,  -0.155576,  -0.062874),  (0.044128,  0.719960)
(0.449984,  -2.297467,  -0.071629),  (0.044128,  0.986258)
(3.225147,  -0.012449,  -0.063678),  (0.023259,  0.719960)
(0.169125,  -2.154339,  -0.072433),  (0.023259,  0.986258)
(3.136739,  0.026567,  -0.059463),  (0.013199,  0.719960)
(0.169125,  -2.154339,  -0.072433),  (0.023259,  0.986258)
(3.225147,  -0.012449,  -0.063678),  (0.023259,  0.719960)
(0.169125,  -2.154339,  -0.072433),  (0.023259,  0.986258)
(3.136739,  0.026567,  -0.059463),  (0.013199,  0.719960)
(0.080717,  -2.115324,  -0.068218),  (0.013199,  0.986258)
(3.506007,  -0.155576,  -0.062874),  (0.044128,  0.719960)
(0.449984,  -2.297467,  -0.071629),  (0.044128,  0.986258)
(3.570718,  -0.194592,  -0.058220),  (0.054189,  0.719960)
(0.514694,  -2.336482,  -0.066975),  (0.054189,  0.986258)
(3.570718,  -0.194592,  -0.058220),  (0.054189,  0.719960)
(0.449984,  -2.297467,  -0.071629),  (0.044128,  0.986258)
(4.269923,  -0.758822,  -0.060685),  (0.956513,  0.678324)
(2.283592,  -2.150992,  -0.066376),  (0.956513,  0.851411)
(4.287045,  -1.086796,  -0.060636),  (0.977382,  0.701305)
(2.564451,  -2.294119,  -0.065571),  (0.977382,  0.851411)
(4.287045,  -1.086796,  -0.060636),  (0.977382,  0.701305)
(2.283592,  -2.150992,  -0.066376),  (0.956513,  0.851411)
(4.287045,  -1.086796,  -0.060636),  (0.977382,  0.701305)
(2.564451,  -2.294119,  -0.065571),  (0.977382,  0.851411)
(4.273571,  -1.180609,  -0.056206),  (0.987442,  0.708118)
(2.629161,  -2.333135,  -0.060917),  (0.987442,  0.851411)
(4.273571,  -1.180609,  -0.056206),  (0.987442,  0.708118)
(2.564451,  -2.294119,  -0.065571),  (0.977382,  0.851411)
(4.247114,  -0.673829,  -0.056282),  (0.946452,  0.672607)
(2.195184,  -2.111977,  -0.062160),  (0.946452,  0.851411)
(4.269923,  -0.758822,  -0.060685),  (0.956513,  0.678324)
(2.283592,  -2.150992,  -0.066376),  (0.956513,  0.851411)
(4.269923,  -0.758822,  -0.060685),  (0.956513,  0.678324)
(2.195184,  -2.111977,  -0.062160),  (0.946452,  0.851411)
(4.109158,  1.439933,  -0.056677),  (0.064427,  0.606944)
(-0.043754,  -1.463247,  -0.068574),  (0.064427,  0.968282)
(4.197567,  1.400917,  -0.060893),  (0.074487,  0.606936)
(-0.002816,  -1.535534,  -0.072926),  (0.074491,  0.972411)
(4.197567,  1.400917,  -0.060893),  (0.074487,  0.606936)
(-0.043754,  -1.463247,  -0.068574),  (0.064427,  0.968282)
(4.197567,  1.400917,  -0.060893),  (0.074487,  0.606936)
(-0.002816,  -1.535534,  -0.072926),  (0.074491,  0.972411)
(4.315584,  1.151152,  -0.060555),  (0.094913,  0.620561)
(0.103896,  -1.800716,  -0.072620),  (0.095378,  0.987559)
(4.315584,  1.151152,  -0.060555),  (0.094913,  0.620561)
(-0.002816,  -1.535534,  -0.072926),  (0.074491,  0.972411)
(4.315584,  1.151152,  -0.060555),  (0.094913,  0.620561)
(0.103896,  -1.800716,  -0.072620),  (0.095378,  0.987559)
(4.330057,  1.072794,  -0.056044),  (0.105125,  0.625223)
(0.168606,  -1.839731,  -0.067966),  (0.105439,  0.987547)
(4.330057,  1.072794,  -0.056044),  (0.105125,  0.625223)
(0.103896,  -1.800716,  -0.072620),  (0.095378,  0.987559)
(3.744886,  -0.286513,  -0.057721),  (0.011806,  0.481628)
(1.219065,  -2.157778,  -0.069426),  (0.021867,  0.709431)
(3.833295,  -0.325529,  -0.061936),  (0.021867,  0.481628)
(1.219065,  -2.157778,  -0.069426),  (0.021867,  0.709431)
(3.744886,  -0.286513,  -0.057721),  (0.011806,  0.481628)
(1.130657,  -2.118762,  -0.065210),  (0.011807,  0.709431)
(3.833295,  -0.325529,  -0.061936),  (0.021867,  0.481628)
(1.499924,  -2.300905,  -0.068621),  (0.042736,  0.709431)
(4.114154,  -0.468656,  -0.061132),  (0.042736,  0.481628)
(1.499924,  -2.300905,  -0.068621),  (0.042736,  0.709431)
(3.833295,  -0.325529,  -0.061936),  (0.021867,  0.481628)
(1.219065,  -2.157778,  -0.069426),  (0.021867,  0.709431)
(4.114154,  -0.468656,  -0.061132),  (0.042736,  0.481628)
(1.499924,  -2.300905,  -0.068621),  (0.042736,  0.709431)
(4.178864,  -0.507672,  -0.056477),  (0.052797,  0.481628)
(1.564634,  -2.339920,  -0.063967),  (0.052796,  0.709431)
(4.178864,  -0.507672,  -0.056477),  (0.052797,  0.481628)
(1.499924,  -2.300905,  -0.068621),  (0.042736,  0.709431)
(3.842480,  2.028670,  -0.057605),  (0.622579,  0.079587)
(3.000728,  1.438707,  -0.060016),  (0.549230,  0.079587)
(3.930889,  1.989655,  -0.061820),  (0.622579,  0.089648)
(3.014491,  1.347374,  -0.064445),  (0.542725,  0.089648)
(3.930889,  1.989655,  -0.061820),  (0.622579,  0.089648)
(3.000728,  1.438707,  -0.060016),  (0.549230,  0.079587)
(3.930889,  1.989655,  -0.061820),  (0.622579,  0.089648)
(3.014491,  1.347374,  -0.064445),  (0.542725,  0.089648)
(4.211748,  1.846527,  -0.061016),  (0.622579,  0.110517)
(3.021508,  1.012318,  -0.064425),  (0.518863,  0.110517)
(4.211748,  1.846527,  -0.061016),  (0.622579,  0.110517)
(3.014491,  1.347374,  -0.064445),  (0.542725,  0.089648)
(4.211748,  1.846527,  -0.061016),  (0.622579,  0.110517)
(3.021508,  1.012318,  -0.064425),  (0.518863,  0.110517)
(4.276458,  1.807512,  -0.056361),  (0.622579,  0.120577)
(3.011572,  0.920984,  -0.059985),  (0.512359,  0.120577)
(4.276458,  1.807512,  -0.056361),  (0.622579,  0.120577)
(3.021508,  1.012318,  -0.064425),  (0.518863,  0.110517)
(3.622666,  -2.291758,  -0.062540),  (0.895321,  0.235092)
(4.253324,  -1.849746,  -0.060733),  (0.840366,  0.235092)
(3.341807,  -2.148631,  -0.063344),  (0.895321,  0.255961)
(4.253324,  -1.849746,  -0.060733),  (0.840366,  0.235092)
(4.259308,  -1.505577,  -0.060716),  (0.815370,  0.255961)
(3.341807,  -2.148631,  -0.063344),  (0.895321,  0.255961)
(4.258230,  -1.405354,  -0.056250),  (0.807760,  0.266022)
(3.253399,  -2.109615,  -0.059129),  (0.895321,  0.266022)
(4.259308,  -1.505577,  -0.060716),  (0.815370,  0.255961)
(3.341807,  -2.148631,  -0.063344),  (0.895321,  0.255961)
(4.259308,  -1.505577,  -0.060716),  (0.815370,  0.255961)
(3.253399,  -2.109615,  -0.059129),  (0.895321,  0.266022)
(4.253324,  -1.849746,  -0.060733),  (0.840366,  0.235092)
(3.622666,  -2.291758,  -0.062540),  (0.895321,  0.235092)
(4.248983,  -1.937157,  -0.056277),  (0.846383,  0.225031)
(3.687377,  -2.330773,  -0.057885),  (0.895321,  0.225031)
(4.248983,  -1.937157,  -0.056277),  (0.846383,  0.225031)
(3.622666,  -2.291758,  -0.062540),  (0.895321,  0.235092)
(3.445116,  2.048529,  -0.063212),  (0.904652,  0.063717)
(2.900142,  1.666571,  -0.064773),  (0.903250,  0.111184)
(3.554612,  2.040903,  -0.058429),  (0.914824,  0.060113)
(2.967919,  1.629704,  -0.060110),  (0.913314,  0.111214)
(3.554612,  2.040903,  -0.058429),  (0.914824,  0.060113)
(2.900142,  1.666571,  -0.064773),  (0.903250,  0.111184)
(2.972173,  2.057030,  -0.064567),  (0.883298,  0.079831)
(2.900142,  1.666571,  -0.064773),  (0.903250,  0.111184)
(3.445116,  2.048529,  -0.063212),  (0.904652,  0.063717)
(2.900142,  1.666571,  -0.064773),  (0.903250,  0.111184)
(2.972173,  2.057030,  -0.064567),  (0.883298,  0.079831)
(2.429958,  1.677004,  -0.066120),  (0.881903,  0.127058)
(2.823828,  2.054038,  -0.060523),  (0.873088,  0.084754)
(2.429958,  1.677004,  -0.066120),  (0.881903,  0.127058)
(2.972173,  2.057030,  -0.064567),  (0.883298,  0.079831)
(2.429958,  1.677004,  -0.066120),  (0.881903,  0.127058)
(2.823828,  2.054038,  -0.060523),  (0.873088,  0.084754)
(2.289939,  1.679848,  -0.062052),  (0.871713,  0.131256)
(1.780034,  0.554316,  -0.063350),  (0.292429,  0.343258)
(0.027598,  -0.774901,  -0.072839),  (0.132020,  0.353318)
(1.923754,  0.554067,  -0.067407),  (0.297249,  0.353319)
(0.027598,  -0.774901,  -0.072839),  (0.132020,  0.353318)
(1.780034,  0.554316,  -0.063350),  (0.292429,  0.343258)
(-0.000379,  -0.693531,  -0.068450),  (0.137286,  0.343258)
(1.923754,  0.554067,  -0.067407),  (0.297249,  0.353319)
(0.086764,  -1.073408,  -0.072669),  (0.112702,  0.374187)
(2.407520,  0.553152,  -0.066021),  (0.314930,  0.374187)
(0.086764,  -1.073408,  -0.072669),  (0.112702,  0.374187)
(1.923754,  0.554067,  -0.067407),  (0.297249,  0.353319)
(0.027598,  -0.774901,  -0.072839),  (0.132020,  0.353318)
(0.086764,  -1.073408,  -0.072669),  (0.112702,  0.374187)
(2.527542,  0.552903,  -0.061208),  (0.319749,  0.384248)
(2.407520,  0.553152,  -0.066021),  (0.314930,  0.374187)
(0.091044,  -1.154778,  -0.068188),  (0.107436,  0.384248)
(2.527542,  0.552903,  -0.061208),  (0.319749,  0.384248)
(0.086764,  -1.073408,  -0.072669),  (0.112702,  0.374187)
(0.055460,  -0.356033,  -0.072759),  (0.740582,  0.113780)
(1.472465,  0.552740,  -0.064231),  (0.858419,  0.123840)
(1.338529,  0.542512,  -0.069083),  (0.852335,  0.113805)
(0.063129,  -0.435028,  -0.068268),  (0.735611,  0.123840)
(1.472465,  0.552740,  -0.064231),  (0.858419,  0.123840)
(0.055460,  -0.356033,  -0.072759),  (0.740582,  0.113780)
(1.148883,  0.750294,  -0.069627),  (0.860332,  0.092890)
(-0.016141,  -0.066242,  -0.072964),  (0.758813,  0.092908)
(1.338529,  0.542512,  -0.069083),  (0.852335,  0.113805)
(0.055460,  -0.356033,  -0.072759),  (0.740582,  0.113780)
(1.338529,  0.542512,  -0.069083),  (0.852335,  0.113805)
(-0.016141,  -0.066242,  -0.072964),  (0.758813,  0.092908)
(1.145583,  0.848960,  -0.065167),  (0.867746,  0.082828)
(-0.047508,  0.012752,  -0.068585),  (0.763782,  0.082846)
(1.148883,  0.750294,  -0.069627),  (0.860332,  0.092890)
(-0.016141,  -0.066242,  -0.072964),  (0.758813,  0.092908)
(1.148883,  0.750294,  -0.069627),  (0.860332,  0.092890)
(-0.047508,  0.012752,  -0.068585),  (0.763782,  0.082846)
(1.191184,  1.519257,  -0.069505),  (0.769214,  0.053800)
(-0.039334,  0.656817,  -0.073031),  (0.876440,  0.053800)
(1.188989,  1.177744,  -0.069512),  (0.793879,  0.032932)
(-0.018832,  0.331213,  -0.072972),  (0.899127,  0.032932)
(1.188989,  1.177744,  -0.069512),  (0.793879,  0.032932)
(-0.039334,  0.656817,  -0.073031),  (0.876440,  0.053800)
(1.188989,  1.177744,  -0.069512),  (0.793879,  0.032932)
(-0.018832,  0.331213,  -0.072972),  (0.899127,  0.032932)
(1.176541,  1.084650,  -0.065079),  (0.800602,  0.022871)
(-0.025092,  0.242455,  -0.068521),  (0.905311,  0.022871)
(1.176541,  1.084650,  -0.065079),  (0.800602,  0.022871)
(-0.018832,  0.331213,  -0.072972),  (0.899127,  0.032932)
(1.179933,  1.612351,  -0.065069),  (0.762490,  0.063861)
(-0.056773,  0.745574,  -0.068612),  (0.870255,  0.063861)
(1.191184,  1.519257,  -0.069505),  (0.769214,  0.053800)
(-0.039334,  0.656817,  -0.073031),  (0.876440,  0.053800)
(1.191184,  1.519257,  -0.069505),  (0.769214,  0.053800)
(-0.056773,  0.745574,  -0.068612),  (0.870255,  0.063861)
(-0.014725,  1.540187,  -0.070275),  (0.660470,  0.123550)
(0.719459,  2.054758,  -0.068171),  (0.724445,  0.123550)
(0.844169,  2.057794,  -0.063345),  (0.729674,  0.113490)
(0.844169,  2.057794,  -0.063345),  (0.729674,  0.113490)
(-0.023864,  1.449412,  -0.065832),  (0.654034,  0.113489)
(-0.014725,  1.540187,  -0.070275),  (0.660470,  0.123550)
(-0.023864,  1.449412,  -0.065832),  (0.654034,  0.113489)
(1.319916,  2.051260,  -0.061982),  (0.746656,  0.092621)
(-0.013922,  1.116405,  -0.065803),  (0.630427,  0.092621)
(1.319916,  2.051260,  -0.061982),  (0.746656,  0.092621)
(-0.023864,  1.449412,  -0.065832),  (0.654034,  0.113489)
(0.844169,  2.057794,  -0.063345),  (0.729674,  0.113490)
(0.074487,  1.077390,  -0.070019),  (0.630427,  0.082560)
(1.319916,  2.051260,  -0.061982),  (0.746656,  0.092621)
(1.454577,  2.044660,  -0.066065),  (0.750687,  0.082560)
(1.319916,  2.051260,  -0.061982),  (0.746656,  0.092621)
(0.074487,  1.077390,  -0.070019),  (0.630427,  0.082560)
(-0.013922,  1.116405,  -0.065803),  (0.630427,  0.092621)
(1.762589,  2.046546,  -0.065183),  (0.958500,  0.032230)
(1.347446,  1.671214,  -0.061903),  (0.948493,  0.074057)
(1.225993,  1.670460,  -0.066720),  (0.958560,  0.078988)
(1.347446,  1.671214,  -0.061903),  (0.948493,  0.074057)
(1.762589,  2.046546,  -0.065183),  (0.958500,  0.032230)
(1.887278,  2.049568,  -0.060357),  (0.948433,  0.027017)
(1.836463,  1.673979,  -0.060502),  (0.927601,  0.055945)
(1.887278,  2.049568,  -0.060357),  (0.948433,  0.027017)
(2.362139,  2.042412,  -0.058997),  (0.927542,  0.010138)
(1.887278,  2.049568,  -0.060357),  (0.948433,  0.027017)
(1.836463,  1.673979,  -0.060502),  (0.927601,  0.055945)
(1.347446,  1.671214,  -0.061903),  (0.948493,  0.074057)
(1.981615,  1.674733,  -0.064555),  (0.917534,  0.051013)
(2.362139,  2.042412,  -0.058997),  (0.927542,  0.010138)
(2.496336,  2.035488,  -0.063081),  (0.917477,  0.006161)
(2.362139,  2.042412,  -0.058997),  (0.927542,  0.010138)
(1.981615,  1.674733,  -0.064555),  (0.917534,  0.051013)
(1.836463,  1.673979,  -0.060502),  (0.927601,  0.055945)
(0.430580,  -2.297467,  -0.064367),  (0.963655,  0.476249)
(3.205744,  -0.012449,  -0.056416),  (0.984524,  0.209951)
(3.486603,  -0.155576,  -0.055612),  (0.963656,  0.209951)
(3.205744,  -0.012449,  -0.056416),  (0.984524,  0.209951)
(0.430580,  -2.297467,  -0.064367),  (0.963655,  0.476249)
(0.149722,  -2.154339,  -0.065171),  (0.984524,  0.476250)
(0.085012,  -2.115324,  -0.069825),  (0.994585,  0.476249)
(3.141034,  0.026567,  -0.061071),  (0.994584,  0.209951)
(3.205744,  -0.012449,  -0.056416),  (0.984524,  0.209951)
(3.205744,  -0.012449,  -0.056416),  (0.984524,  0.209951)
(0.149722,  -2.154339,  -0.065171),  (0.984524,  0.476250)
(0.085012,  -2.115324,  -0.069825),  (0.994585,  0.476249)
(0.518989,  -2.336482,  -0.068582),  (0.953595,  0.476249)
(3.486603,  -0.155576,  -0.055612),  (0.963656,  0.209951)
(3.575013,  -0.194592,  -0.059827),  (0.953595,  0.209951)
(3.486603,  -0.155576,  -0.055612),  (0.963656,  0.209951)
(0.518989,  -2.336482,  -0.068582),  (0.953595,  0.476249)
(0.430580,  -2.297467,  -0.064367),  (0.963655,  0.476249)
(2.264189,  -2.150992,  -0.059114),  (0.978189,  0.666018)
(4.267641,  -1.086796,  -0.053374),  (0.957321,  0.515912)
(2.545048,  -2.294119,  -0.058309),  (0.957320,  0.666017)
(2.264189,  -2.150992,  -0.059114),  (0.978189,  0.666018)
(4.250519,  -0.758822,  -0.053423),  (0.978190,  0.492930)
(4.267641,  -1.086796,  -0.053374),  (0.957321,  0.515912)
(2.545048,  -2.294119,  -0.058309),  (0.957320,  0.666017)
(4.277867,  -1.180609,  -0.057814),  (0.947261,  0.522725)
(2.633457,  -2.333135,  -0.062525),  (0.947259,  0.666017)
(2.545048,  -2.294119,  -0.058309),  (0.957320,  0.666017)
(4.267641,  -1.086796,  -0.053374),  (0.957321,  0.515912)
(4.277867,  -1.180609,  -0.057814),  (0.947261,  0.522725)
(2.199479,  -2.111977,  -0.063768),  (0.988250,  0.666018)
(4.251410,  -0.673829,  -0.057889),  (0.988251,  0.487214)
(4.250519,  -0.758822,  -0.053423),  (0.978190,  0.492930)
(4.250519,  -0.758822,  -0.053423),  (0.978190,  0.492930)
(2.264189,  -2.150992,  -0.059114),  (0.978189,  0.666018)
(2.199479,  -2.111977,  -0.063768),  (0.988250,  0.666018)
(-0.039459,  -1.463247,  -0.070182),  (0.944158,  0.466665)
(4.113453,  1.439933,  -0.058285),  (0.943897,  0.105327)
(4.178164,  1.400917,  -0.053630),  (0.933837,  0.105327)
(4.178164,  1.400917,  -0.053630),  (0.933837,  0.105327)
(-0.022219,  -1.535534,  -0.065664),  (0.934097,  0.470802)
(-0.039459,  -1.463247,  -0.070182),  (0.944158,  0.466665)
(-0.022219,  -1.535534,  -0.065664),  (0.934097,  0.470802)
(4.296181,  1.151152,  -0.053292),  (0.913421,  0.118966)
(0.084493,  -1.800716,  -0.065358),  (0.913221,  0.485965)
(4.296181,  1.151152,  -0.053292),  (0.913421,  0.118966)
(-0.022219,  -1.535534,  -0.065664),  (0.934097,  0.470802)
(4.178164,  1.400917,  -0.053630),  (0.933837,  0.105327)
(0.084493,  -1.800716,  -0.065358),  (0.913221,  0.485965)
(4.334352,  1.072794,  -0.057652),  (0.903212,  0.123636)
(0.172902,  -1.839731,  -0.069574),  (0.903160,  0.485960)
(4.334352,  1.072794,  -0.057652),  (0.903212,  0.123636)
(0.084493,  -1.800716,  -0.065358),  (0.913221,  0.485965)
(4.296181,  1.151152,  -0.053292),  (0.913421,  0.118966)
(1.134952,  -2.118762,  -0.066818),  (0.053161,  0.472639)
(3.749182,  -0.286513,  -0.059328),  (0.053160,  0.244836)
(3.813891,  -0.325529,  -0.054674),  (0.043100,  0.244836)
(3.813891,  -0.325529,  -0.054674),  (0.043100,  0.244836)
(1.199661,  -2.157778,  -0.062163),  (0.043100,  0.472639)
(1.134952,  -2.118762,  -0.066818),  (0.053161,  0.472639)
(1.480521,  -2.300905,  -0.061359),  (0.022231,  0.472639)
(3.813891,  -0.325529,  -0.054674),  (0.043100,  0.244836)
(4.094751,  -0.468656,  -0.053869),  (0.022231,  0.244836)
(3.813891,  -0.325529,  -0.054674),  (0.043100,  0.244836)
(1.480521,  -2.300905,  -0.061359),  (0.022231,  0.472639)
(1.199661,  -2.157778,  -0.062163),  (0.043100,  0.472639)
(1.568930,  -2.339920,  -0.065574),  (0.012170,  0.472639)
(4.094751,  -0.468656,  -0.053869),  (0.022231,  0.244836)
(4.183159,  -0.507672,  -0.058085),  (0.012171,  0.244836)
(4.094751,  -0.468656,  -0.053869),  (0.022231,  0.244836)
(1.568930,  -2.339920,  -0.065574),  (0.012170,  0.472639)
(1.480521,  -2.300905,  -0.061359),  (0.022231,  0.472639)
(3.005023,  1.438707,  -0.061624),  (0.546533,  0.063385)
(3.846775,  2.028670,  -0.059212),  (0.619882,  0.063385)
(3.911486,  1.989655,  -0.054558),  (0.619882,  0.053325)
(3.911486,  1.989655,  -0.054558),  (0.619882,  0.053325)
(2.995087,  1.347374,  -0.057183),  (0.540029,  0.053324)
(3.005023,  1.438707,  -0.061624),  (0.546533,  0.063385)
(2.995087,  1.347374,  -0.057183),  (0.540029,  0.053324)
(4.192345,  1.846527,  -0.053753),  (0.619883,  0.032456)
(3.002105,  1.012318,  -0.057163),  (0.516166,  0.032456)
(4.192345,  1.846527,  -0.053753),  (0.619883,  0.032456)
(2.995087,  1.347374,  -0.057183),  (0.540029,  0.053324)
(3.911486,  1.989655,  -0.054558),  (0.619882,  0.053325)
(3.002105,  1.012318,  -0.057163),  (0.516166,  0.032456)
(4.280754,  1.807512,  -0.057969),  (0.619883,  0.022395)
(3.015867,  0.920984,  -0.061593),  (0.509662,  0.022395)
(4.280754,  1.807512,  -0.057969),  (0.619883,  0.022395)
(3.002105,  1.012318,  -0.057163),  (0.516166,  0.032456)
(4.192345,  1.846527,  -0.053753),  (0.619883,  0.032456)
(3.322404,  -2.148631,  -0.056082),  (0.095014,  0.593358)
(4.233920,  -1.849746,  -0.053471),  (0.074145,  0.538403)
(3.603263,  -2.291758,  -0.055277),  (0.074145,  0.593358)
(3.322404,  -2.148631,  -0.056082),  (0.095014,  0.593358)
(4.239904,  -1.505577,  -0.053454),  (0.095014,  0.513408)
(4.233920,  -1.849746,  -0.053471),  (0.074145,  0.538403)
(3.257694,  -2.109615,  -0.060736),  (0.105074,  0.593358)
(4.262525,  -1.405354,  -0.057858),  (0.105074,  0.505798)
(4.239904,  -1.505577,  -0.053454),  (0.095014,  0.513408)
(4.239904,  -1.505577,  -0.053454),  (0.095014,  0.513408)
(3.322404,  -2.148631,  -0.056082),  (0.095014,  0.593358)
(3.257694,  -2.109615,  -0.060736),  (0.105074,  0.593358)
(3.603263,  -2.291758,  -0.055277),  (0.074145,  0.593358)
(4.253278,  -1.937157,  -0.057884),  (0.064084,  0.544420)
(3.691672,  -2.330773,  -0.059493),  (0.064084,  0.593358)
(3.603263,  -2.291758,  -0.055277),  (0.074145,  0.593358)
(4.233920,  -1.849746,  -0.053471),  (0.074145,  0.538403)
(4.253278,  -1.937157,  -0.057884),  (0.064084,  0.544420)
(2.972214,  1.629704,  -0.061718),  (0.038734,  0.168595)
(3.425712,  2.048529,  -0.055950),  (0.047617,  0.121139)
(3.558907,  2.040903,  -0.060037),  (0.037462,  0.117487)
(3.425712,  2.048529,  -0.055950),  (0.047617,  0.121139)
(2.972214,  1.629704,  -0.061718),  (0.038734,  0.168595)
(2.880739,  1.666571,  -0.057511),  (0.048798,  0.168612)
(2.880739,  1.666571,  -0.057511),  (0.048798,  0.168612)
(2.952770,  2.057030,  -0.057304),  (0.068895,  0.137352)
(3.425712,  2.048529,  -0.055950),  (0.047617,  0.121139)
(2.952770,  2.057030,  -0.057304),  (0.068895,  0.137352)
(2.880739,  1.666571,  -0.057511),  (0.048798,  0.168612)
(2.410555,  1.677004,  -0.058858),  (0.070071,  0.184586)
(2.828123,  2.054038,  -0.062130),  (0.079083,  0.142323)
(2.410555,  1.677004,  -0.058858),  (0.070071,  0.184586)
(2.294235,  1.679848,  -0.063660),  (0.080240,  0.188831)
(2.410555,  1.677004,  -0.058858),  (0.070071,  0.184586)
(2.828123,  2.054038,  -0.062130),  (0.079083,  0.142323)
(2.952770,  2.057030,  -0.057304),  (0.068895,  0.137352)
(0.003916,  -0.693531,  -0.070058),  (0.752507,  0.229958)
(1.784329,  0.554316,  -0.064957),  (0.597365,  0.229958)
(1.904351,  0.554067,  -0.060145),  (0.592545,  0.240018)
(1.904351,  0.554067,  -0.060145),  (0.592545,  0.240018)
(0.008195,  -0.774901,  -0.065577),  (0.757773,  0.240019)
(0.003916,  -0.693531,  -0.070058),  (0.752507,  0.229958)
(0.067361,  -1.073408,  -0.065407),  (0.777091,  0.260888)
(1.904351,  0.554067,  -0.060145),  (0.592545,  0.240018)
(2.388117,  0.553152,  -0.058759),  (0.574864,  0.260887)
(1.904351,  0.554067,  -0.060145),  (0.592545,  0.240018)
(0.067361,  -1.073408,  -0.065407),  (0.777091,  0.260888)
(0.008195,  -0.774901,  -0.065577),  (0.757773,  0.240019)
(0.095340,  -1.154778,  -0.069796),  (0.782357,  0.270948)
(2.388117,  0.553152,  -0.058759),  (0.574864,  0.260887)
(2.531838,  0.552903,  -0.062816),  (0.570044,  0.270948)
(2.388117,  0.553152,  -0.058759),  (0.574864,  0.260887)
(0.095340,  -1.154778,  -0.069796),  (0.782357,  0.270948)
(0.067361,  -1.073408,  -0.065407),  (0.777091,  0.260888)
(0.067424,  -0.435028,  -0.069876),  (0.946796,  0.990464)
(1.319126,  0.542512,  -0.061821),  (0.956811,  0.873738)
(1.476760,  0.552740,  -0.065838),  (0.946775,  0.867655)
(1.319126,  0.542512,  -0.061821),  (0.956811,  0.873738)
(0.067424,  -0.435028,  -0.069876),  (0.946796,  0.990464)
(0.036057,  -0.356033,  -0.065497),  (0.956856,  0.985491)
(-0.035544,  -0.066242,  -0.065702),  (0.977724,  0.967257)
(1.319126,  0.542512,  -0.061821),  (0.956811,  0.873738)
(0.036057,  -0.356033,  -0.065497),  (0.956856,  0.985491)
(1.319126,  0.542512,  -0.061821),  (0.956811,  0.873738)
(-0.035544,  -0.066242,  -0.065702),  (0.977724,  0.967257)
(1.129479,  0.750294,  -0.062364),  (0.977725,  0.865738)
(-0.043213,  0.012752,  -0.070193),  (0.987785,  0.962286)
(1.149878,  0.848960,  -0.066775),  (0.987785,  0.858322)
(1.129479,  0.750294,  -0.062364),  (0.977725,  0.865738)
(1.129479,  0.750294,  -0.062364),  (0.977725,  0.865738)
(-0.035544,  -0.066242,  -0.065702),  (0.977724,  0.967257)
(-0.043213,  0.012752,  -0.070193),  (0.987785,  0.962286)
(-0.099882,  0.656817,  -0.066050),  (0.983096,  0.172457)
(1.128441,  1.177744,  -0.062531),  (0.960951,  0.090229)
(-0.079380,  0.331213,  -0.065991),  (0.962581,  0.195464)
(-0.099882,  0.656817,  -0.066050),  (0.983096,  0.172457)
(1.130636,  1.519257,  -0.062525),  (0.981435,  0.065244)
(1.128441,  1.177744,  -0.062531),  (0.960951,  0.090229)
(-0.079380,  0.331213,  -0.065991),  (0.962581,  0.195464)
(1.139692,  1.084650,  -0.066967),  (0.950995,  0.097107)
(-0.061942,  0.242455,  -0.070410),  (0.952617,  0.201804)
(-0.079380,  0.331213,  -0.065991),  (0.962581,  0.195464)
(1.128441,  1.177744,  -0.062531),  (0.960951,  0.090229)
(1.139692,  1.084650,  -0.066967),  (0.950995,  0.097107)
(-0.093622,  0.745574,  -0.070501),  (0.993059,  0.166117)
(1.143084,  1.612351,  -0.066958),  (0.991390,  0.058365)
(1.130636,  1.519257,  -0.062525),  (0.981435,  0.065244)
(1.130636,  1.519257,  -0.062525),  (0.981435,  0.065244)
(-0.099882,  0.656817,  -0.066050),  (0.983096,  0.172457)
(-0.093622,  0.745574,  -0.070501),  (0.993059,  0.166117)
(2.929663,  0.546094,  -0.054010),  (0.854865,  0.392870)
(2.966828,  0.546094,  -0.067920),  (0.828839,  0.392870)
(2.847189,  0.526935,  -0.068262),  (0.828839,  0.399873)
(2.847189,  0.526935,  -0.068262),  (0.828839,  0.399873)
(2.810024,  0.526936,  -0.054352),  (0.854865,  0.399873)
(2.929663,  0.546094,  -0.054010),  (0.854865,  0.392870)
(3.017245,  0.598437,  -0.053759),  (0.854865,  0.385867)
(3.054410,  0.598436,  -0.067669),  (0.828839,  0.385867)
(2.966828,  0.546094,  -0.067920),  (0.828839,  0.392870)
(2.966828,  0.546094,  -0.067920),  (0.828839,  0.392870)
(2.929663,  0.546094,  -0.054010),  (0.854865,  0.392870)
(3.017245,  0.598437,  -0.053759),  (0.854865,  0.385867)
(3.086467,  0.669937,  -0.067577),  (0.828839,  0.378864)
(3.017245,  0.598437,  -0.053759),  (0.854865,  0.385867)
(3.049303,  0.669937,  -0.053667),  (0.854865,  0.378864)
(3.017245,  0.598437,  -0.053759),  (0.854865,  0.385867)
(3.086467,  0.669937,  -0.067577),  (0.828839,  0.378864)
(3.054410,  0.598436,  -0.067669),  (0.828839,  0.385867)
(1.229380,  1.689145,  -0.072897),  (0.865706,  0.394929)
(1.311854,  1.708304,  -0.058644),  (0.891732,  0.401932)
(1.192215,  1.689145,  -0.058987),  (0.891732,  0.394929)
(1.311854,  1.708304,  -0.058644),  (0.891732,  0.401932)
(1.229380,  1.689145,  -0.072897),  (0.865706,  0.394929)
(1.349019,  1.708303,  -0.072554),  (0.865706,  0.401932)
(2.966829,  1.689144,  -0.067920),  (0.495826,  0.825127)
(2.847189,  1.708303,  -0.068262),  (0.488792,  0.823164)
(2.904010,  1.631994,  -0.067941),  (0.492276,  0.830559)
(2.904010,  1.631994,  -0.067941),  (0.492276,  0.830559)
(2.847189,  1.708303,  -0.068262),  (0.488792,  0.823164)
(2.818909,  1.645622,  -0.068184),  (0.487213,  0.829049)
(2.958363,  1.599511,  -0.067785),  (0.495606,  0.833887)
(3.054411,  1.636802,  -0.067669),  (0.500984,  0.830288)
(2.966829,  1.689144,  -0.067920),  (0.495826,  0.825127)
(2.958363,  1.599511,  -0.067785),  (0.495606,  0.833887)
(2.966829,  1.689144,  -0.067920),  (0.495826,  0.825127)
(2.904010,  1.631994,  -0.067941),  (0.492276,  0.830559)
(2.958363,  1.599511,  -0.067785),  (0.495606,  0.833887)
(3.086468,  1.565301,  -0.067577),  (0.503078,  0.837293)
(3.054411,  1.636802,  -0.067669),  (0.500984,  0.830288)
(3.086468,  1.565301,  -0.067577),  (0.503078,  0.837293)
(2.958363,  1.599511,  -0.067785),  (0.495606,  0.833887)
(2.981165,  1.548652,  -0.067720),  (0.497196,  0.838931)
(2.847189,  0.526935,  -0.068262),  (0.488863,  0.937084)
(2.904010,  0.603244,  -0.067941),  (0.492267,  0.929621)
(2.818909,  0.589616,  -0.068184),  (0.487220,  0.931199)
(2.904010,  0.603244,  -0.067941),  (0.492267,  0.929621)
(2.847189,  0.526935,  -0.068262),  (0.488863,  0.937084)
(2.966828,  0.546094,  -0.067920),  (0.495865,  0.935000)
(2.966828,  0.546094,  -0.067920),  (0.495865,  0.935000)
(2.958362,  0.635727,  -0.067785),  (0.495608,  0.926283)
(2.904010,  0.603244,  -0.067941),  (0.492267,  0.929621)
(2.958362,  0.635727,  -0.067785),  (0.495608,  0.926283)
(2.966828,  0.546094,  -0.067920),  (0.495865,  0.935000)
(3.054410,  0.598436,  -0.067669),  (0.500990,  0.929875)
(3.086467,  0.669937,  -0.067577),  (0.503078,  0.922874)
(2.958362,  0.635727,  -0.067785),  (0.495608,  0.926283)
(3.054410,  0.598436,  -0.067669),  (0.500990,  0.929875)
(2.958362,  0.635727,  -0.067785),  (0.495608,  0.926283)
(3.086467,  0.669937,  -0.067577),  (0.503078,  0.922874)
(2.981165,  0.686586,  -0.067719),  (0.497191,  0.921240)
(1.291355,  1.631995,  -0.072560),  (0.399814,  0.830579)
(1.349019,  1.708303,  -0.072554),  (0.403298,  0.823171)
(1.229380,  1.689145,  -0.072897),  (0.396266,  0.825146)
(1.349019,  1.708303,  -0.072554),  (0.403298,  0.823171)
(1.291355,  1.631995,  -0.072560),  (0.399814,  0.830579)
(1.376456,  1.645623,  -0.072317),  (0.404876,  0.829059)
(1.237002,  1.599512,  -0.072716),  (0.396486,  0.833916)
(1.229380,  1.689145,  -0.072897),  (0.396266,  0.825146)
(1.141798,  1.636802,  -0.073148),  (0.391109,  0.830317)
(1.229380,  1.689145,  -0.072897),  (0.396266,  0.825146)
(1.237002,  1.599512,  -0.072716),  (0.396486,  0.833916)
(1.291355,  1.631995,  -0.072560),  (0.399814,  0.830579)
(1.237002,  1.599512,  -0.072716),  (0.396486,  0.833916)
(1.141798,  1.636802,  -0.073148),  (0.391109,  0.830317)
(1.109741,  1.565301,  -0.073240),  (0.389017,  0.837330)
(1.237002,  1.599512,  -0.072716),  (0.396486,  0.833916)
(1.109741,  1.565301,  -0.073240),  (0.389017,  0.837330)
(1.214199,  1.548652,  -0.072782),  (0.394900,  0.838968)
(1.349019,  0.526936,  -0.072554),  (0.403322,  0.937078)
(1.376455,  0.589616,  -0.072317),  (0.404894,  0.931190)
(1.291354,  0.603244,  -0.072560),  (0.399828,  0.929672)
(1.291354,  0.603244,  -0.072560),  (0.399828,  0.929672)
(1.229379,  0.546094,  -0.072897),  (0.396280,  0.935104)
(1.349019,  0.526936,  -0.072554),  (0.403322,  0.937078)
(1.141798,  1.636802,  -0.073148),  (0.865706,  0.387926)
(1.192215,  1.689145,  -0.058987),  (0.891732,  0.394929)
(1.104633,  1.636802,  -0.059238),  (0.891732,  0.387926)
(1.192215,  1.689145,  -0.058987),  (0.891732,  0.394929)
(1.141798,  1.636802,  -0.073148),  (0.865706,  0.387926)
(1.229380,  1.689145,  -0.072897),  (0.865706,  0.394929)
(2.818909,  1.645622,  -0.068184),  (0.487213,  0.829049)
(2.813471,  1.592132,  -0.065294),  (0.486855,  0.836379)
(2.904010,  1.631994,  -0.067941),  (0.492276,  0.830559)
(2.904010,  1.631994,  -0.067941),  (0.492276,  0.830559)
(2.813471,  1.592132,  -0.065294),  (0.486855,  0.836379)
(2.865042,  1.580828,  -0.065146),  (0.489025,  0.837171)
(3.017246,  1.636802,  -0.053759),  (0.854865,  0.287155)
(3.054411,  1.636802,  -0.067669),  (0.828839,  0.287155)
(3.086468,  1.565301,  -0.067577),  (0.828839,  0.294158)
(3.017246,  1.636802,  -0.053759),  (0.854865,  0.287155)
(3.086468,  1.565301,  -0.067577),  (0.828839,  0.294158)
(3.049303,  1.565301,  -0.053667),  (0.854865,  0.294158)
(2.847189,  1.708303,  -0.068262),  (0.828839,  0.273149)
(2.929664,  1.689144,  -0.054010),  (0.854865,  0.280152)
(2.810024,  1.708303,  -0.054352),  (0.854865,  0.273149)
(2.929664,  1.689144,  -0.054010),  (0.854865,  0.280152)
(2.847189,  1.708303,  -0.068262),  (0.828839,  0.273149)
(2.966829,  1.689144,  -0.067920),  (0.828839,  0.280152)
(1.072575,  0.669938,  -0.059330),  (0.891732,  0.296218)
(1.141797,  0.598437,  -0.073148),  (0.865706,  0.289215)
(1.109740,  0.669938,  -0.073240),  (0.865706,  0.296218)
(1.141797,  0.598437,  -0.073148),  (0.865706,  0.289215)
(1.072575,  0.669938,  -0.059330),  (0.891732,  0.296218)
(1.104632,  0.598437,  -0.059238),  (0.891732,  0.289215)
(1.311854,  0.526936,  -0.058644),  (0.891732,  0.275209)
(1.349019,  0.526936,  -0.072554),  (0.865706,  0.275209)
(1.229379,  0.546094,  -0.072897),  (0.865706,  0.282212)
(1.229379,  0.546094,  -0.072897),  (0.865706,  0.282212)
(1.192214,  0.546094,  -0.058987),  (0.891732,  0.282212)
(1.311854,  0.526936,  -0.058644),  (0.891732,  0.275209)
(1.072575,  0.669938,  -0.059330),  (0.749407,  0.821577)
(1.200680,  0.635727,  -0.059122),  (0.752847,  0.829022)
(1.104632,  0.598437,  -0.059238),  (0.756425,  0.823623)
(1.200680,  0.635727,  -0.059122),  (0.752847,  0.829022)
(1.072575,  0.669938,  -0.059330),  (0.749407,  0.821577)
(1.177878,  0.686587,  -0.059187),  (0.747792,  0.827463)
(1.311854,  0.526936,  -0.058644),  (0.763625,  0.835794)
(1.255033,  0.603244,  -0.058966),  (0.756180,  0.832355)
(1.340134,  0.589616,  -0.058722),  (0.757740,  0.837409)
(1.255033,  0.603244,  -0.058966),  (0.756180,  0.832355)
(1.311854,  0.526936,  -0.058644),  (0.763625,  0.835794)
(1.192214,  0.546094,  -0.058987),  (0.761579,  0.828776)
(1.200681,  1.599512,  -0.059122),  (0.660416,  0.829022)
(1.072576,  1.565301,  -0.059330),  (0.663855,  0.821578)
(1.104633,  1.636802,  -0.059238),  (0.656837,  0.823622)
(1.072576,  1.565301,  -0.059330),  (0.663855,  0.821578)
(1.200681,  1.599512,  -0.059122),  (0.660416,  0.829022)
(1.177878,  1.548652,  -0.059187),  (0.665470,  0.827463)
(1.192215,  1.689145,  -0.058987),  (0.651683,  0.828776)
(1.200681,  1.599512,  -0.059122),  (0.660416,  0.829022)
(1.104633,  1.636802,  -0.059238),  (0.656837,  0.823622)
(1.200681,  1.599512,  -0.059122),  (0.660416,  0.829022)
(1.192215,  1.689145,  -0.058987),  (0.651683,  0.828776)
(1.255033,  1.631995,  -0.058966),  (0.657082,  0.832355)
(1.255033,  1.631995,  -0.058966),  (0.657082,  0.832355)
(1.192215,  1.689145,  -0.058987),  (0.651683,  0.828776)
(1.311854,  1.708304,  -0.058644),  (0.649638,  0.835794)
(1.311854,  1.708304,  -0.058644),  (0.649638,  0.835794)
(1.340134,  1.645623,  -0.058722),  (0.655523,  0.837409)
(1.255033,  1.631995,  -0.058966),  (0.657082,  0.832355)
(3.049303,  0.669937,  -0.053667),  (0.749407,  0.935562)
(2.922041,  0.635727,  -0.054191),  (0.752847,  0.928118)
(2.944844,  0.686587,  -0.054125),  (0.747792,  0.929677)
(2.922041,  0.635727,  -0.054191),  (0.752847,  0.928118)
(3.049303,  0.669937,  -0.053667),  (0.749407,  0.935562)
(3.017245,  0.598437,  -0.053759),  (0.756425,  0.933517)
(3.017245,  0.598437,  -0.053759),  (0.756425,  0.933517)
(2.929663,  0.546094,  -0.054010),  (0.761579,  0.928364)
(2.922041,  0.635727,  -0.054191),  (0.752847,  0.928118)
(2.929663,  0.546094,  -0.054010),  (0.761579,  0.928364)
(2.867688,  0.603244,  -0.054346),  (0.756180,  0.924785)
(2.922041,  0.635727,  -0.054191),  (0.752847,  0.928118)
(2.867688,  0.603244,  -0.054346),  (0.756180,  0.924785)
(2.810024,  0.526936,  -0.054352),  (0.763625,  0.921346)
(2.782588,  0.589616,  -0.054590),  (0.757740,  0.919731)
(2.810024,  0.526936,  -0.054352),  (0.763625,  0.921346)
(2.867688,  0.603244,  -0.054346),  (0.756180,  0.924785)
(2.929663,  0.546094,  -0.054010),  (0.761579,  0.928364)
(2.792562,  1.592132,  -0.057468),  (0.662863,  0.919366)
(1.345573,  1.592133,  -0.061613),  (0.662863,  0.837774)
(2.782588,  1.645622,  -0.054590),  (0.655523,  0.919731)
(1.340134,  1.645623,  -0.058722),  (0.655523,  0.837409)
(2.782588,  1.645622,  -0.054590),  (0.655523,  0.919731)
(1.345573,  1.592133,  -0.061613),  (0.662863,  0.837774)
(1.229379,  0.546094,  -0.072897),  (0.396280,  0.935104)
(1.237002,  0.635727,  -0.072716),  (0.396495,  0.926336)
(1.141797,  0.598437,  -0.073148),  (0.391119,  0.929936)
(1.237002,  0.635727,  -0.072716),  (0.396495,  0.926336)
(1.229379,  0.546094,  -0.072897),  (0.396280,  0.935104)
(1.291354,  0.603244,  -0.072560),  (0.399828,  0.929672)
(2.813470,  0.643106,  -0.065294),  (0.486850,  0.923852)
(2.904010,  0.603244,  -0.067941),  (0.492267,  0.929621)
(2.865041,  0.654410,  -0.065146),  (0.489011,  0.923026)
(2.904010,  0.603244,  -0.067941),  (0.492267,  0.929621)
(2.813470,  0.643106,  -0.065294),  (0.486850,  0.923852)
(2.818909,  0.589616,  -0.068184),  (0.487220,  0.931199)
(1.291355,  1.631995,  -0.072560),  (0.399814,  0.830579)
(1.366482,  1.592133,  -0.069439),  (0.405239,  0.836391)
(1.376456,  1.645623,  -0.072317),  (0.404876,  0.829059)
(1.366482,  1.592133,  -0.069439),  (0.405239,  0.836391)
(1.291355,  1.631995,  -0.072560),  (0.399814,  0.830579)
(1.314911,  1.580828,  -0.069587),  (0.403071,  0.837191)
(1.291354,  0.603244,  -0.072560),  (0.399828,  0.929672)
(1.366482,  0.643106,  -0.069439),  (0.405246,  0.923856)
(1.314910,  0.654411,  -0.069587),  (0.403078,  0.923057)
(1.366482,  0.643106,  -0.069439),  (0.405246,  0.923856)
(1.291354,  0.603244,  -0.072560),  (0.399828,  0.929672)
(1.376455,  0.589616,  -0.072317),  (0.404894,  0.931190)
(2.883957,  0.685232,  -0.065092),  (0.489842,  0.920877)
(2.958362,  0.635727,  -0.067785),  (0.495608,  0.926283)
(2.981165,  0.686586,  -0.067719),  (0.497191,  0.921240)
(2.958362,  0.635727,  -0.067785),  (0.495608,  0.926283)
(2.883957,  0.685232,  -0.065092),  (0.489842,  0.920877)
(2.865041,  0.654410,  -0.065146),  (0.489011,  0.923026)
(1.376456,  1.645623,  -0.072317),  (0.404876,  0.829059)
(2.813471,  1.592132,  -0.065294),  (0.486855,  0.836379)
(2.818909,  1.645622,  -0.068184),  (0.487213,  0.829049)
(2.813471,  1.592132,  -0.065294),  (0.486855,  0.836379)
(1.376456,  1.645623,  -0.072317),  (0.404876,  0.829059)
(1.366482,  1.592133,  -0.069439),  (0.405239,  0.836391)
(1.295996,  1.550007,  -0.069641),  (0.402245,  0.839336)
(1.214199,  0.686587,  -0.072782),  (0.394903,  0.921285)
(1.295995,  0.685232,  -0.069641),  (0.402249,  0.920914)
(1.214199,  0.686587,  -0.072782),  (0.394903,  0.921285)
(1.295996,  1.550007,  -0.069641),  (0.402245,  0.839336)
(1.214199,  1.548652,  -0.072782),  (0.394900,  0.838968)
(1.141798,  1.636802,  -0.073148),  (0.865706,  0.387926)
(1.104633,  1.636802,  -0.059238),  (0.891732,  0.387926)
(1.072576,  1.565301,  -0.059330),  (0.891732,  0.380923)
(1.141798,  1.636802,  -0.073148),  (0.865706,  0.387926)
(1.072576,  1.565301,  -0.059330),  (0.891732,  0.380923)
(1.109741,  1.565301,  -0.073240),  (0.865706,  0.380923)
(1.141797,  0.598437,  -0.073148),  (0.865706,  0.289215)
(1.192214,  0.546094,  -0.058987),  (0.891732,  0.282212)
(1.229379,  0.546094,  -0.072897),  (0.865706,  0.282212)
(1.192214,  0.546094,  -0.058987),  (0.891732,  0.282212)
(1.141797,  0.598437,  -0.073148),  (0.865706,  0.289215)
(1.104632,  0.598437,  -0.059238),  (0.891732,  0.289215)
(1.109740,  0.669938,  -0.073240),  (0.389020,  0.922923)
(1.237002,  0.635727,  -0.072716),  (0.396495,  0.926336)
(1.214199,  0.686587,  -0.072782),  (0.394903,  0.921285)
(1.237002,  0.635727,  -0.072716),  (0.396495,  0.926336)
(1.109740,  0.669938,  -0.073240),  (0.389020,  0.922923)
(1.141797,  0.598437,  -0.073148),  (0.391119,  0.929936)
(1.214199,  1.548652,  -0.072782),  (0.394900,  0.838968)
(1.109740,  0.669938,  -0.073240),  (0.389020,  0.922923)
(1.214199,  0.686587,  -0.072782),  (0.394903,  0.921285)
(1.109740,  0.669938,  -0.073240),  (0.389020,  0.922923)
(1.214199,  1.548652,  -0.072782),  (0.394900,  0.838968)
(1.109741,  1.565301,  -0.073240),  (0.389017,  0.837330)
(1.237002,  0.635727,  -0.072716),  (0.396495,  0.926336)
(1.314910,  0.654411,  -0.069587),  (0.403078,  0.923057)
(1.214199,  0.686587,  -0.072782),  (0.394903,  0.921285)
(1.295995,  0.685232,  -0.069641),  (0.402249,  0.920914)
(1.214199,  0.686587,  -0.072782),  (0.394903,  0.921285)
(1.314910,  0.654411,  -0.069587),  (0.403078,  0.923057)
(1.192214,  0.546094,  -0.058987),  (0.761579,  0.828776)
(1.200680,  0.635727,  -0.059122),  (0.752847,  0.829022)
(1.255033,  0.603244,  -0.058966),  (0.756180,  0.832355)
(1.200680,  0.635727,  -0.059122),  (0.752847,  0.829022)
(1.192214,  0.546094,  -0.058987),  (0.761579,  0.828776)
(1.104632,  0.598437,  -0.059238),  (0.756425,  0.823623)
(2.922042,  1.599512,  -0.054191),  (0.660416,  0.928118)
(3.017246,  1.636802,  -0.053759),  (0.656837,  0.933517)
(3.049303,  1.565301,  -0.053667),  (0.663855,  0.935562)
(2.922042,  1.599512,  -0.054191),  (0.660416,  0.928118)
(3.049303,  1.565301,  -0.053667),  (0.663855,  0.935562)
(2.944844,  1.548652,  -0.054125),  (0.665470,  0.929677)
(2.922042,  1.599512,  -0.054191),  (0.660416,  0.928118)
(2.929664,  1.689144,  -0.054010),  (0.651683,  0.928364)
(3.017246,  1.636802,  -0.053759),  (0.656837,  0.933517)
(2.929664,  1.689144,  -0.054010),  (0.651683,  0.928364)
(2.922042,  1.599512,  -0.054191),  (0.660416,  0.928118)
(2.867689,  1.631995,  -0.054346),  (0.657082,  0.924785)
(2.867689,  1.631995,  -0.054346),  (0.657082,  0.924785)
(2.810024,  1.708303,  -0.054352),  (0.649638,  0.921346)
(2.929664,  1.689144,  -0.054010),  (0.651683,  0.928364)
(2.810024,  1.708303,  -0.054352),  (0.649638,  0.921346)
(2.867689,  1.631995,  -0.054346),  (0.657082,  0.924785)
(2.782588,  1.645622,  -0.054590),  (0.655523,  0.919731)
(2.782588,  1.645622,  -0.054590),  (0.655523,  0.919731)
(1.340134,  1.645623,  -0.058722),  (0.655523,  0.837409)
(2.810024,  1.708303,  -0.054352),  (0.649638,  0.921346)
(1.311854,  1.708304,  -0.058644),  (0.649638,  0.835794)
(2.810024,  1.708303,  -0.054352),  (0.649638,  0.921346)
(1.340134,  1.645623,  -0.058722),  (0.655523,  0.837409)
(1.177878,  1.548652,  -0.059187),  (0.665470,  0.827463)
(1.177878,  0.686587,  -0.059187),  (0.747792,  0.827463)
(1.072576,  1.565301,  -0.059330),  (0.663855,  0.821578)
(1.072576,  1.565301,  -0.059330),  (0.663855,  0.821578)
(1.177878,  0.686587,  -0.059187),  (0.747792,  0.827463)
(1.072575,  0.669938,  -0.059330),  (0.749407,  0.821577)
(2.844133,  1.580828,  -0.057320),  (0.663680,  0.921520)
(2.867689,  1.631995,  -0.054346),  (0.657082,  0.924785)
(2.922042,  1.599512,  -0.054191),  (0.660416,  0.928118)
(2.792561,  0.643106,  -0.057468),  (0.750399,  0.919366)
(2.867688,  0.603244,  -0.054346),  (0.756180,  0.924785)
(2.782588,  0.589616,  -0.054590),  (0.757740,  0.919731)
(2.867688,  0.603244,  -0.054346),  (0.756180,  0.924785)
(2.792561,  0.643106,  -0.057468),  (0.750399,  0.919366)
(2.844133,  0.654410,  -0.057320),  (0.749583,  0.921520)
(2.883957,  1.550007,  -0.065092),  (0.489852,  0.839304)
(2.958363,  1.599511,  -0.067785),  (0.495606,  0.833887)
(2.865042,  1.580828,  -0.065146),  (0.489025,  0.837171)
(2.958363,  1.599511,  -0.067785),  (0.495606,  0.833887)
(2.883957,  1.550007,  -0.065092),  (0.489852,  0.839304)
(2.981165,  1.548652,  -0.067720),  (0.497196,  0.838931)
(2.867689,  1.631995,  -0.054346),  (0.657082,  0.924785)
(2.792562,  1.592132,  -0.057468),  (0.662863,  0.919366)
(2.782588,  1.645622,  -0.054590),  (0.655523,  0.919731)
(2.792562,  1.592132,  -0.057468),  (0.662863,  0.919366)
(2.867689,  1.631995,  -0.054346),  (0.657082,  0.924785)
(2.844133,  1.580828,  -0.057320),  (0.663680,  0.921520)
(1.345573,  0.643106,  -0.061613),  (0.750399,  0.837774)
(1.340134,  0.589616,  -0.058722),  (0.757740,  0.837409)
(1.255033,  0.603244,  -0.058966),  (0.756180,  0.832355)
(1.345573,  0.643106,  -0.061613),  (0.750399,  0.837774)
(1.255033,  0.603244,  -0.058966),  (0.756180,  0.832355)
(1.294001,  0.654411,  -0.061761),  (0.749583,  0.835619)
(1.275086,  0.685232,  -0.061815),  (0.747428,  0.834804)
(1.200680,  0.635727,  -0.059122),  (0.752847,  0.829022)
(1.177878,  0.686587,  -0.059187),  (0.747792,  0.827463)
(1.200680,  0.635727,  -0.059122),  (0.752847,  0.829022)
(1.275086,  0.685232,  -0.061815),  (0.747428,  0.834804)
(1.294001,  0.654411,  -0.061761),  (0.749583,  0.835619)
(1.275087,  1.550007,  -0.061815),  (0.665834,  0.834804)
(1.177878,  0.686587,  -0.059187),  (0.747792,  0.827463)
(1.177878,  1.548652,  -0.059187),  (0.665470,  0.827463)
(1.177878,  0.686587,  -0.059187),  (0.747792,  0.827463)
(1.275087,  1.550007,  -0.061815),  (0.665834,  0.834804)
(1.275086,  0.685232,  -0.061815),  (0.747428,  0.834804)
(2.981165,  1.548652,  -0.067720),  (0.497196,  0.838931)
(2.883957,  0.685232,  -0.065092),  (0.489842,  0.920877)
(2.981165,  0.686586,  -0.067719),  (0.497191,  0.921240)
(2.883957,  0.685232,  -0.065092),  (0.489842,  0.920877)
(2.981165,  1.548652,  -0.067720),  (0.497196,  0.838931)
(2.883957,  1.550007,  -0.065092),  (0.489852,  0.839304)
(2.865041,  0.654410,  -0.065146),  (0.489011,  0.923026)
(2.904010,  0.603244,  -0.067941),  (0.492267,  0.929621)
(2.958362,  0.635727,  -0.067785),  (0.495608,  0.926283)
(1.237002,  0.635727,  -0.072716),  (0.396495,  0.926336)
(1.291354,  0.603244,  -0.072560),  (0.399828,  0.929672)
(1.314910,  0.654411,  -0.069587),  (0.403078,  0.923057)
(1.237002,  1.599512,  -0.072716),  (0.396486,  0.833916)
(1.214199,  1.548652,  -0.072782),  (0.394900,  0.838968)
(1.314911,  1.580828,  -0.069587),  (0.403071,  0.837191)
(1.314911,  1.580828,  -0.069587),  (0.403071,  0.837191)
(1.214199,  1.548652,  -0.072782),  (0.394900,  0.838968)
(1.295996,  1.550007,  -0.069641),  (0.402245,  0.839336)
(2.922042,  1.599512,  -0.054191),  (0.660416,  0.928118)
(2.944844,  1.548652,  -0.054125),  (0.665470,  0.929677)
(2.844133,  1.580828,  -0.057320),  (0.663680,  0.921520)
(2.844133,  1.580828,  -0.057320),  (0.663680,  0.921520)
(2.944844,  1.548652,  -0.054125),  (0.665470,  0.929677)
(2.863048,  1.550007,  -0.057266),  (0.665835,  0.922336)
(3.086468,  1.565301,  -0.067577),  (0.828839,  0.294158)
(3.086467,  0.669937,  -0.067577),  (0.828839,  0.378864)
(3.049303,  1.565301,  -0.053667),  (0.854865,  0.294158)
(3.049303,  1.565301,  -0.053667),  (0.854865,  0.294158)
(3.086467,  0.669937,  -0.067577),  (0.828839,  0.378864)
(3.049303,  0.669937,  -0.053667),  (0.854865,  0.378864)
(1.294001,  0.654411,  -0.061761),  (0.749583,  0.835619)
(1.255033,  0.603244,  -0.058966),  (0.756180,  0.832355)
(1.200680,  0.635727,  -0.059122),  (0.752847,  0.829022)
(2.844133,  0.654410,  -0.057320),  (0.749583,  0.921520)
(2.922041,  0.635727,  -0.054191),  (0.752847,  0.928118)
(2.867688,  0.603244,  -0.054346),  (0.756180,  0.924785)
(1.255033,  1.631995,  -0.058966),  (0.657082,  0.832355)
(1.345573,  1.592133,  -0.061613),  (0.662863,  0.837774)
(1.294002,  1.580828,  -0.061761),  (0.663680,  0.835619)
(1.345573,  1.592133,  -0.061613),  (0.662863,  0.837774)
(1.255033,  1.631995,  -0.058966),  (0.657082,  0.832355)
(1.340134,  1.645623,  -0.058722),  (0.655523,  0.837409)
(1.349019,  0.526936,  -0.072554),  (0.828839,  0.484578)
(2.810024,  0.526936,  -0.054352),  (0.854865,  0.399873)
(2.847189,  0.526935,  -0.068262),  (0.828839,  0.399873)
(2.810024,  0.526936,  -0.054352),  (0.854865,  0.399873)
(1.349019,  0.526936,  -0.072554),  (0.828839,  0.484578)
(1.311854,  0.526936,  -0.058644),  (0.854865,  0.484578)
(2.944844,  0.686587,  -0.054125),  (0.747792,  0.929677)
(2.844133,  0.654410,  -0.057320),  (0.749583,  0.921520)
(2.863047,  0.685232,  -0.057266),  (0.747428,  0.922336)
(2.844133,  0.654410,  -0.057320),  (0.749583,  0.921520)
(2.944844,  0.686587,  -0.054125),  (0.747792,  0.929677)
(2.922041,  0.635727,  -0.054191),  (0.752847,  0.928118)
(2.813470,  0.643106,  -0.065294),  (0.486850,  0.923852)
(1.376455,  0.589616,  -0.072317),  (0.404894,  0.931190)
(2.818909,  0.589616,  -0.068184),  (0.487220,  0.931199)
(1.376455,  0.589616,  -0.072317),  (0.404894,  0.931190)
(2.813470,  0.643106,  -0.065294),  (0.486850,  0.923852)
(1.366482,  0.643106,  -0.069439),  (0.405246,  0.923856)
(1.349019,  0.526936,  -0.072554),  (0.403322,  0.937078)
(2.818909,  0.589616,  -0.068184),  (0.487220,  0.931199)
(1.376455,  0.589616,  -0.072317),  (0.404894,  0.931190)
(2.818909,  0.589616,  -0.068184),  (0.487220,  0.931199)
(1.349019,  0.526936,  -0.072554),  (0.403322,  0.937078)
(2.847189,  0.526935,  -0.068262),  (0.488863,  0.937084)
(2.810024,  0.526936,  -0.054352),  (0.763625,  0.921346)
(1.340134,  0.589616,  -0.058722),  (0.757740,  0.837409)
(2.782588,  0.589616,  -0.054590),  (0.757740,  0.919731)
(1.340134,  0.589616,  -0.058722),  (0.757740,  0.837409)
(2.810024,  0.526936,  -0.054352),  (0.763625,  0.921346)
(1.311854,  0.526936,  -0.058644),  (0.763625,  0.835794)
(2.782588,  0.589616,  -0.054590),  (0.757740,  0.919731)
(1.345573,  0.643106,  -0.061613),  (0.750399,  0.837774)
(2.792561,  0.643106,  -0.057468),  (0.750399,  0.919366)
(1.345573,  0.643106,  -0.061613),  (0.750399,  0.837774)
(2.782588,  0.589616,  -0.054590),  (0.757740,  0.919731)
(1.340134,  0.589616,  -0.058722),  (0.757740,  0.837409)
(1.200681,  1.599512,  -0.059122),  (0.660416,  0.829022)
(1.294002,  1.580828,  -0.061761),  (0.663680,  0.835619)
(1.275087,  1.550007,  -0.061815),  (0.665834,  0.834804)
(1.275087,  1.550007,  -0.061815),  (0.665834,  0.834804)
(1.177878,  1.548652,  -0.059187),  (0.665470,  0.827463)
(1.200681,  1.599512,  -0.059122),  (0.660416,  0.829022)
(2.958363,  1.599511,  -0.067785),  (0.495606,  0.833887)
(2.904010,  1.631994,  -0.067941),  (0.492276,  0.830559)
(2.865042,  1.580828,  -0.065146),  (0.489025,  0.837171)
(2.981165,  1.548652,  -0.067720),  (0.497196,  0.838931)
(3.086467,  0.669937,  -0.067577),  (0.503078,  0.922874)
(3.086468,  1.565301,  -0.067577),  (0.503078,  0.837293)
(3.086467,  0.669937,  -0.067577),  (0.503078,  0.922874)
(2.981165,  1.548652,  -0.067720),  (0.497196,  0.838931)
(2.981165,  0.686586,  -0.067719),  (0.497191,  0.921240)
(3.049303,  1.565301,  -0.053667),  (0.663855,  0.935562)
(3.049303,  0.669937,  -0.053667),  (0.749407,  0.935562)
(2.944844,  1.548652,  -0.054125),  (0.665470,  0.929677)
(2.944844,  1.548652,  -0.054125),  (0.665470,  0.929677)
(3.049303,  0.669937,  -0.053667),  (0.749407,  0.935562)
(2.944844,  0.686587,  -0.054125),  (0.747792,  0.929677)
(2.944844,  1.548652,  -0.054125),  (0.665470,  0.929677)
(2.863047,  0.685232,  -0.057266),  (0.747428,  0.922336)
(2.863048,  1.550007,  -0.057266),  (0.665835,  0.922336)
(2.863047,  0.685232,  -0.057266),  (0.747428,  0.922336)
(2.944844,  1.548652,  -0.054125),  (0.665470,  0.929677)
(2.944844,  0.686587,  -0.054125),  (0.747792,  0.929677)
(1.349019,  1.708303,  -0.072554),  (0.403298,  0.823171)
(2.818909,  1.645622,  -0.068184),  (0.487213,  0.829049)
(2.847189,  1.708303,  -0.068262),  (0.488792,  0.823164)
(2.818909,  1.645622,  -0.068184),  (0.487213,  0.829049)
(1.349019,  1.708303,  -0.072554),  (0.403298,  0.823171)
(1.376456,  1.645623,  -0.072317),  (0.404876,  0.829059)
(1.314911,  1.580828,  -0.069587),  (0.403071,  0.837191)
(1.291355,  1.631995,  -0.072560),  (0.399814,  0.830579)
(1.237002,  1.599512,  -0.072716),  (0.396486,  0.833916)
(1.349019,  1.708303,  -0.072554),  (0.865706,  0.401932)
(2.810024,  1.708303,  -0.054352),  (0.891732,  0.486638)
(1.311854,  1.708304,  -0.058644),  (0.891732,  0.401932)
(2.810024,  1.708303,  -0.054352),  (0.891732,  0.486638)
(1.349019,  1.708303,  -0.072554),  (0.865706,  0.401932)
(2.847189,  1.708303,  -0.068262),  (0.865706,  0.486638)
(1.109741,  1.565301,  -0.073240),  (0.865706,  0.380923)
(1.072575,  0.669938,  -0.059330),  (0.891732,  0.296218)
(1.109740,  0.669938,  -0.073240),  (0.865706,  0.296218)
(1.072575,  0.669938,  -0.059330),  (0.891732,  0.296218)
(1.109741,  1.565301,  -0.073240),  (0.865706,  0.380923)
(1.072576,  1.565301,  -0.059330),  (0.891732,  0.380923)
(1.294002,  1.580828,  -0.061761),  (0.663680,  0.835619)
(1.200681,  1.599512,  -0.059122),  (0.660416,  0.829022)
(1.255033,  1.631995,  -0.058966),  (0.657082,  0.832355)
(3.017246,  1.636802,  -0.053759),  (0.854865,  0.287155)
(2.966829,  1.689144,  -0.067920),  (0.828839,  0.280152)
(3.054411,  1.636802,  -0.067669),  (0.828839,  0.287155)
(2.966829,  1.689144,  -0.067920),  (0.828839,  0.280152)
(3.017246,  1.636802,  -0.053759),  (0.854865,  0.287155)
(2.929664,  1.689144,  -0.054010),  (0.854865,  0.280152)
(0.288835,  2.203285,  -0.062989),  (0.639666,  0.534778)
(-0.175205,  1.924296,  -0.064318),  (0.613429,  0.561171)
(-0.147050,  1.924296,  -0.074857),  (0.627414,  0.575073)
(0.288835,  2.203285,  -0.062989),  (0.639666,  0.534778)
(-0.147050,  1.924296,  -0.074857),  (0.627414,  0.575073)
(0.316991,  2.203285,  -0.073528),  (0.653651,  0.548679)
(-0.175205,  1.924296,  -0.064318),  (0.607696,  0.575073)
(-0.147051,  -0.118369,  -0.074857),  (0.627414,  0.768318)
(-0.147050,  1.924296,  -0.074857),  (0.627414,  0.575073)
(-0.147051,  -0.118369,  -0.074857),  (0.627414,  0.768318)
(-0.175205,  1.924296,  -0.064318),  (0.607696,  0.575073)
(-0.175206,  -0.118369,  -0.064318),  (0.607696,  0.768318)
(4.355361,  1.924295,  -0.051339),  (0.897554,  0.561172)
(3.891320,  2.203284,  -0.052669),  (0.871318,  0.534778)
(3.919476,  2.203284,  -0.063207),  (0.857333,  0.548679)
(4.355361,  1.924295,  -0.051339),  (0.897554,  0.561172)
(3.919476,  2.203284,  -0.063207),  (0.857333,  0.548679)
(4.383516,  1.924295,  -0.061878),  (0.883570,  0.575073)
(3.994765,  1.766295,  -0.059280),  (0.803440,  0.307724)
(3.414040,  0.414817,  -0.060944),  (0.770363,  0.436664)
(3.994765,  0.414816,  -0.059280),  (0.803489,  0.436226)
(2.939835,  -0.401195,  -0.062302),  (0.495919,  0.349470)
(0.222018,  -0.370589,  -0.070088),  (0.340769,  0.346262)
(0.222017,  -1.882668,  -0.070088),  (0.340665,  0.490935)
(-0.175206,  -0.191891,  -0.064318),  (0.607696,  0.775274)
(-0.147051,  -2.375815,  -0.074857),  (0.627414,  0.981883)
(-0.147051,  -0.191891,  -0.074857),  (0.627414,  0.775274)
(-0.147051,  -2.375815,  -0.074857),  (0.627414,  0.981883)
(-0.175206,  -0.191891,  -0.064318),  (0.607696,  0.775274)
(-0.175208,  -2.375815,  -0.064318),  (0.607696,  0.981883)
(0.083258,  -0.019866,  -0.074197),  (0.640436,  0.758999)
(0.083258,  -0.290394,  -0.074197),  (0.640436,  0.784592)
(2.998685,  -0.000653,  -0.065845),  (0.805272,  0.757182)
(0.083258,  -0.290394,  -0.074197),  (0.640436,  0.784592)
(0.083258,  -0.019866,  -0.074197),  (0.640436,  0.758999)
(-0.147051,  -0.191891,  -0.074857),  (0.627414,  0.775274)
(2.998685,  -0.000653,  -0.065845),  (0.805272,  0.757182)
(0.083258,  -0.290394,  -0.074197),  (0.640436,  0.784592)
(2.998685,  -0.309608,  -0.065845),  (0.805272,  0.786410)
(0.083258,  -0.019866,  -0.074197),  (0.640436,  0.758999)
(-0.147051,  -0.118369,  -0.074857),  (0.627414,  0.768318)
(-0.147051,  -0.191891,  -0.074857),  (0.627414,  0.775274)
(2.970528,  -0.309608,  -0.055307),  (0.347585,  0.788962)
(0.055102,  -0.019866,  -0.063659),  (0.512422,  0.761552)
(2.970528,  -0.000653,  -0.055307),  (0.347586,  0.759734)
(0.055102,  -0.019866,  -0.063659),  (0.512422,  0.761552)
(-0.175206,  -0.191891,  -0.064318),  (0.525443,  0.777826)
(-0.175206,  -0.118369,  -0.064318),  (0.525443,  0.770870)
(0.055102,  -0.019866,  -0.063659),  (0.512422,  0.761552)
(2.970528,  -0.309608,  -0.055307),  (0.347585,  0.788962)
(0.055101,  -0.290394,  -0.063659),  (0.512422,  0.787145)
(-0.175206,  -0.191891,  -0.064318),  (0.525443,  0.777826)
(0.055102,  -0.019866,  -0.063659),  (0.512422,  0.761552)
(0.055101,  -0.290394,  -0.063659),  (0.512422,  0.787145)
(-0.147051,  -0.118369,  -0.074857),  (0.627414,  0.768318)
(-0.175206,  -0.118369,  -0.064318),  (0.607696,  0.768318)
(-0.175206,  -0.191891,  -0.064318),  (0.607696,  0.775274)
(-0.147051,  -0.118369,  -0.074857),  (0.627414,  0.768318)
(-0.175206,  -0.191891,  -0.064318),  (0.607696,  0.775274)
(-0.147051,  -0.191891,  -0.074857),  (0.627414,  0.775274)
(4.355361,  1.924295,  -0.051339),  (0.903288,  0.575073)
(4.383515,  -2.375816,  -0.061878),  (0.883570,  0.981883)
(4.355359,  -2.375816,  -0.051339),  (0.903288,  0.981883)
(4.383515,  -2.375816,  -0.061878),  (0.883570,  0.981883)
(4.355361,  1.924295,  -0.051339),  (0.903288,  0.575073)
(4.383516,  1.924295,  -0.061878),  (0.883570,  0.575073)
(3.444732,  0.326876,  -0.053948),  (0.320774,  0.728748)
(3.444731,  -0.637136,  -0.053948),  (0.320774,  0.819948)
(2.970528,  -0.000653,  -0.055307),  (0.347586,  0.759734)
(2.970528,  -0.000653,  -0.055307),  (0.347586,  0.759734)
(3.444731,  -0.637136,  -0.053948),  (0.320774,  0.819948)
(2.970528,  -0.309608,  -0.055307),  (0.347585,  0.788962)
(3.472889,  0.326876,  -0.064487),  (0.832083,  0.726196)
(2.998685,  -0.309608,  -0.065845),  (0.805272,  0.786410)
(3.472889,  -0.637137,  -0.064487),  (0.832083,  0.817396)
(2.998685,  -0.309608,  -0.065845),  (0.805272,  0.786410)
(3.472889,  0.326876,  -0.064487),  (0.832083,  0.726196)
(2.998685,  -0.000653,  -0.065845),  (0.805272,  0.757182)
(0.213546,  1.766295,  -0.066916),  (0.498840,  0.597947)
(3.777350,  1.891914,  -0.056707),  (0.313852,  0.587273)
(3.986292,  1.766295,  -0.056108),  (0.303017,  0.597754)
(3.777350,  1.891914,  -0.056707),  (0.313852,  0.587273)
(0.213546,  1.766295,  -0.066916),  (0.498840,  0.597947)
(0.422488,  1.891914,  -0.066318),  (0.488091,  0.587286)
(0.288835,  2.203285,  -0.062989),  (0.499207,  0.551231)
(3.816066,  2.014028,  -0.052884),  (0.299779,  0.569136)
(0.364089,  2.014028,  -0.062774),  (0.494952,  0.569136)
(3.816066,  2.014028,  -0.052884),  (0.299779,  0.569136)
(0.288835,  2.203285,  -0.062989),  (0.499207,  0.551231)
(3.891320,  2.203284,  -0.052669),  (0.295525,  0.551231)
(0.222018,  1.766295,  -0.070088),  (0.588353,  0.307936)
(3.785823,  1.891914,  -0.059879),  (0.791540,  0.296211)
(0.430960,  1.891914,  -0.069490),  (0.600160,  0.296226)
(3.785823,  1.891914,  -0.059879),  (0.791540,  0.296211)
(0.222018,  1.766295,  -0.070088),  (0.588353,  0.307936)
(3.994765,  1.766295,  -0.059280),  (0.803440,  0.307724)
(4.355359,  -2.375816,  -0.051339),  (0.269288,  0.984435)
(0.055101,  -2.004782,  -0.063659),  (0.512422,  0.949334)
(4.125051,  -2.004782,  -0.051999),  (0.282309,  0.949334)
(0.055101,  -2.004782,  -0.063659),  (0.512422,  0.949334)
(4.355359,  -2.375816,  -0.051339),  (0.269288,  0.984435)
(-0.175208,  -2.375815,  -0.064318),  (0.525443,  0.984435)
(3.472889,  0.326876,  -0.064487),  (0.832083,  0.726196)
(3.472889,  -0.637137,  -0.064487),  (0.832083,  0.817396)
(4.153208,  0.326875,  -0.062538),  (0.870548,  0.726196)
(4.153208,  0.326875,  -0.062538),  (0.870548,  0.726196)
(3.472889,  -0.637137,  -0.064487),  (0.832083,  0.817396)
(4.153208,  -0.637137,  -0.062538),  (0.870548,  0.817396)
(4.153208,  1.828260,  -0.062538),  (0.870548,  0.584158)
(4.153208,  0.326875,  -0.062538),  (0.870548,  0.726196)
(4.383516,  1.924295,  -0.061878),  (0.883570,  0.575073)
(4.383516,  1.924295,  -0.061878),  (0.883570,  0.575073)
(3.844221,  2.014028,  -0.063423),  (0.853078,  0.566584)
(4.153208,  1.828260,  -0.062538),  (0.870548,  0.584158)
(3.844221,  2.014028,  -0.063423),  (0.853078,  0.566584)
(4.383516,  1.924295,  -0.061878),  (0.883570,  0.575073)
(3.919476,  2.203284,  -0.063207),  (0.857333,  0.548679)
(3.816066,  2.014028,  -0.052884),  (0.299779,  0.569136)
(4.355361,  1.924295,  -0.051339),  (0.269288,  0.577624)
(4.125052,  1.828260,  -0.051999),  (0.282309,  0.586710)
(4.355361,  1.924295,  -0.051339),  (0.269288,  0.577624)
(3.816066,  2.014028,  -0.052884),  (0.299779,  0.569136)
(3.891320,  2.203284,  -0.052669),  (0.295525,  0.551231)
(0.392245,  2.014028,  -0.073312),  (0.657905,  0.566584)
(-0.147050,  1.924296,  -0.074857),  (0.627414,  0.575073)
(0.083258,  1.828261,  -0.074197),  (0.640436,  0.584158)
(-0.147050,  1.924296,  -0.074857),  (0.627414,  0.575073)
(0.392245,  2.014028,  -0.073312),  (0.657905,  0.566584)
(0.316991,  2.203285,  -0.073528),  (0.653651,  0.548679)
(4.153208,  -0.637137,  -0.062538),  (0.870548,  0.817396)
(4.153208,  -2.004782,  -0.062538),  (0.870548,  0.946782)
(4.383515,  -2.375816,  -0.061878),  (0.883570,  0.981883)
(4.383516,  1.924295,  -0.061878),  (0.883570,  0.575073)
(4.153208,  -0.637137,  -0.062538),  (0.870548,  0.817396)
(4.383515,  -2.375816,  -0.061878),  (0.883570,  0.981883)
(4.153208,  -0.637137,  -0.062538),  (0.870548,  0.817396)
(4.383516,  1.924295,  -0.061878),  (0.883570,  0.575073)
(4.153208,  0.326875,  -0.062538),  (0.870548,  0.726196)
(0.055101,  -2.004782,  -0.063659),  (0.512422,  0.949334)
(-0.175206,  -0.191891,  -0.064318),  (0.525443,  0.777826)
(0.055101,  -0.290394,  -0.063659),  (0.512422,  0.787145)
(-0.175208,  -2.375815,  -0.064318),  (0.525443,  0.984435)
(-0.175206,  -0.191891,  -0.064318),  (0.525443,  0.777826)
(0.055101,  -2.004782,  -0.063659),  (0.512422,  0.949334)
(-0.147051,  -0.191891,  -0.074857),  (0.627414,  0.775274)
(0.083257,  -2.004782,  -0.074197),  (0.640436,  0.946782)
(0.083258,  -0.290394,  -0.074197),  (0.640436,  0.784592)
(-0.147051,  -0.191891,  -0.074857),  (0.627414,  0.775274)
(-0.147051,  -2.375815,  -0.074857),  (0.627414,  0.981883)
(0.083257,  -2.004782,  -0.074197),  (0.640436,  0.946782)
(-0.175205,  1.924296,  -0.064318),  (0.525443,  0.577625)
(0.364089,  2.014028,  -0.062774),  (0.494952,  0.569136)
(0.055103,  1.828261,  -0.063659),  (0.512422,  0.586710)
(0.364089,  2.014028,  -0.062774),  (0.494952,  0.569136)
(-0.175205,  1.924296,  -0.064318),  (0.525443,  0.577625)
(0.288835,  2.203285,  -0.062989),  (0.499207,  0.551231)
(0.316991,  2.203285,  -0.073528),  (0.653651,  0.548679)
(3.844221,  2.014028,  -0.063423),  (0.853078,  0.566584)
(3.919476,  2.203284,  -0.063207),  (0.857333,  0.548679)
(3.844221,  2.014028,  -0.063423),  (0.853078,  0.566584)
(0.316991,  2.203285,  -0.073528),  (0.653651,  0.548679)
(0.392245,  2.014028,  -0.073312),  (0.657905,  0.566584)
(-0.147051,  -2.375815,  -0.074857),  (0.627414,  0.981883)
(4.383515,  -2.375816,  -0.061878),  (0.883570,  0.981883)
(0.083257,  -2.004782,  -0.074197),  (0.640436,  0.946782)
(0.083257,  -2.004782,  -0.074197),  (0.640436,  0.946782)
(4.383515,  -2.375816,  -0.061878),  (0.883570,  0.981883)
(4.153208,  -2.004782,  -0.062538),  (0.870548,  0.946782)
(4.125051,  -2.004782,  -0.051999),  (0.282309,  0.949334)
(4.125051,  -0.637136,  -0.051999),  (0.282310,  0.819948)
(4.355359,  -2.375816,  -0.051339),  (0.269288,  0.984435)
(4.125052,  0.326876,  -0.051999),  (0.282309,  0.728748)
(4.125051,  -0.637136,  -0.051999),  (0.282310,  0.819948)
(3.444732,  0.326876,  -0.053948),  (0.320774,  0.728748)
(3.444732,  0.326876,  -0.053948),  (0.320774,  0.728748)
(4.125051,  -0.637136,  -0.051999),  (0.282310,  0.819948)
(3.444731,  -0.637136,  -0.053948),  (0.320774,  0.819948)
(-0.175205,  1.924296,  -0.064318),  (0.525443,  0.577625)
(0.055102,  -0.019866,  -0.063659),  (0.512422,  0.761552)
(-0.175206,  -0.118369,  -0.064318),  (0.525443,  0.770870)
(0.055102,  -0.019866,  -0.063659),  (0.512422,  0.761552)
(-0.175205,  1.924296,  -0.064318),  (0.525443,  0.577625)
(0.055103,  1.828261,  -0.063659),  (0.512422,  0.586710)
(-0.147050,  1.924296,  -0.074857),  (0.627414,  0.575073)
(0.083258,  -0.019866,  -0.074197),  (0.640436,  0.758999)
(0.083258,  1.828261,  -0.074197),  (0.640436,  0.584158)
(-0.147050,  1.924296,  -0.074857),  (0.627414,  0.575073)
(-0.147051,  -0.118369,  -0.074857),  (0.627414,  0.768318)
(0.083258,  -0.019866,  -0.074197),  (0.640436,  0.758999)
(3.816066,  2.014028,  -0.052884),  (0.310781,  0.575143)
(0.422488,  1.891914,  -0.066318),  (0.488091,  0.587286)
(0.364089,  2.014028,  -0.062774),  (0.491265,  0.575189)
(0.422488,  1.891914,  -0.066318),  (0.488091,  0.587286)
(3.816066,  2.014028,  -0.052884),  (0.310781,  0.575143)
(3.777350,  1.891914,  -0.056707),  (0.313852,  0.587273)
(0.213544,  -1.882668,  -0.066916),  (0.659467,  0.602861)
(3.986290,  -1.882669,  -0.056108),  (0.853521,  0.602760)
(4.125051,  -2.004782,  -0.051999),  (0.862175,  0.591528)
(0.213544,  -1.882668,  -0.066916),  (0.659467,  0.602861)
(4.125051,  -2.004782,  -0.051999),  (0.862175,  0.591528)
(0.055101,  -2.004782,  -0.063659),  (0.650906,  0.591703)
(3.986290,  -1.882669,  -0.056108),  (0.853521,  0.602760)
(3.405564,  -0.725077,  -0.057772),  (0.823758,  0.702533)
(3.986291,  -0.725077,  -0.056108),  (0.853521,  0.702109)
(0.083257,  -2.004782,  -0.074197),  (0.331153,  0.503332)
(3.994764,  -1.882669,  -0.059280),  (0.556280,  0.491047)
(0.222017,  -1.882668,  -0.070088),  (0.340665,  0.490935)
(3.994764,  -1.882669,  -0.059280),  (0.556280,  0.491047)
(0.083257,  -2.004782,  -0.074197),  (0.331153,  0.503332)
(4.153208,  -2.004782,  -0.062538),  (0.565897,  0.503527)
(4.125052,  0.326876,  -0.051999),  (0.282309,  0.728748)
(4.125052,  1.828260,  -0.051999),  (0.282309,  0.586710)
(4.355361,  1.924295,  -0.051339),  (0.269288,  0.577624)
(4.153208,  1.828260,  -0.062538),  (0.813666,  0.301004)
(3.785823,  1.891914,  -0.059879),  (0.791540,  0.296211)
(3.994765,  1.766295,  -0.059280),  (0.803440,  0.307724)
(3.785823,  1.891914,  -0.059879),  (0.791540,  0.296211)
(4.153208,  1.828260,  -0.062538),  (0.813666,  0.301004)
(3.844221,  2.014028,  -0.063423),  (0.794913,  0.282889)
(3.777350,  1.891914,  -0.056707),  (0.313852,  0.587273)
(4.125052,  1.828260,  -0.051999),  (0.293707,  0.591636)
(3.986292,  1.766295,  -0.056108),  (0.303017,  0.597754)
(4.125052,  1.828260,  -0.051999),  (0.293707,  0.591636)
(3.777350,  1.891914,  -0.056707),  (0.313852,  0.587273)
(3.816066,  2.014028,  -0.052884),  (0.310781,  0.575143)
(0.430960,  1.891914,  -0.069490),  (0.600160,  0.296226)
(0.083258,  1.828261,  -0.074197),  (0.578136,  0.301418)
(0.222018,  1.766295,  -0.070088),  (0.588353,  0.307936)
(0.083258,  1.828261,  -0.074197),  (0.578136,  0.301418)
(0.430960,  1.891914,  -0.069490),  (0.600160,  0.296226)
(0.392245,  2.014028,  -0.073312),  (0.596673,  0.282939)
(4.153208,  1.828260,  -0.062538),  (0.813666,  0.301004)
(3.994765,  0.414816,  -0.059280),  (0.803489,  0.436226)
(4.153208,  0.326875,  -0.062538),  (0.813406,  0.445556)
(3.994765,  0.414816,  -0.059280),  (0.803489,  0.436226)
(4.153208,  1.828260,  -0.062538),  (0.813666,  0.301004)
(3.994765,  1.766295,  -0.059280),  (0.803440,  0.307724)
(4.125051,  -0.637136,  -0.051999),  (0.862444,  0.710535)
(3.986290,  -1.882669,  -0.056108),  (0.853521,  0.602760)
(3.986291,  -0.725077,  -0.056108),  (0.853521,  0.702109)
(4.125051,  -0.637136,  -0.051999),  (0.862444,  0.710535)
(4.125051,  -2.004782,  -0.051999),  (0.862175,  0.591528)
(3.986290,  -1.882669,  -0.056108),  (0.853521,  0.602760)
(0.055101,  -0.290394,  -0.063659),  (0.650919,  0.741224)
(0.213544,  -1.882668,  -0.066916),  (0.659467,  0.602861)
(0.055101,  -2.004782,  -0.063659),  (0.650906,  0.591703)
(0.213544,  -1.882668,  -0.066916),  (0.659467,  0.602861)
(0.055101,  -0.290394,  -0.063659),  (0.650919,  0.741224)
(0.213545,  -0.370589,  -0.066916),  (0.659561,  0.733067)
(0.083258,  -0.290394,  -0.074197),  (0.331167,  0.337198)
(0.222017,  -1.882668,  -0.070088),  (0.340665,  0.490935)
(0.222018,  -0.370589,  -0.070088),  (0.340769,  0.346262)
(0.083258,  -0.290394,  -0.074197),  (0.331167,  0.337198)
(0.083257,  -2.004782,  -0.074197),  (0.331153,  0.503332)
(0.222017,  -1.882668,  -0.070088),  (0.340665,  0.490935)
(0.055103,  1.828261,  -0.063659),  (0.508143,  0.592013)
(0.422488,  1.891914,  -0.066318),  (0.488091,  0.587286)
(0.213546,  1.766295,  -0.066916),  (0.498840,  0.597947)
(0.422488,  1.891914,  -0.066318),  (0.488091,  0.587286)
(0.055103,  1.828261,  -0.063659),  (0.508143,  0.592013)
(0.364089,  2.014028,  -0.062774),  (0.491265,  0.575189)
(0.392245,  2.014028,  -0.073312),  (0.596673,  0.282939)
(3.785823,  1.891914,  -0.059879),  (0.791540,  0.296211)
(3.844221,  2.014028,  -0.063423),  (0.794913,  0.282889)
(3.785823,  1.891914,  -0.059879),  (0.791540,  0.296211)
(0.392245,  2.014028,  -0.073312),  (0.596673,  0.282939)
(0.430960,  1.891914,  -0.069490),  (0.600160,  0.296226)
(4.153208,  -0.637137,  -0.062538),  (0.566195,  0.371297)
(3.994764,  -1.882669,  -0.059280),  (0.556280,  0.491047)
(4.153208,  -2.004782,  -0.062538),  (0.565897,  0.503527)
(3.994764,  -1.882669,  -0.059280),  (0.556280,  0.491047)
(4.153208,  -0.637137,  -0.062538),  (0.566195,  0.371297)
(3.994765,  -0.725078,  -0.059280),  (0.556281,  0.380659)
(2.998685,  -0.309608,  -0.065845),  (0.499424,  0.338894)
(0.083258,  -0.290394,  -0.074197),  (0.331167,  0.337198)
(0.222018,  -0.370589,  -0.070088),  (0.340769,  0.346262)
(2.998685,  -0.309608,  -0.065845),  (0.499424,  0.338894)
(0.222018,  -0.370589,  -0.070088),  (0.340769,  0.346262)
(2.939835,  -0.401195,  -0.062302),  (0.495919,  0.349470)
(3.444731,  -0.637136,  -0.053948),  (0.827345,  0.712089)
(4.125051,  -0.637136,  -0.051999),  (0.862444,  0.710535)
(3.986291,  -0.725077,  -0.056108),  (0.853521,  0.702109)
(3.986291,  -0.725077,  -0.056108),  (0.853521,  0.702109)
(3.405564,  -0.725077,  -0.057772),  (0.823758,  0.702533)
(3.444731,  -0.637136,  -0.053948),  (0.827345,  0.712089)
(4.125052,  1.828260,  -0.051999),  (0.293707,  0.591636)
(3.986292,  0.414817,  -0.056108),  (0.302973,  0.714747)
(3.986292,  1.766295,  -0.056108),  (0.303017,  0.597754)
(4.125052,  1.828260,  -0.051999),  (0.293707,  0.591636)
(4.125052,  0.326876,  -0.051999),  (0.293944,  0.723241)
(3.986292,  0.414817,  -0.056108),  (0.302973,  0.714747)
(0.055103,  1.828261,  -0.063659),  (0.508143,  0.592013)
(0.213545,  0.060330,  -0.066916),  (0.498967,  0.745990)
(0.055102,  -0.019866,  -0.063659),  (0.507693,  0.754207)
(0.213545,  0.060330,  -0.066916),  (0.498967,  0.745990)
(0.055103,  1.828261,  -0.063659),  (0.508143,  0.592013)
(0.213546,  1.766295,  -0.066916),  (0.498840,  0.597947)
(0.083258,  1.828261,  -0.074197),  (0.578136,  0.301418)
(0.222018,  0.060330,  -0.070088),  (0.588214,  0.470542)
(0.222018,  1.766295,  -0.070088),  (0.588353,  0.307936)
(0.083258,  1.828261,  -0.074197),  (0.578136,  0.301418)
(0.083258,  -0.019866,  -0.074197),  (0.578630,  0.479568)
(0.222018,  0.060330,  -0.070088),  (0.588214,  0.470542)
(0.222018,  0.060330,  -0.070088),  (0.588214,  0.470542)
(2.998685,  -0.000653,  -0.065845),  (0.746371,  0.477761)
(2.939836,  0.090934,  -0.062302),  (0.742918,  0.467176)
(2.998685,  -0.000653,  -0.065845),  (0.746371,  0.477761)
(0.222018,  0.060330,  -0.070088),  (0.588214,  0.470542)
(0.083258,  -0.019866,  -0.074197),  (0.578630,  0.479568)
(3.986292,  0.414817,  -0.056108),  (0.302973,  0.714747)
(3.444732,  0.326876,  -0.053948),  (0.329499,  0.724832)
(3.405565,  0.414817,  -0.057772),  (0.333132,  0.715145)
(3.444732,  0.326876,  -0.053948),  (0.329499,  0.724832)
(3.986292,  0.414817,  -0.056108),  (0.302973,  0.714747)
(4.125052,  0.326876,  -0.051999),  (0.293944,  0.723241)
(3.472889,  -0.637137,  -0.064487),  (0.527196,  0.369570)
(2.939835,  -0.401195,  -0.062302),  (0.495919,  0.349470)
(3.414039,  -0.725078,  -0.060944),  (0.523211,  0.380188)
(2.939835,  -0.401195,  -0.062302),  (0.495919,  0.349470)
(3.472889,  -0.637137,  -0.064487),  (0.527196,  0.369570)
(2.998685,  -0.309608,  -0.065845),  (0.499424,  0.338894)
(2.970528,  -0.309608,  -0.055307),  (0.802350,  0.739698)
(0.213545,  -0.370589,  -0.066916),  (0.659561,  0.733067)
(0.055101,  -0.290394,  -0.063659),  (0.650919,  0.741224)
(0.213545,  -0.370589,  -0.066916),  (0.659561,  0.733067)
(2.970528,  -0.309608,  -0.055307),  (0.802350,  0.739698)
(2.931360,  -0.401195,  -0.059130),  (0.799195,  0.730179)
(3.472889,  0.326876,  -0.064487),  (0.774354,  0.447303)
(2.939836,  0.090934,  -0.062302),  (0.742918,  0.467176)
(2.998685,  -0.000653,  -0.065845),  (0.746371,  0.477761)
(2.939836,  0.090934,  -0.062302),  (0.742918,  0.467176)
(3.472889,  0.326876,  -0.064487),  (0.774354,  0.447303)
(3.414040,  0.414817,  -0.060944),  (0.770363,  0.436664)
(2.970528,  -0.000653,  -0.055307),  (0.354976,  0.752562)
(0.055102,  -0.019866,  -0.063659),  (0.507693,  0.754207)
(0.213545,  0.060330,  -0.066916),  (0.498967,  0.745990)
(0.213545,  0.060330,  -0.066916),  (0.498967,  0.745990)
(2.931361,  0.090935,  -0.059130),  (0.358119,  0.742925)
(2.970528,  -0.000653,  -0.055307),  (0.354976,  0.752562)
(3.444731,  -0.637136,  -0.053948),  (0.827345,  0.712089)
(2.931360,  -0.401195,  -0.059130),  (0.799195,  0.730179)
(2.970528,  -0.309608,  -0.055307),  (0.802350,  0.739698)
(2.931360,  -0.401195,  -0.059130),  (0.799195,  0.730179)
(3.444731,  -0.637136,  -0.053948),  (0.827345,  0.712089)
(3.405564,  -0.725077,  -0.057772),  (0.823758,  0.702533)
(3.444732,  0.326876,  -0.053948),  (0.329499,  0.724832)
(2.970528,  -0.000653,  -0.055307),  (0.354976,  0.752562)
(2.931361,  0.090935,  -0.059130),  (0.358119,  0.742925)
(2.931361,  0.090935,  -0.059130),  (0.358119,  0.742925)
(3.405565,  0.414817,  -0.057772),  (0.333132,  0.715145)
(3.444732,  0.326876,  -0.053948),  (0.329499,  0.724832)
(4.125051,  -0.637136,  -0.051999),  (0.282310,  0.819948)
(4.355361,  1.924295,  -0.051339),  (0.269288,  0.577624)
(4.355359,  -2.375816,  -0.051339),  (0.269288,  0.984435)
(4.355361,  1.924295,  -0.051339),  (0.269288,  0.577624)
(4.125051,  -0.637136,  -0.051999),  (0.282310,  0.819948)
(4.125052,  0.326876,  -0.051999),  (0.282309,  0.728748)
(3.472889,  -0.637137,  -0.064487),  (0.527196,  0.369570)
(3.994765,  -0.725078,  -0.059280),  (0.556281,  0.380659)
(4.153208,  -0.637137,  -0.062538),  (0.566195,  0.371297)
(3.994765,  -0.725078,  -0.059280),  (0.556281,  0.380659)
(3.472889,  -0.637137,  -0.064487),  (0.527196,  0.369570)
(3.414039,  -0.725078,  -0.060944),  (0.523211,  0.380188)
(3.994765,  0.414816,  -0.059280),  (0.803489,  0.436226)
(3.414040,  0.414817,  -0.060944),  (0.770363,  0.436664)
(3.472889,  0.326876,  -0.064487),  (0.774354,  0.447303)
(3.994765,  0.414816,  -0.059280),  (0.803489,  0.436226)
(3.472889,  0.326876,  -0.064487),  (0.774354,  0.447303)
(4.153208,  0.326875,  -0.062538),  (0.813406,  0.445556)
(3.994765,  -0.725078,  -0.059280),  (0.556281,  0.380659)
(3.414039,  -0.725078,  -0.060944),  (0.523211,  0.380188)
(3.994764,  -1.882669,  -0.059280),  (0.556280,  0.491047)
(3.414039,  -0.725078,  -0.060944),  (0.523211,  0.380188)
(2.939835,  -0.401195,  -0.062302),  (0.495919,  0.349470)
(0.222017,  -1.882668,  -0.070088),  (0.340665,  0.490935)
(3.414039,  -0.725078,  -0.060944),  (0.523211,  0.380188)
(0.222017,  -1.882668,  -0.070088),  (0.340665,  0.490935)
(3.994764,  -1.882669,  -0.059280),  (0.556280,  0.491047)
(3.994765,  1.766295,  -0.059280),  (0.803440,  0.307724)
(2.955518,  0.596311,  -0.062257),  (0.744093,  0.419247)
(3.414040,  0.414817,  -0.060944),  (0.770363,  0.436664)
(2.955518,  0.596311,  -0.062257),  (0.744093,  0.419247)
(3.994765,  1.766295,  -0.059280),  (0.803440,  0.307724)
(2.955518,  1.627040,  -0.062257),  (0.744200,  0.320986)
(3.405565,  0.414817,  -0.057772),  (0.333132,  0.715145)
(2.931361,  0.090935,  -0.059130),  (0.358119,  0.742925)
(2.947043,  0.596311,  -0.059085),  (0.357049,  0.699289)
(0.213544,  -1.882668,  -0.066916),  (0.659467,  0.602861)
(3.405564,  -0.725077,  -0.057772),  (0.823758,  0.702533)
(3.986290,  -1.882669,  -0.056108),  (0.853521,  0.602760)
(3.405564,  -0.725077,  -0.057772),  (0.823758,  0.702533)
(0.213544,  -1.882668,  -0.066916),  (0.659467,  0.602861)
(2.931360,  -0.401195,  -0.059130),  (0.799195,  0.730179)
(0.213544,  -1.882668,  -0.066916),  (0.659467,  0.602861)
(0.213545,  -0.370589,  -0.066916),  (0.659561,  0.733067)
(2.931360,  -0.401195,  -0.059130),  (0.799195,  0.730179)
(3.986292,  0.414817,  -0.056108),  (0.302973,  0.714747)
(3.405565,  0.414817,  -0.057772),  (0.333132,  0.715145)
(3.986292,  1.766295,  -0.056108),  (0.303017,  0.597754)
(1.301077,  1.627040,  -0.066997),  (0.649808,  0.321031)
(0.222018,  1.766295,  -0.070088),  (0.588353,  0.307936)
(1.301077,  0.596311,  -0.066997),  (0.649734,  0.419340)
(0.222018,  1.766295,  -0.070088),  (0.588353,  0.307936)
(0.222018,  0.060330,  -0.070088),  (0.588214,  0.470542)
(1.301077,  0.596311,  -0.066997),  (0.649734,  0.419340)
(3.414040,  0.414817,  -0.060944),  (0.770363,  0.436664)
(2.955518,  0.596311,  -0.062257),  (0.744093,  0.419247)
(2.939836,  0.090934,  -0.062302),  (0.742918,  0.467176)
(0.213546,  1.766295,  -0.066916),  (0.498840,  0.597947)
(1.292602,  0.596311,  -0.063825),  (0.442958,  0.699374)
(0.213545,  0.060330,  -0.066916),  (0.498967,  0.745990)
(1.292602,  0.596311,  -0.063825),  (0.442958,  0.699374)
(0.213546,  1.766295,  -0.066916),  (0.498840,  0.597947)
(1.292602,  1.627040,  -0.063825),  (0.442889,  0.609869)
(1.301077,  1.627040,  -0.066997),  (0.649808,  0.321031)
(3.994765,  1.766295,  -0.059280),  (0.803440,  0.307724)
(0.222018,  1.766295,  -0.070088),  (0.588353,  0.307936)
(3.994765,  1.766295,  -0.059280),  (0.803440,  0.307724)
(1.301077,  1.627040,  -0.066997),  (0.649808,  0.321031)
(2.955518,  1.627040,  -0.062257),  (0.744200,  0.320986)
(1.301077,  0.596311,  -0.066997),  (0.649734,  0.419340)
(2.939836,  0.090934,  -0.062302),  (0.742918,  0.467176)
(2.955518,  0.596311,  -0.062257),  (0.744093,  0.419247)
(2.939836,  0.090934,  -0.062302),  (0.742918,  0.467176)
(1.301077,  0.596311,  -0.066997),  (0.649734,  0.419340)
(0.222018,  0.060330,  -0.070088),  (0.588214,  0.470542)
(2.947042,  1.627040,  -0.059085),  (0.356952,  0.609829)
(3.986292,  1.766295,  -0.056108),  (0.303017,  0.597754)
(2.947043,  0.596311,  -0.059085),  (0.357049,  0.699289)
(3.986292,  1.766295,  -0.056108),  (0.303017,  0.597754)
(3.405565,  0.414817,  -0.057772),  (0.333132,  0.715145)
(2.947043,  0.596311,  -0.059085),  (0.357049,  0.699289)
(3.986292,  1.766295,  -0.056108),  (0.303017,  0.597754)
(1.292602,  1.627040,  -0.063825),  (0.442889,  0.609869)
(0.213546,  1.766295,  -0.066916),  (0.498840,  0.597947)
(1.292602,  1.627040,  -0.063825),  (0.442889,  0.609869)
(3.986292,  1.766295,  -0.056108),  (0.303017,  0.597754)
(2.947042,  1.627040,  -0.059085),  (0.356952,  0.609829)
(1.292602,  0.596311,  -0.063825),  (0.442958,  0.699374)
(2.947043,  0.596311,  -0.059085),  (0.357049,  0.699289)
(2.931361,  0.090935,  -0.059130),  (0.358119,  0.742925)
(1.292602,  0.596311,  -0.063825),  (0.442958,  0.699374)
(2.931361,  0.090935,  -0.059130),  (0.358119,  0.742925)
(0.213545,  0.060330,  -0.066916),  (0.498967,  0.745990)
(1.366482,  0.643106,  -0.069439),  (0.177862,  0.023656)
(2.792561,  0.643106,  -0.057468),  (0.268477,  0.007438)
(1.345573,  0.643106,  -0.061613),  (0.177862,  0.007438)
(2.792561,  0.643106,  -0.057468),  (0.268477,  0.007438)
(1.366482,  0.643106,  -0.069439),  (0.177862,  0.023656)
(2.813470,  0.643106,  -0.065294),  (0.268477,  0.023656)
(1.294001,  0.654411,  -0.061761),  (0.174422,  0.007438)
(1.314910,  0.654411,  -0.069587),  (0.174422,  0.023656)
(1.345573,  0.643106,  -0.061613),  (0.177862,  0.007438)
(1.314910,  0.654411,  -0.069587),  (0.174422,  0.023656)
(1.366482,  0.643106,  -0.069439),  (0.177862,  0.023656)
(1.345573,  0.643106,  -0.061613),  (0.177862,  0.007438)
(1.314910,  0.654411,  -0.069587),  (0.174422,  0.023656)
(1.275086,  0.685232,  -0.061815),  (0.170982,  0.007438)
(1.295995,  0.685232,  -0.069641),  (0.170982,  0.023656)
(1.275086,  0.685232,  -0.061815),  (0.170982,  0.007438)
(1.314910,  0.654411,  -0.069587),  (0.174422,  0.023656)
(1.294001,  0.654411,  -0.061761),  (0.174422,  0.007438)
(1.275086,  0.685232,  -0.061815),  (0.170982,  0.007438)
(1.275087,  1.550007,  -0.061815),  (0.080368,  0.007438)
(1.295996,  1.550007,  -0.069641),  (0.080368,  0.023656)
(1.295996,  1.550007,  -0.069641),  (0.080368,  0.023656)
(1.295995,  0.685232,  -0.069641),  (0.170982,  0.023656)
(1.275086,  0.685232,  -0.061815),  (0.170982,  0.007438)
(1.295996,  1.550007,  -0.069641),  (0.080368,  0.023656)
(1.275087,  1.550007,  -0.061815),  (0.080368,  0.007438)
(1.314911,  1.580828,  -0.069587),  (0.076928,  0.023656)
(1.294002,  1.580828,  -0.061761),  (0.076928,  0.007438)
(1.314911,  1.580828,  -0.069587),  (0.076928,  0.023656)
(1.275087,  1.550007,  -0.061815),  (0.080368,  0.007438)
(1.314911,  1.580828,  -0.069587),  (0.076928,  0.023656)
(1.345573,  1.592133,  -0.061613),  (0.073488,  0.007438)
(1.366482,  1.592133,  -0.069439),  (0.073488,  0.023656)
(1.345573,  1.592133,  -0.061613),  (0.073488,  0.007438)
(1.314911,  1.580828,  -0.069587),  (0.076928,  0.023656)
(1.294002,  1.580828,  -0.061761),  (0.076928,  0.007438)
(1.366482,  1.592133,  -0.069439),  (0.463467,  0.023656)
(2.792562,  1.592132,  -0.057468),  (0.372852,  0.007438)
(2.813471,  1.592132,  -0.065294),  (0.372852,  0.023656)
(2.792562,  1.592132,  -0.057468),  (0.372852,  0.007438)
(1.366482,  1.592133,  -0.069439),  (0.463467,  0.023656)
(1.345573,  1.592133,  -0.061613),  (0.463467,  0.007438)
(2.813471,  1.592132,  -0.065294),  (0.372852,  0.023656)
(2.844133,  1.580828,  -0.057320),  (0.369412,  0.007438)
(2.865042,  1.580828,  -0.065146),  (0.369412,  0.023656)
(2.844133,  1.580828,  -0.057320),  (0.369412,  0.007438)
(2.813471,  1.592132,  -0.065294),  (0.372852,  0.023656)
(2.792562,  1.592132,  -0.057468),  (0.372852,  0.007438)
(2.844133,  1.580828,  -0.057320),  (0.369412,  0.007438)
(2.883957,  1.550007,  -0.065092),  (0.365972,  0.023656)
(2.865042,  1.580828,  -0.065146),  (0.369412,  0.023656)
(2.883957,  1.550007,  -0.065092),  (0.365972,  0.023656)
(2.844133,  1.580828,  -0.057320),  (0.369412,  0.007438)
(2.863048,  1.550007,  -0.057266),  (0.365972,  0.007438)
(2.863048,  1.550007,  -0.057266),  (0.365972,  0.007438)
(2.883957,  0.685232,  -0.065092),  (0.275357,  0.023656)
(2.883957,  1.550007,  -0.065092),  (0.365972,  0.023656)
(2.883957,  0.685232,  -0.065092),  (0.275357,  0.023656)
(2.863048,  1.550007,  -0.057266),  (0.365972,  0.007438)
(2.863047,  0.685232,  -0.057266),  (0.275357,  0.007438)
(2.883957,  0.685232,  -0.065092),  (0.275357,  0.023656)
(2.844133,  0.654410,  -0.057320),  (0.271917,  0.007438)
(2.865041,  0.654410,  -0.065146),  (0.271917,  0.023656)
(2.844133,  0.654410,  -0.057320),  (0.271917,  0.007438)
(2.883957,  0.685232,  -0.065092),  (0.275357,  0.023656)
(2.863047,  0.685232,  -0.057266),  (0.275357,  0.007438)
(2.792561,  0.643106,  -0.057468),  (0.268477,  0.007438)
(2.813470,  0.643106,  -0.065294),  (0.268477,  0.023656)
(2.844133,  0.654410,  -0.057320),  (0.271917,  0.007438)
(2.813470,  0.643106,  -0.065294),  (0.268477,  0.023656)
(2.865041,  0.654410,  -0.065146),  (0.271917,  0.023656)
(2.844133,  0.654410,  -0.057320),  (0.271917,  0.007438)
(2.813324,  1.601573,  -0.059810),  (0.381529,  0.846286)
(2.074746,  1.116908,  -0.061926),  (0.336572,  0.887230)
(1.337550,  1.601574,  -0.064038),  (0.381529,  0.928097)
(1.284952,  1.590044,  -0.064189),  (0.380460,  0.931013)
(2.074746,  1.116908,  -0.061926),  (0.336572,  0.887230)
(1.265661,  1.558610,  -0.064244),  (0.377543,  0.932083)
(2.893385,  1.558610,  -0.062663),  (0.861914,  0.842335)
(2.082918,  1.116908,  -0.064985),  (0.816985,  0.883306)
(2.893384,  0.676631,  -0.062663),  (0.861914,  0.924146)
(1.337549,  0.633668,  -0.064038),  (0.291746,  0.928097)
(2.074746,  1.116908,  -0.061926),  (0.336572,  0.887230)
(2.813323,  0.633667,  -0.059810),  (0.291746,  0.846286)
(2.865921,  1.590044,  -0.059659),  (0.380459,  0.843370)
(2.074746,  1.116908,  -0.061926),  (0.336572,  0.887230)
(2.813324,  1.601573,  -0.059810),  (0.381529,  0.846286)
(1.273833,  1.558610,  -0.067303),  (0.772132,  0.842335)
(2.082918,  1.116908,  -0.064985),  (0.816985,  0.883306)
(1.293124,  1.590044,  -0.067247),  (0.773201,  0.839419)
(1.293124,  0.645197,  -0.067247),  (0.773201,  0.927062)
(2.082918,  1.116908,  -0.064985),  (0.816985,  0.883306)
(1.273833,  0.676631,  -0.067303),  (0.772132,  0.924146)
(1.293124,  1.590044,  -0.067247),  (0.773201,  0.839419)
(2.082918,  1.116908,  -0.064985),  (0.816985,  0.883306)
(1.345722,  1.601574,  -0.067097),  (0.776117,  0.838349)
(1.265660,  0.676631,  -0.064244),  (0.295732,  0.932083)
(2.074746,  1.116908,  -0.061926),  (0.336572,  0.887230)
(1.284951,  0.645197,  -0.064189),  (0.292816,  0.931013)
(2.874094,  1.590044,  -0.062718),  (0.860845,  0.839419)
(2.082918,  1.116908,  -0.064985),  (0.816985,  0.883306)
(2.893385,  1.558610,  -0.062663),  (0.861914,  0.842335)
(2.865921,  0.645197,  -0.059659),  (0.292816,  0.843370)
(2.074746,  1.116908,  -0.061926),  (0.336572,  0.887230)
(2.885212,  0.676631,  -0.059604),  (0.295732,  0.842301)
(2.874093,  0.645197,  -0.062718),  (0.860845,  0.927062)
(2.082918,  1.116908,  -0.064985),  (0.816985,  0.883306)
(2.821496,  0.633667,  -0.062869),  (0.857929,  0.928131)
(1.345722,  1.601574,  -0.067097),  (0.776117,  0.838349)
(2.082918,  1.116908,  -0.064985),  (0.816985,  0.883306)
(2.821496,  1.601573,  -0.062869),  (0.857929,  0.838349)
(2.821496,  1.601573,  -0.062869),  (0.857929,  0.838349)
(2.082918,  1.116908,  -0.064985),  (0.816985,  0.883306)
(2.874094,  1.590044,  -0.062718),  (0.860845,  0.839419)
(1.273833,  0.676631,  -0.067303),  (0.772132,  0.924146)
(2.082918,  1.116908,  -0.064985),  (0.816985,  0.883306)
(1.273833,  1.558610,  -0.067303),  (0.772132,  0.842335)
(2.821496,  0.633667,  -0.062869),  (0.857929,  0.928131)
(2.082918,  1.116908,  -0.064985),  (0.816985,  0.883306)
(1.345721,  0.633668,  -0.067097),  (0.776117,  0.928132)
(1.265661,  1.558610,  -0.064244),  (0.377543,  0.932083)
(2.074746,  1.116908,  -0.061926),  (0.336572,  0.887230)
(1.265660,  0.676631,  -0.064244),  (0.295732,  0.932083)
(1.284951,  0.645197,  -0.064189),  (0.292816,  0.931013)
(2.074746,  1.116908,  -0.061926),  (0.336572,  0.887230)
(1.337549,  0.633668,  -0.064038),  (0.291746,  0.928097)
(2.885212,  1.558610,  -0.059604),  (0.377543,  0.842300)
(2.074746,  1.116908,  -0.061926),  (0.336572,  0.887230)
(2.865921,  1.590044,  -0.059659),  (0.380459,  0.843370)
(2.885212,  0.676631,  -0.059604),  (0.295732,  0.842301)
(2.074746,  1.116908,  -0.061926),  (0.336572,  0.887230)
(2.885212,  1.558610,  -0.059604),  (0.377543,  0.842300)
(1.337550,  1.601574,  -0.064038),  (0.381529,  0.928097)
(2.074746,  1.116908,  -0.061926),  (0.336572,  0.887230)
(1.284952,  1.590044,  -0.064189),  (0.380460,  0.931013)
(2.813323,  0.633667,  -0.059810),  (0.291746,  0.846286)
(2.074746,  1.116908,  -0.061926),  (0.336572,  0.887230)
(2.865921,  0.645197,  -0.059659),  (0.292816,  0.843370)
(2.893384,  0.676631,  -0.062663),  (0.861914,  0.924146)
(2.082918,  1.116908,  -0.064985),  (0.816985,  0.883306)
(2.874093,  0.645197,  -0.062718),  (0.860845,  0.927062)
(1.345721,  0.633668,  -0.067097),  (0.776117,  0.928132)
(2.082918,  1.116908,  -0.064985),  (0.816985,  0.883306)
(1.293124,  0.645197,  -0.067247),  (0.773201,  0.927062)
