(-0.248531,  0.455516,  0.362447),  (0.539737,  0.049797)
(-0.248678,  0.554811,  2.276619),  (0.517654,  0.451558)
(-0.248878,  0.539174,  0.362446),  (0.517654,  0.031498)
(-0.248678,  0.554811,  2.276619),  (0.517654,  0.451558)
(-0.248531,  0.455516,  0.362447),  (0.539737,  0.049797)
(-0.251906,  0.460649,  2.289221),  (0.539737,  0.453607)
(-0.248877,  0.539174,  4.537059),  (0.517654,  0.952701)
(-0.248678,  0.554811,  2.620599),  (0.517654,  0.535043)
(-0.250200,  0.450263,  2.620815),  (0.539737,  0.534944)
(-0.248877,  0.539174,  4.537059),  (0.517654,  0.952701)
(-0.250200,  0.450263,  2.620815),  (0.539737,  0.534944)
(-0.248530,  0.455516,  4.537037),  (0.539737,  0.934402)
(-0.248678,  0.554811,  2.620599),  (0.517654,  0.535043)
(-0.248678,  0.554811,  2.276619),  (0.517654,  0.451558)
(-0.251906,  0.460649,  2.289221),  (0.539737,  0.453607)
(-0.248678,  0.554811,  2.620599),  (0.517654,  0.535043)
(-0.251906,  0.460649,  2.289221),  (0.539737,  0.453607)
(-0.250200,  0.450263,  2.620815),  (0.539737,  0.534944)
(-0.251906,  0.460649,  2.289221),  (0.461786,  0.979251)
(-4.826545,  0.439878,  2.278370),  (0.461786,  0.012308)
(-4.826545,  0.439878,  2.622304),  (0.544618,  0.012308)
(-0.251906,  0.460649,  2.289221),  (0.461786,  0.979251)
(-4.826545,  0.439878,  2.622304),  (0.544618,  0.012308)
(-0.250200,  0.450263,  2.620815),  (0.544618,  0.979251)
(-0.248531,  0.455516,  0.362447),  (0.096810,  0.979251)
(-2.568046,  0.455515,  0.362426),  (0.096810,  0.489286)
(-0.251906,  0.460649,  2.289221),  (0.461786,  0.979251)
(-2.568046,  0.455515,  0.362426),  (0.096810,  0.489286)
(-4.826545,  0.439878,  2.278370),  (0.461786,  0.012308)
(-0.251906,  0.460649,  2.289221),  (0.461786,  0.979251)
(-0.250200,  0.450263,  2.620815),  (0.461786,  0.979251)
(-2.568045,  0.455516,  4.537038),  (0.096810,  0.489286)
(-0.248530,  0.455516,  4.537037),  (0.096810,  0.979251)
(-4.826545,  0.439878,  2.622304),  (0.461786,  0.012308)
(-2.568045,  0.455516,  4.537038),  (0.096810,  0.489286)
(-0.250200,  0.450263,  2.620815),  (0.461786,  0.979251)
(-2.568045,  0.455516,  4.537038),  (0.096810,  0.489286)
(-4.826545,  0.439878,  2.622304),  (0.461786,  0.012308)
(-4.826397,  0.455516,  4.537038),  (0.096810,  0.012308)
(-2.568046,  0.455515,  0.362426),  (0.096810,  0.489286)
(-4.826399,  0.455516,  0.362448),  (0.096810,  0.012308)
(-4.826545,  0.439878,  2.278370),  (0.461786,  0.012308)
(-4.891946,  0.083658,  4.886192),  (0.461786,  0.979251)
(-4.402308,  0.083658,  -0.000003),  (0.544618,  0.012308)
(-4.402307,  0.083658,  4.886192),  (0.544618,  0.979251)
(-4.402308,  0.083658,  -0.000003),  (0.544618,  0.012308)
(-4.891946,  0.083658,  4.886192),  (0.461786,  0.979251)
(-4.891947,  0.083658,  -0.000003),  (0.461786,  0.012308)
(-4.402308,  0.083658,  -0.000003),  (0.517654,  0.952702)
(-4.402307,  0.000000,  4.886168),  (0.539737,  0.049797)
(-4.402307,  0.083658,  4.886192),  (0.517654,  0.031498)
(-4.402307,  0.000000,  4.886168),  (0.539737,  0.049797)
(-4.402308,  0.083658,  -0.000003),  (0.517654,  0.952702)
(-4.402308,  0.000000,  0.000000),  (0.539737,  0.934402)
(-4.891946,  0.000000,  4.886168),  (0.539737,  0.934402)
(-4.891947,  0.083658,  -0.000003),  (0.517654,  0.031498)
(-4.891946,  0.083658,  4.886192),  (0.517654,  0.952701)
(-4.891947,  0.083658,  -0.000003),  (0.517654,  0.031498)
(-4.891946,  0.000000,  4.886168),  (0.539737,  0.934402)
(-4.891947,  0.000000,  0.000000),  (0.539737,  0.049797)
(-4.891947,  0.083658,  -0.000003),  (0.538025,  0.448596)
(-4.402308,  0.000000,  0.000000),  (0.511943,  0.592782)
(-4.402308,  0.083658,  -0.000003),  (0.538025,  0.592782)
(-4.402308,  0.000000,  0.000000),  (0.511943,  0.592782)
(-4.891947,  0.083658,  -0.000003),  (0.538025,  0.448596)
(-4.891947,  0.000000,  0.000000),  (0.511943,  0.448596)
(-4.891946,  0.083658,  4.886192),  (0.538025,  0.592782)
(-4.402307,  0.083658,  4.886192),  (0.538025,  0.448596)
(-4.402307,  0.000000,  4.886168),  (0.511943,  0.448596)
(-4.891946,  0.083658,  4.886192),  (0.538025,  0.592782)
(-4.402307,  0.000000,  4.886168),  (0.511943,  0.448596)
(-4.891946,  0.000000,  4.886168),  (0.511943,  0.592782)
(-0.163271,  0.083658,  4.886191),  (0.544618,  0.979251)
(-0.652912,  0.083658,  -0.000003),  (0.461786,  0.012308)
(-0.163272,  0.083657,  -0.000003),  (0.544618,  0.012308)
(-0.652912,  0.083658,  -0.000003),  (0.461786,  0.012308)
(-0.163271,  0.083658,  4.886191),  (0.544618,  0.979251)
(-0.652911,  0.083658,  4.886191),  (0.461786,  0.979251)
(-0.163272,  0.083657,  -0.000003),  (0.517654,  0.952702)
(-0.163271,  0.000000,  4.886167),  (0.539737,  0.049797)
(-0.163271,  0.083658,  4.886191),  (0.517654,  0.031498)
(-0.163271,  0.000000,  4.886167),  (0.539737,  0.049797)
(-0.163272,  0.083657,  -0.000003),  (0.517654,  0.952702)
(-0.163272,  -0.000000,  -0.000001),  (0.539737,  0.934402)
(-0.652911,  0.000000,  4.886167),  (0.539737,  0.934402)
(-0.652912,  0.083658,  -0.000003),  (0.517654,  0.031498)
(-0.652911,  0.083658,  4.886191),  (0.517654,  0.952701)
(-0.652912,  0.083658,  -0.000003),  (0.517654,  0.031498)
(-0.652911,  0.000000,  4.886167),  (0.539737,  0.934402)
(-0.652912,  -0.000000,  -0.000001),  (0.539737,  0.049797)
(-0.652912,  0.083658,  -0.000003),  (0.538025,  0.448596)
(-0.163272,  -0.000000,  -0.000001),  (0.511943,  0.592782)
(-0.163272,  0.083657,  -0.000003),  (0.538025,  0.592782)
(-0.163272,  -0.000000,  -0.000001),  (0.511943,  0.592782)
(-0.652912,  0.083658,  -0.000003),  (0.538025,  0.448596)
(-0.652912,  -0.000000,  -0.000001),  (0.511943,  0.448596)
(-0.163271,  0.083658,  4.886191),  (0.538025,  0.448596)
(-0.652911,  0.000000,  4.886167),  (0.511943,  0.592782)
(-0.652911,  0.083658,  4.886191),  (0.538025,  0.592782)
(-0.652911,  0.000000,  4.886167),  (0.511943,  0.592782)
(-0.163271,  0.083658,  4.886191),  (0.538025,  0.448596)
(-0.163271,  0.000000,  4.886167),  (0.511943,  0.448596)
(-2.806278,  0.083658,  4.886191),  (0.461786,  0.979251)
(-2.316640,  0.083658,  -0.000003),  (0.544618,  0.012308)
(-2.316639,  0.083658,  4.886191),  (0.544618,  0.979251)
(-2.316640,  0.083658,  -0.000003),  (0.544618,  0.012308)
(-2.806278,  0.083658,  4.886191),  (0.461786,  0.979251)
(-2.806280,  0.083658,  -0.000003),  (0.461786,  0.012308)
(-2.316640,  0.083658,  -0.000003),  (0.517654,  0.952702)
(-2.316639,  0.000000,  4.886167),  (0.539737,  0.049797)
(-2.316639,  0.083658,  4.886191),  (0.517654,  0.031498)
(-2.316639,  0.000000,  4.886167),  (0.539737,  0.049797)
(-2.316640,  0.083658,  -0.000003),  (0.517654,  0.952702)
(-2.316640,  -0.000000,  -0.000000),  (0.539737,  0.934402)
(-2.806279,  0.000000,  4.886167),  (0.539737,  0.934402)
(-2.806280,  0.083658,  -0.000003),  (0.517654,  0.031498)
(-2.806278,  0.083658,  4.886191),  (0.517654,  0.952701)
(-2.806280,  0.083658,  -0.000003),  (0.517654,  0.031498)
(-2.806279,  0.000000,  4.886167),  (0.539737,  0.934402)
(-2.806280,  -0.000000,  -0.000000),  (0.539737,  0.049797)
(-2.806280,  0.083658,  -0.000003),  (0.538025,  0.448596)
(-2.316640,  -0.000000,  -0.000000),  (0.511943,  0.592782)
(-2.316640,  0.083658,  -0.000003),  (0.538025,  0.592782)
(-2.316640,  -0.000000,  -0.000000),  (0.511943,  0.592782)
(-2.806280,  0.083658,  -0.000003),  (0.538025,  0.448596)
(-2.806280,  -0.000000,  -0.000000),  (0.511943,  0.448596)
(-2.806278,  0.083658,  4.886191),  (0.538025,  0.592782)
(-2.316639,  0.083658,  4.886191),  (0.538025,  0.448596)
(-2.316639,  0.000000,  4.886167),  (0.511943,  0.448596)
(-2.806278,  0.083658,  4.886191),  (0.538025,  0.592782)
(-2.316639,  0.000000,  4.886167),  (0.511943,  0.448596)
(-2.806279,  0.000000,  4.886167),  (0.511943,  0.592782)
(-0.119996,  0.561048,  4.523695),  (0.517654,  0.031498)
(-4.946414,  0.561049,  4.523695),  (0.517654,  0.952702)
(-4.946387,  0.378400,  4.523695),  (0.539737,  0.934402)
(-0.119996,  0.561048,  4.523695),  (0.517654,  0.031498)
(-4.946387,  0.378400,  4.523695),  (0.539737,  0.934402)
(-0.119994,  0.378400,  4.523694),  (0.539737,  0.049797)
(-0.119994,  0.378401,  4.882203),  (0.539737,  0.934402)
(-4.946387,  0.378401,  4.882204),  (0.539737,  0.049797)
(-0.119996,  0.561049,  4.882204),  (0.517654,  0.952701)
(-4.946414,  0.561049,  4.882204),  (0.517654,  0.031498)
(-0.119996,  0.561049,  4.882204),  (0.517654,  0.952701)
(-4.946387,  0.378401,  4.882204),  (0.539737,  0.049797)
(-4.946414,  0.561049,  4.523695),  (0.538025,  0.592782)
(-4.946414,  0.561049,  4.882204),  (0.538025,  0.448596)
(-4.946387,  0.378401,  4.882204),  (0.511943,  0.448596)
(-4.946414,  0.561049,  4.523695),  (0.538025,  0.592782)
(-4.946387,  0.378401,  4.882204),  (0.511943,  0.448596)
(-4.946387,  0.378400,  4.523695),  (0.511943,  0.592782)
(-0.119996,  0.561048,  4.523695),  (0.538025,  0.448596)
(-0.119994,  0.378401,  4.882203),  (0.511943,  0.592782)
(-0.119996,  0.561049,  4.882204),  (0.538025,  0.592782)
(-0.119994,  0.378401,  4.882203),  (0.511943,  0.592782)
(-0.119996,  0.561048,  4.523695),  (0.538025,  0.448596)
(-0.119994,  0.378400,  4.523694),  (0.511943,  0.448596)
(-0.119995,  0.378400,  0.365444),  (0.539737,  0.934402)
(-4.946388,  0.378400,  0.365445),  (0.539737,  0.049797)
(-0.119997,  0.561048,  0.365444),  (0.517654,  0.952701)
(-4.946414,  0.561049,  0.365445),  (0.517654,  0.031498)
(-0.119997,  0.561048,  0.365444),  (0.517654,  0.952701)
(-4.946388,  0.378400,  0.365445),  (0.539737,  0.049797)
(-4.402308,  0.000000,  0.000000),  (0.544618,  0.979251)
(-4.891946,  0.000000,  4.886168),  (0.461786,  0.012308)
(-4.402307,  0.000000,  4.886168),  (0.544618,  0.012308)
(-4.891946,  0.000000,  4.886168),  (0.461786,  0.012308)
(-4.402308,  0.000000,  0.000000),  (0.544618,  0.979251)
(-4.891947,  0.000000,  0.000000),  (0.461786,  0.979251)
(-0.652912,  -0.000000,  -0.000001),  (0.461786,  0.979251)
(-0.163271,  0.000000,  4.886167),  (0.544618,  0.012308)
(-0.163272,  -0.000000,  -0.000001),  (0.544618,  0.979251)
(-0.163271,  0.000000,  4.886167),  (0.544618,  0.012308)
(-0.652912,  -0.000000,  -0.000001),  (0.461786,  0.979251)
(-0.652911,  0.000000,  4.886167),  (0.461786,  0.012308)
(-2.316640,  -0.000000,  -0.000000),  (0.544618,  0.979251)
(-2.806279,  0.000000,  4.886167),  (0.461786,  0.012308)
(-2.316639,  0.000000,  4.886167),  (0.544618,  0.012308)
(-2.806279,  0.000000,  4.886167),  (0.461786,  0.012308)
(-2.316640,  -0.000000,  -0.000000),  (0.544618,  0.979251)
(-2.806280,  -0.000000,  -0.000000),  (0.461786,  0.979251)
(-4.946387,  0.378400,  4.523695),  (0.544618,  0.979251)
(-0.119994,  0.378401,  4.882203),  (0.461786,  0.012308)
(-0.119994,  0.378400,  4.523694),  (0.544618,  0.012308)
(-0.119994,  0.378401,  4.882203),  (0.461786,  0.012308)
(-4.946387,  0.378400,  4.523695),  (0.544618,  0.979251)
(-4.946387,  0.378401,  4.882204),  (0.461786,  0.979251)
(-4.946388,  0.378400,  0.006935),  (0.544618,  0.979251)
(-0.119995,  0.378400,  0.365444),  (0.461786,  0.012308)
(-0.119995,  0.378400,  0.006934),  (0.544618,  0.012308)
(-0.119995,  0.378400,  0.365444),  (0.461786,  0.012308)
(-4.946388,  0.378400,  0.006935),  (0.544618,  0.979251)
(-4.946388,  0.378400,  0.365445),  (0.461786,  0.979251)
(-0.652144,  0.394749,  4.859515),  (0.982016,  0.385407)
(-0.201861,  0.085985,  4.872710),  (0.900918,  0.466072)
(-0.652144,  0.085911,  4.859408),  (0.982016,  0.466072)
(-0.201861,  0.085985,  4.872710),  (0.900918,  0.466072)
(-0.652144,  0.394749,  4.859515),  (0.982016,  0.385407)
(-0.201861,  0.394749,  4.872280),  (0.900918,  0.385407)
(-4.873857,  0.394749,  4.531972),  (0.982016,  0.385407)
(-4.873823,  0.394750,  4.872281),  (0.900918,  0.385407)
(-4.873857,  0.085955,  4.531972),  (0.982016,  0.466072)
(-4.873823,  0.394750,  4.872281),  (0.900918,  0.385407)
(-4.873823,  0.085985,  4.872711),  (0.900918,  0.466072)
(-4.873857,  0.085955,  4.531972),  (0.982016,  0.466072)
(-0.201861,  0.394749,  4.872280),  (0.900918,  0.385407)
(-0.201688,  0.085955,  4.531971),  (0.982016,  0.466072)
(-0.201861,  0.085985,  4.872710),  (0.900918,  0.466072)
(-0.201688,  0.085955,  4.531971),  (0.982016,  0.466072)
(-0.201861,  0.394749,  4.872280),  (0.900918,  0.385407)
(-0.201689,  0.394749,  4.531971),  (0.982016,  0.385407)
(-4.873823,  0.394750,  4.872281),  (0.982016,  0.385407)
(-4.414895,  0.394750,  4.859516),  (0.900918,  0.385407)
(-4.873823,  0.085985,  4.872711),  (0.982016,  0.466072)
(-4.414895,  0.394750,  4.859516),  (0.900918,  0.385407)
(-4.414895,  0.085911,  4.859409),  (0.900918,  0.466072)
(-4.873823,  0.085985,  4.872711),  (0.982016,  0.466072)
(-2.762752,  0.394749,  4.863076),  (0.982016,  0.385407)
(-2.373337,  0.394749,  4.863076),  (0.900918,  0.385407)
(-2.762752,  0.066973,  4.862956),  (0.982016,  0.466072)
(-2.373337,  0.394749,  4.863076),  (0.900918,  0.385407)
(-2.373337,  0.066973,  4.862956),  (0.900918,  0.466072)
(-2.762752,  0.066973,  4.862956),  (0.982016,  0.466072)
(-0.652145,  0.394749,  0.037735),  (0.982016,  0.385407)
(-0.201862,  0.085985,  0.024992),  (0.900918,  0.466072)
(-0.201862,  0.394749,  0.025408),  (0.900918,  0.385407)
(-0.201862,  0.085985,  0.024992),  (0.900918,  0.466072)
(-0.652145,  0.394749,  0.037735),  (0.982016,  0.385407)
(-0.652145,  0.085911,  0.037838),  (0.982016,  0.466072)
(-4.873824,  0.394749,  0.025409),  (0.900918,  0.385407)
(-4.873858,  0.394749,  0.354038),  (0.982016,  0.385407)
(-4.873858,  0.085955,  0.354038),  (0.982016,  0.466072)
(-4.873824,  0.394749,  0.025409),  (0.900918,  0.385407)
(-4.873858,  0.085955,  0.354038),  (0.982016,  0.466072)
(-4.873824,  0.085985,  0.024992),  (0.900918,  0.466072)
(-0.201862,  0.394749,  0.025408),  (0.900918,  0.385407)
(-0.201689,  0.085955,  0.354037),  (0.982016,  0.466072)
(-0.201690,  0.394749,  0.354037),  (0.982016,  0.385407)
(-0.201689,  0.085955,  0.354037),  (0.982016,  0.466072)
(-0.201862,  0.394749,  0.025408),  (0.900918,  0.385407)
(-0.201862,  0.085985,  0.024992),  (0.900918,  0.466072)
(-4.414896,  0.394749,  0.037735),  (0.900918,  0.385407)
(-4.873824,  0.394749,  0.025409),  (0.982016,  0.385407)
(-4.873824,  0.085985,  0.024992),  (0.982016,  0.466072)
(-4.414896,  0.394749,  0.037735),  (0.900918,  0.385407)
(-4.873824,  0.085985,  0.024992),  (0.982016,  0.466072)
(-4.414896,  0.085911,  0.037838),  (0.900918,  0.466072)
(-2.373338,  0.394749,  0.033064),  (0.900918,  0.385407)
(-2.762753,  0.394749,  0.033064),  (0.982016,  0.385407)
(-2.762753,  0.066973,  0.033179),  (0.982016,  0.466072)
(-2.373338,  0.394749,  0.033064),  (0.900918,  0.385407)
(-2.762753,  0.066973,  0.033179),  (0.982016,  0.466072)
(-2.373338,  0.066973,  0.033179),  (0.900918,  0.466072)
(-4.414895,  0.394749,  4.531972),  (0.529013,  0.806023)
(-4.873857,  0.085955,  4.531972),  (0.542464,  0.893876)
(-4.414895,  0.085887,  4.531972),  (0.542464,  0.806023)
(-4.873857,  0.085955,  4.531972),  (0.542464,  0.893876)
(-4.414895,  0.394749,  4.531972),  (0.529013,  0.806023)
(-4.873857,  0.394749,  4.531972),  (0.529014,  0.881262)
(-0.652144,  0.394749,  4.531971),  (0.529013,  0.157647)
(-0.201688,  0.085955,  4.531971),  (0.542464,  0.071423)
(-0.201689,  0.394749,  4.531971),  (0.529014,  0.084047)
(-0.201688,  0.085955,  4.531971),  (0.542464,  0.071423)
(-0.652144,  0.394749,  4.531971),  (0.529013,  0.157647)
(-0.652144,  0.085886,  4.531971),  (0.542464,  0.157647)
(-2.762752,  0.394749,  4.535519),  (0.538966,  0.067590)
(-2.762752,  0.066948,  4.535519),  (0.525193,  0.067590)
(-2.373337,  0.394749,  4.535519),  (0.538966,  0.142130)
(-2.373337,  0.394749,  4.535519),  (0.538966,  0.142130)
(-2.762752,  0.066948,  4.535519),  (0.525193,  0.067590)
(-2.373337,  0.066948,  4.535519),  (0.525193,  0.142130)
(-4.414895,  0.394749,  4.531972),  (0.538644,  0.407021)
(-4.414895,  0.085911,  4.859409),  (0.525193,  0.509388)
(-4.414895,  0.394750,  4.859516),  (0.538644,  0.500606)
(-4.414895,  0.085911,  4.859409),  (0.525193,  0.509388)
(-4.414895,  0.394749,  4.531972),  (0.538644,  0.407021)
(-4.414895,  0.085887,  4.531972),  (0.525193,  0.407021)
(-2.373337,  0.394749,  4.535519),  (0.538966,  0.067590)
(-2.373337,  0.066973,  4.862956),  (0.525193,  0.169958)
(-2.373337,  0.394749,  4.863076),  (0.538966,  0.160965)
(-2.373337,  0.066973,  4.862956),  (0.525193,  0.169958)
(-2.373337,  0.394749,  4.535519),  (0.538966,  0.067590)
(-2.373337,  0.066948,  4.535519),  (0.525193,  0.067590)
(-2.762752,  0.394749,  4.535519),  (0.538966,  0.283756)
(-2.762752,  0.066973,  4.862956),  (0.525193,  0.181388)
(-2.762752,  0.066948,  4.535519),  (0.525193,  0.283756)
(-2.762752,  0.066973,  4.862956),  (0.525193,  0.181388)
(-2.762752,  0.394749,  4.535519),  (0.538966,  0.283756)
(-2.762752,  0.394749,  4.863076),  (0.538966,  0.190381)
(-0.652144,  0.394749,  4.531971),  (0.538644,  0.396895)
(-0.652144,  0.085911,  4.859408),  (0.525193,  0.294527)
(-0.652144,  0.085886,  4.531971),  (0.525193,  0.396895)
(-0.652144,  0.085911,  4.859408),  (0.525193,  0.294527)
(-0.652144,  0.394749,  4.531971),  (0.538644,  0.396895)
(-0.652144,  0.394749,  4.859515),  (0.538644,  0.303310)
(-4.414896,  0.394749,  0.354038),  (0.529013,  0.806023)
(-4.873858,  0.085955,  0.354038),  (0.542464,  0.893876)
(-4.873858,  0.394749,  0.354038),  (0.529014,  0.881262)
(-4.873858,  0.085955,  0.354038),  (0.542464,  0.893876)
(-4.414896,  0.394749,  0.354038),  (0.529013,  0.806023)
(-4.414896,  0.085887,  0.354038),  (0.542464,  0.806023)
(-0.652145,  0.394749,  0.354038),  (0.529013,  0.157647)
(-0.201689,  0.085955,  0.354037),  (0.542464,  0.071423)
(-0.652145,  0.085886,  0.354038),  (0.542464,  0.157647)
(-0.201689,  0.085955,  0.354037),  (0.542464,  0.071423)
(-0.652145,  0.394749,  0.354038),  (0.529013,  0.157647)
(-0.201690,  0.394749,  0.354037),  (0.529014,  0.084047)
(-2.373338,  0.394749,  0.349379),  (0.538966,  0.142130)
(-2.373338,  0.066948,  0.349379),  (0.525193,  0.142130)
(-2.762753,  0.394749,  0.349379),  (0.538966,  0.067590)
(-2.762753,  0.394749,  0.349379),  (0.538966,  0.067590)
(-2.373338,  0.066948,  0.349379),  (0.525193,  0.142130)
(-2.762753,  0.066948,  0.349379),  (0.525193,  0.067590)
(-4.414896,  0.394749,  0.354038),  (0.538644,  0.407021)
(-4.414896,  0.085911,  0.037838),  (0.525193,  0.509388)
(-4.414896,  0.085887,  0.354038),  (0.525193,  0.407021)
(-4.414896,  0.085911,  0.037838),  (0.525193,  0.509388)
(-4.414896,  0.394749,  0.354038),  (0.538644,  0.407021)
(-4.414896,  0.394749,  0.037735),  (0.538644,  0.500606)
(-2.373338,  0.394749,  0.349379),  (0.538966,  0.067590)
(-2.373338,  0.066973,  0.033179),  (0.525193,  0.169958)
(-2.373338,  0.066948,  0.349379),  (0.525193,  0.067590)
(-2.373338,  0.066973,  0.033179),  (0.525193,  0.169958)
(-2.373338,  0.394749,  0.349379),  (0.538966,  0.067590)
(-2.373338,  0.394749,  0.033064),  (0.538966,  0.160965)
(-2.762753,  0.394749,  0.349379),  (0.538966,  0.283756)
(-2.762753,  0.066973,  0.033179),  (0.525193,  0.181388)
(-2.762753,  0.394749,  0.033064),  (0.538966,  0.190381)
(-2.762753,  0.066973,  0.033179),  (0.525193,  0.181388)
(-2.762753,  0.394749,  0.349379),  (0.538966,  0.283756)
(-2.762753,  0.066948,  0.349379),  (0.525193,  0.283756)
(-0.652145,  0.394749,  0.354038),  (0.538644,  0.396895)
(-0.652145,  0.085911,  0.037838),  (0.525193,  0.294527)
(-0.652145,  0.394749,  0.037735),  (0.538644,  0.303310)
(-0.652145,  0.085911,  0.037838),  (0.525193,  0.294527)
(-0.652145,  0.394749,  0.354038),  (0.538644,  0.396895)
(-0.652145,  0.085886,  0.354038),  (0.525193,  0.396895)
(-4.873823,  0.478322,  2.288263),  (0.900918,  0.385407)
(-4.873857,  0.478322,  2.616894),  (0.982016,  0.385407)
(-4.873858,  0.085955,  2.616893),  (0.982016,  0.466072)
(-4.873823,  0.478322,  2.288263),  (0.900918,  0.385407)
(-4.873858,  0.085955,  2.616893),  (0.982016,  0.466072)
(-4.873823,  0.085985,  2.287848),  (0.900918,  0.466072)
(-4.414895,  0.478321,  2.300590),  (0.900918,  0.385407)
(-4.873823,  0.478322,  2.288263),  (0.982016,  0.385407)
(-4.873823,  0.085985,  2.287848),  (0.982016,  0.466072)
(-4.414895,  0.478321,  2.300590),  (0.900918,  0.385407)
(-4.873823,  0.085985,  2.287848),  (0.982016,  0.466072)
(-4.414895,  0.085911,  2.300694),  (0.900918,  0.466072)
(-4.414895,  0.478321,  2.616894),  (0.529013,  0.806023)
(-4.873858,  0.085955,  2.616893),  (0.542464,  0.893876)
(-4.873857,  0.478322,  2.616894),  (0.529014,  0.881262)
(-4.873858,  0.085955,  2.616893),  (0.542464,  0.893876)
(-4.414895,  0.478321,  2.616894),  (0.529013,  0.806023)
(-4.414895,  0.085887,  2.616893),  (0.542464,  0.806023)
(-4.414895,  0.478321,  2.616894),  (0.538644,  0.407021)
(-4.414895,  0.085911,  2.300694),  (0.525193,  0.509388)
(-4.414895,  0.085887,  2.616893),  (0.525193,  0.407021)
(-4.414895,  0.085911,  2.300694),  (0.525193,  0.509388)
(-4.414895,  0.478321,  2.616894),  (0.538644,  0.407021)
(-4.414895,  0.478321,  2.300590),  (0.538644,  0.500606)
(-0.610692,  0.465782,  2.288265),  (0.900918,  0.385407)
(-0.610719,  0.465782,  2.616895),  (0.982016,  0.385407)
(-0.610719,  0.073415,  2.616895),  (0.982016,  0.466072)
(-0.610692,  0.465782,  2.288265),  (0.900918,  0.385407)
(-0.610719,  0.073415,  2.616895),  (0.982016,  0.466072)
(-0.610692,  0.073446,  2.287849),  (0.900918,  0.466072)
(-0.251906,  0.460649,  2.289221),  (0.900918,  0.385407)
(-0.610692,  0.465782,  2.288265),  (0.982016,  0.385407)
(-0.610692,  0.073446,  2.287849),  (0.982016,  0.466072)
(-0.251906,  0.460649,  2.289221),  (0.900918,  0.385407)
(-0.610692,  0.073446,  2.287849),  (0.982016,  0.466072)
(-0.255261,  0.073370,  2.300695),  (0.900918,  0.466072)
(-0.250200,  0.450263,  2.620815),  (0.529013,  0.806023)
(-0.610719,  0.073415,  2.616895),  (0.542464,  0.893876)
(-0.610719,  0.465782,  2.616895),  (0.529014,  0.881262)
(-0.610719,  0.073415,  2.616895),  (0.542464,  0.893876)
(-0.250200,  0.450263,  2.620815),  (0.529013,  0.806023)
(-0.255261,  0.073347,  2.616895),  (0.542464,  0.806023)
(-0.255261,  0.073347,  2.616895),  (0.525193,  0.407021)
(-0.250200,  0.450263,  2.620815),  (0.538644,  0.407021)
(-0.251906,  0.460649,  2.289221),  (0.538644,  0.500606)
(-0.251906,  0.460649,  2.289221),  (0.538644,  0.500606)
(-0.255261,  0.073370,  2.300695),  (0.525193,  0.509388)
(-0.255261,  0.073347,  2.616895),  (0.525193,  0.407021)
(-4.407055,  4.942031,  4.618898),  (0.922963,  0.729392)
(-3.482811,  4.999037,  2.464985),  (0.825721,  0.611918)
(-3.481295,  4.994050,  4.623294),  (0.837117,  0.731689)
(-3.482811,  4.999037,  2.464985),  (0.825721,  0.611918)
(-4.407055,  4.942031,  4.618898),  (0.922963,  0.729392)
(-4.429920,  4.947043,  2.355101),  (0.913239,  0.604249)
(-3.482811,  4.999037,  2.464985),  (0.825721,  0.611918)
(-4.429920,  4.947043,  2.355101),  (0.913239,  0.604249)
(-3.486134,  4.999270,  2.366472),  (0.825529,  0.606464)
(-4.429920,  4.947043,  2.355101),  (0.913239,  0.604249)
(-3.560358,  4.984395,  0.175341),  (0.821377,  0.484722)
(-3.486134,  4.999270,  2.366472),  (0.825529,  0.606464)
(-3.560358,  4.984395,  0.175341),  (0.821377,  0.484722)
(-4.429920,  4.947043,  2.355101),  (0.913239,  0.604249)
(-4.425871,  4.951384,  0.168815),  (0.901512,  0.482478)
(-4.407055,  4.942031,  4.618898),  (0.615476,  0.913893)
(-3.481295,  4.994050,  4.623294),  (0.613106,  0.870884)
(-4.448083,  3.533057,  4.679728),  (0.470351,  0.925322)
(-4.484817,  4.815953,  2.356955),  (0.593006,  0.197298)
(-4.429920,  4.947043,  2.355101),  (0.605937,  0.198155)
(-4.407055,  4.942031,  4.618898),  (0.641444,  0.073802)
(-4.425871,  4.951384,  0.168815),  (0.572493,  0.318876)
(-4.429920,  4.947043,  2.355101),  (0.605937,  0.198155)
(-4.484817,  4.815953,  2.356955),  (0.593006,  0.197298)
(-0.640271,  4.956930,  0.197967),  (0.546931,  0.492627)
(-1.501006,  5.000000,  0.191303),  (0.561269,  0.452674)
(-0.558912,  3.549964,  0.157784),  (0.403195,  0.493885)
(-0.622447,  4.953378,  2.398581),  (0.554744,  0.614719)
(-0.640271,  4.956930,  0.197967),  (0.546931,  0.492627)
(-0.510158,  3.500899,  2.393434),  (0.404138,  0.617343)
(-0.640271,  4.956930,  0.197967),  (0.546931,  0.492627)
(-0.558912,  3.549964,  0.157784),  (0.403195,  0.493885)
(-0.510158,  3.500899,  2.393434),  (0.404138,  0.617343)
(-0.510158,  3.500899,  2.393434),  (0.404138,  0.617343)
(-0.643214,  4.947478,  4.637050),  (0.569188,  0.738955)
(-0.622447,  4.953378,  2.398581),  (0.554744,  0.614719)
(-0.643214,  4.947478,  4.637050),  (0.569188,  0.738955)
(-0.510158,  3.500899,  2.393434),  (0.404138,  0.617343)
(-0.584863,  3.542322,  4.694117),  (0.425202,  0.744430)
(-4.465937,  2.210476,  0.149564),  (0.288477,  0.304486)
(-0.558912,  3.549964,  0.157784),  (0.403195,  0.493885)
(-4.460859,  3.510972,  0.121804),  (0.423189,  0.311226)
(-0.558912,  3.549964,  0.157784),  (0.403195,  0.493885)
(-4.465937,  2.210476,  0.149564),  (0.288477,  0.304486)
(-0.595779,  2.056749,  0.107839),  (0.249815,  0.489644)
(-0.510158,  3.500899,  2.393434),  (0.404138,  0.617343)
(-0.595779,  2.056749,  0.107839),  (0.249815,  0.489644)
(-0.489467,  1.994740,  2.401462),  (0.248929,  0.620003)
(-0.595779,  2.056749,  0.107839),  (0.249815,  0.489644)
(-0.510158,  3.500899,  2.393434),  (0.404138,  0.617343)
(-0.558912,  3.549964,  0.157784),  (0.403195,  0.493885)
(-4.535737,  2.004072,  0.138789),  (0.264604,  0.302102)
(-4.465937,  2.210476,  0.149564),  (0.288477,  0.304486)
(-4.528862,  2.026522,  2.367712),  (0.305882,  0.178611)
(-4.581815,  3.497108,  2.375607),  (0.455911,  0.187756)
(-4.465937,  2.210476,  0.149564),  (0.288477,  0.304486)
(-4.460859,  3.510972,  0.121804),  (0.423189,  0.311226)
(-4.465937,  2.210476,  0.149564),  (0.288477,  0.304486)
(-4.581815,  3.497108,  2.375607),  (0.455911,  0.187756)
(-4.528862,  2.026522,  2.367712),  (0.305882,  0.178611)
(-4.448083,  3.533057,  4.679728),  (0.497927,  0.061487)
(-4.416879,  2.041576,  4.705427),  (0.350322,  0.049506)
(-4.581815,  3.497108,  2.375607),  (0.455911,  0.187756)
(-4.581815,  3.497108,  2.375607),  (0.455911,  0.187756)
(-4.416879,  2.041576,  4.705427),  (0.350322,  0.049506)
(-4.528862,  2.026522,  2.367712),  (0.305882,  0.178611)
(-4.535737,  2.004072,  0.138789),  (0.264604,  0.302102)
(-0.595779,  2.056749,  0.107839),  (0.249815,  0.489644)
(-4.465937,  2.210476,  0.149564),  (0.288477,  0.304486)
(-0.595779,  2.056749,  0.107839),  (0.249815,  0.489644)
(-4.535737,  2.004072,  0.138789),  (0.264604,  0.302102)
(-0.522810,  1.913512,  0.157273),  (0.233165,  0.492492)
(-0.489467,  1.994740,  2.401462),  (0.248929,  0.620003)
(-0.584863,  3.542322,  4.694117),  (0.425202,  0.744430)
(-0.510158,  3.500899,  2.393434),  (0.404138,  0.617343)
(-0.584863,  3.542322,  4.694117),  (0.425202,  0.744430)
(-0.489467,  1.994740,  2.401462),  (0.248929,  0.620003)
(-0.621797,  1.966941,  4.742979),  (0.263393,  0.754336)
(-4.528862,  2.026522,  2.367712),  (0.305882,  0.178611)
(-4.570812,  1.174028,  0.119467),  (0.177399,  0.296040)
(-4.535737,  2.004072,  0.138789),  (0.264604,  0.302102)
(-4.570812,  1.174028,  0.119467),  (0.177399,  0.296040)
(-4.528862,  2.026522,  2.367712),  (0.305882,  0.178611)
(-4.602301,  1.133899,  2.403723),  (0.216533,  0.167905)
(-4.416879,  2.041576,  4.705427),  (0.350322,  0.049506)
(-4.602301,  1.133899,  2.403723),  (0.216533,  0.167905)
(-4.528862,  2.026522,  2.367712),  (0.305882,  0.178611)
(-4.602301,  1.133899,  2.403723),  (0.216533,  0.167905)
(-4.416879,  2.041576,  4.705427),  (0.350322,  0.049506)
(-4.457385,  0.998156,  4.702216),  (0.249631,  0.040017)
(-4.602301,  1.133899,  2.403723),  (0.216533,  0.167905)
(-4.641708,  0.755706,  0.124089),  (0.132643,  0.289272)
(-4.570812,  1.174028,  0.119467),  (0.177399,  0.296040)
(-4.641708,  0.755706,  0.124089),  (0.132643,  0.289272)
(-4.602301,  1.133899,  2.403723),  (0.216533,  0.167905)
(-4.763482,  0.743185,  2.445014),  (0.176496,  0.159285)
(-4.457385,  0.998156,  4.702216),  (0.249631,  0.040017)
(-4.763482,  0.743185,  2.445014),  (0.176496,  0.159285)
(-4.602301,  1.133899,  2.403723),  (0.216533,  0.167905)
(-4.763482,  0.743185,  2.445014),  (0.176496,  0.159285)
(-4.457385,  0.998156,  4.702216),  (0.249631,  0.040017)
(-4.615150,  0.753873,  4.725300),  (0.225855,  0.034251)
(-4.985061,  0.561277,  -0.035524),  (0.096437,  0.278455)
(-0.110195,  0.145422,  0.019921),  (0.029187,  0.504657)
(-0.018674,  0.526810,  -0.049119),  (0.068818,  0.503183)
(-0.110195,  0.145422,  0.019921),  (0.029187,  0.504657)
(-4.985061,  0.561277,  -0.035524),  (0.096437,  0.278455)
(-4.995958,  0.368053,  -0.029285),  (0.076945,  0.275872)
(-0.584863,  3.542322,  4.694117),  (0.425202,  0.744430)
(-4.416879,  2.041576,  4.705427),  (0.321669,  0.932385)
(-4.448083,  3.533057,  4.679728),  (0.470351,  0.925322)
(-4.416879,  2.041576,  4.705427),  (0.321669,  0.932385)
(-0.584863,  3.542322,  4.694117),  (0.425202,  0.744430)
(-0.621797,  1.966941,  4.742979),  (0.263393,  0.754336)
(-4.641708,  0.755706,  0.124089),  (0.132643,  0.289272)
(-0.130064,  0.628590,  0.053350),  (0.086005,  0.502267)
(-0.206981,  0.728515,  0.124637),  (0.101496,  0.500995)
(-4.782580,  0.658763,  0.058599),  (0.115962,  0.283709)
(-0.130064,  0.628590,  0.053350),  (0.086005,  0.502267)
(-4.641708,  0.755706,  0.124089),  (0.132643,  0.289272)
(-0.595779,  2.056749,  0.107839),  (0.249815,  0.489644)
(-0.522810,  1.913512,  0.157273),  (0.233165,  0.492492)
(-0.489467,  1.994740,  2.401462),  (0.248929,  0.620003)
(-0.489467,  1.994740,  2.401462),  (0.248929,  0.620003)
(-0.522810,  1.913512,  0.157273),  (0.233165,  0.492492)
(-0.498174,  1.126380,  0.170828),  (0.149940,  0.493306)
(-0.522810,  1.913512,  0.157273),  (0.233165,  0.492492)
(-4.535737,  2.004072,  0.138789),  (0.264604,  0.302102)
(-4.570812,  1.174028,  0.119467),  (0.177399,  0.296040)
(-0.522810,  1.913512,  0.157273),  (0.233165,  0.492492)
(-4.570812,  1.174028,  0.119467),  (0.177399,  0.296040)
(-0.498174,  1.126380,  0.170828),  (0.149940,  0.493306)
(-0.498174,  1.126380,  0.170828),  (0.149940,  0.493306)
(-4.570812,  1.174028,  0.119467),  (0.177399,  0.296040)
(-4.641708,  0.755706,  0.124089),  (0.132643,  0.289272)
(-0.498174,  1.126380,  0.170828),  (0.149940,  0.493306)
(-4.641708,  0.755706,  0.124089),  (0.132643,  0.289272)
(-0.206981,  0.728515,  0.124637),  (0.101496,  0.500995)
(-0.435400,  1.504318,  2.463081),  (0.201001,  0.627887)
(-0.621797,  1.966941,  4.742979),  (0.263393,  0.754336)
(-0.489467,  1.994740,  2.401462),  (0.248929,  0.620003)
(-0.206981,  0.728515,  0.124637),  (0.101496,  0.500995)
(-0.435400,  1.504318,  2.463081),  (0.201001,  0.627887)
(-0.498174,  1.126380,  0.170828),  (0.149940,  0.493306)
(-0.489467,  1.994740,  2.401462),  (0.248929,  0.620003)
(-0.498174,  1.126380,  0.170828),  (0.149940,  0.493306)
(-0.435400,  1.504318,  2.463081),  (0.201001,  0.627887)
(-0.621797,  1.966941,  4.742979),  (0.263393,  0.754336)
(-4.457385,  0.998156,  4.702216),  (0.221911,  0.943014)
(-4.416879,  2.041576,  4.705427),  (0.321669,  0.932385)
(-4.457385,  0.998156,  4.702216),  (0.221911,  0.943014)
(-0.621797,  1.966941,  4.742979),  (0.263393,  0.754336)
(-0.588137,  1.060165,  4.708679),  (0.167599,  0.760267)
(-0.491992,  0.744762,  4.748932),  (0.130123,  0.763780)
(-4.615150,  0.753873,  4.725300),  (0.205629,  0.956419)
(-4.457385,  0.998156,  4.702216),  (0.221911,  0.943014)
(-0.491992,  0.744762,  4.748932),  (0.130123,  0.763780)
(-4.457385,  0.998156,  4.702216),  (0.221911,  0.943014)
(-0.588137,  1.060165,  4.708679),  (0.167599,  0.760267)
(-0.435400,  1.504318,  2.463081),  (0.201001,  0.627887)
(-0.588137,  1.060165,  4.708679),  (0.167599,  0.760267)
(-0.621797,  1.966941,  4.742979),  (0.263393,  0.754336)
(-0.588137,  1.060165,  4.708679),  (0.167599,  0.760267)
(-0.435400,  1.504318,  2.463081),  (0.201001,  0.627887)
(-0.332904,  0.773278,  2.262843),  (0.126207,  0.622337)
(-0.332904,  0.773278,  2.262843),  (0.126207,  0.622337)
(-0.491992,  0.744762,  4.748932),  (0.130123,  0.763780)
(-0.588137,  1.060165,  4.708679),  (0.167599,  0.760267)
(-0.435400,  1.504318,  2.463081),  (0.201001,  0.627887)
(-0.206981,  0.728515,  0.124637),  (0.101496,  0.500995)
(-0.332904,  0.773278,  2.262843),  (0.126207,  0.622337)
(-0.250042,  0.627682,  2.250427),  (0.112573,  0.622673)
(-0.491992,  0.744762,  4.748932),  (0.130123,  0.763780)
(-0.332904,  0.773278,  2.262843),  (0.126207,  0.622337)
(-0.491992,  0.744762,  4.748932),  (0.130123,  0.763780)
(-0.250042,  0.627682,  2.250427),  (0.112573,  0.622673)
(-0.308710,  0.658701,  4.818633),  (0.109691,  0.765336)
(-0.018674,  0.526810,  -0.049119),  (0.068818,  0.503183)
(-0.130939,  0.460256,  2.232576),  (0.094426,  0.621643)
(-0.130064,  0.628590,  0.053350),  (0.086005,  0.502267)
(-0.250042,  0.627682,  2.250427),  (0.112573,  0.622673)
(-0.130064,  0.628590,  0.053350),  (0.086005,  0.502267)
(-0.130939,  0.460256,  2.232576),  (0.094426,  0.621643)
(-0.130939,  0.460256,  2.232576),  (0.094426,  0.621643)
(-0.018674,  0.526810,  -0.049119),  (0.068818,  0.503183)
(-0.110195,  0.145422,  0.019921),  (0.029187,  0.504657)
(-0.130939,  0.460256,  2.232576),  (0.094426,  0.621643)
(-0.110195,  0.145422,  0.019921),  (0.029187,  0.504657)
(-0.135951,  0.336409,  2.246455),  (0.081765,  0.623633)
(-0.045272,  0.576857,  4.918818),  (0.084792,  0.765603)
(-4.991624,  0.552835,  4.940756),  (0.191978,  0.990504)
(-0.308710,  0.658701,  4.818633),  (0.109691,  0.765336)
(-0.308710,  0.658701,  4.818633),  (0.109691,  0.765336)
(-4.991624,  0.552835,  4.940756),  (0.191978,  0.990504)
(-4.769612,  0.654219,  4.813702),  (0.200223,  0.971580)
(-4.946360,  0.511232,  2.504551),  (0.152117,  0.145420)
(-4.985061,  0.561277,  -0.035524),  (0.096437,  0.278455)
(-4.782580,  0.658763,  0.058599),  (0.115962,  0.283709)
(-4.946360,  0.511232,  2.504551),  (0.152117,  0.145420)
(-4.782580,  0.658763,  0.058599),  (0.115962,  0.283709)
(-4.838514,  0.630847,  2.469438),  (0.165637,  0.152533)
(-4.991624,  0.552835,  4.940756),  (0.191978,  0.990504)
(-2.703317,  0.297815,  4.950881),  (0.115134,  0.890228)
(-4.973946,  0.416790,  4.933410),  (0.181362,  0.993021)
(-4.946360,  0.511232,  2.504551),  (0.152117,  0.145420)
(-4.925985,  0.227637,  0.002337),  (0.062301,  0.276063)
(-4.985061,  0.561277,  -0.035524),  (0.096437,  0.278455)
(-4.925985,  0.227637,  0.002337),  (0.062301,  0.276063)
(-4.946360,  0.511232,  2.504551),  (0.152117,  0.145420)
(-4.950884,  0.178929,  2.479509),  (0.118204,  0.142251)
(-4.985061,  0.561277,  -0.035524),  (0.096437,  0.278455)
(-4.925985,  0.227637,  0.002337),  (0.062301,  0.276063)
(-4.995958,  0.368053,  -0.029285),  (0.076945,  0.275872)
(-4.991624,  0.552835,  4.940756),  (0.195791,  0.012860)
(-4.946360,  0.511232,  2.504551),  (0.152117,  0.145420)
(-4.769612,  0.654219,  4.813702),  (0.213684,  0.024761)
(-4.838514,  0.630847,  2.469438),  (0.165637,  0.152533)
(-4.769612,  0.654219,  4.813702),  (0.213684,  0.024761)
(-4.946360,  0.511232,  2.504551),  (0.152117,  0.145420)
(-4.946360,  0.511232,  2.504551),  (0.152117,  0.145420)
(-4.991624,  0.552835,  4.940756),  (0.195791,  0.012860)
(-4.973946,  0.416790,  4.933410),  (0.184963,  0.011107)
(-4.946360,  0.511232,  2.504551),  (0.152117,  0.145420)
(-4.973946,  0.416790,  4.933410),  (0.184963,  0.011107)
(-4.950884,  0.178929,  2.479509),  (0.118204,  0.142251)
(-0.110195,  0.145422,  0.019921),  (0.029187,  0.504657)
(-4.995958,  0.368053,  -0.029285),  (0.076945,  0.275872)
(-4.925985,  0.227637,  0.002337),  (0.062301,  0.276063)
(-4.991624,  0.552835,  4.940756),  (0.191978,  0.990504)
(-0.045272,  0.576857,  4.918818),  (0.084792,  0.765603)
(-2.703317,  0.297815,  4.950881),  (0.115134,  0.890228)
(-2.703317,  0.297815,  4.950881),  (0.115134,  0.890228)
(-0.045272,  0.576857,  4.918818),  (0.084792,  0.765603)
(0.004042,  0.517679,  4.938805),  (0.076971,  0.767015)
(-0.130939,  0.460256,  2.232576),  (0.094426,  0.621643)
(-0.135951,  0.336409,  2.246455),  (0.081765,  0.623633)
(-0.121975,  0.484364,  3.438164),  (0.087364,  0.685681)
(-0.045272,  0.576857,  4.918818),  (0.084792,  0.765603)
(-0.130939,  0.460256,  2.232576),  (0.094426,  0.621643)
(-0.121975,  0.484364,  3.438164),  (0.087364,  0.685681)
(-0.121975,  0.484364,  3.438164),  (0.087364,  0.685681)
(0.004042,  0.517679,  4.938805),  (0.076971,  0.767015)
(-0.045272,  0.576857,  4.918818),  (0.084792,  0.765603)
(-0.001552,  0.425386,  4.553718),  (0.070951,  0.746488)
(0.004042,  0.517679,  4.938805),  (0.076971,  0.767015)
(-0.121975,  0.484364,  3.438164),  (0.087364,  0.685681)
(-4.782580,  0.658763,  0.058599),  (0.115962,  0.283709)
(-0.018674,  0.526810,  -0.049119),  (0.068818,  0.503183)
(-0.130064,  0.628590,  0.053350),  (0.086005,  0.502267)
(-4.985061,  0.561277,  -0.035524),  (0.096437,  0.278455)
(-0.018674,  0.526810,  -0.049119),  (0.068818,  0.503183)
(-4.782580,  0.658763,  0.058599),  (0.115962,  0.283709)
(-0.130939,  0.460256,  2.232576),  (0.094426,  0.621643)
(-0.045272,  0.576857,  4.918818),  (0.084792,  0.765603)
(-0.308710,  0.658701,  4.818633),  (0.109691,  0.765336)
(-0.308710,  0.658701,  4.818633),  (0.109691,  0.765336)
(-0.250042,  0.627682,  2.250427),  (0.112573,  0.622673)
(-0.130939,  0.460256,  2.232576),  (0.094426,  0.621643)
(-0.130064,  0.628590,  0.053350),  (0.086005,  0.502267)
(-0.250042,  0.627682,  2.250427),  (0.112573,  0.622673)
(-0.206981,  0.728515,  0.124637),  (0.101496,  0.500995)
(-0.332904,  0.773278,  2.262843),  (0.126207,  0.622337)
(-0.206981,  0.728515,  0.124637),  (0.101496,  0.500995)
(-0.250042,  0.627682,  2.250427),  (0.112573,  0.622673)
(-0.308710,  0.658701,  4.818633),  (0.109691,  0.765336)
(-4.769612,  0.654219,  4.813702),  (0.200223,  0.971580)
(-0.491992,  0.744762,  4.748932),  (0.130123,  0.763780)
(-0.491992,  0.744762,  4.748932),  (0.130123,  0.763780)
(-4.769612,  0.654219,  4.813702),  (0.200223,  0.971580)
(-4.615150,  0.753873,  4.725300),  (0.205629,  0.956419)
(-4.641708,  0.755706,  0.124089),  (0.132643,  0.289272)
(-4.763482,  0.743185,  2.445014),  (0.176496,  0.159285)
(-4.838514,  0.630847,  2.469438),  (0.165637,  0.152533)
(-4.838514,  0.630847,  2.469438),  (0.165637,  0.152533)
(-4.782580,  0.658763,  0.058599),  (0.115962,  0.283709)
(-4.641708,  0.755706,  0.124089),  (0.132643,  0.289272)
(-4.769612,  0.654219,  4.813702),  (0.213684,  0.024761)
(-4.838514,  0.630847,  2.469438),  (0.165637,  0.152533)
(-4.615150,  0.753873,  4.725300),  (0.225855,  0.034251)
(-4.763482,  0.743185,  2.445014),  (0.176496,  0.159285)
(-4.615150,  0.753873,  4.725300),  (0.225855,  0.034251)
(-4.838514,  0.630847,  2.469438),  (0.165637,  0.152533)
(-0.640271,  4.956930,  0.197967),  (0.546931,  0.492627)
(-0.622447,  4.953378,  2.398581),  (0.554744,  0.614719)
(-1.527846,  4.996397,  2.388425),  (0.640500,  0.612136)
(-1.527846,  4.996397,  2.388425),  (0.640500,  0.612136)
(-1.501006,  5.000000,  0.191303),  (0.627500,  0.490275)
(-0.640271,  4.956930,  0.197967),  (0.546931,  0.492627)
(-0.622447,  4.953378,  2.398581),  (0.554744,  0.614719)
(-0.643214,  4.947478,  4.637050),  (0.569188,  0.738955)
(-1.556545,  4.990756,  4.632622),  (0.655328,  0.736564)
(-1.556545,  4.990756,  4.632622),  (0.655328,  0.736564)
(-1.527846,  4.996397,  2.388425),  (0.640500,  0.612136)
(-0.622447,  4.953378,  2.398581),  (0.554744,  0.614719)
(-2.505357,  4.951579,  4.627900),  (0.747344,  0.734109)
(-1.527846,  4.996397,  2.388425),  (0.640500,  0.612136)
(-1.556545,  4.990756,  4.632622),  (0.655328,  0.736564)
(-1.527846,  4.996397,  2.388425),  (0.640500,  0.612136)
(-2.505357,  4.951579,  4.627900),  (0.747344,  0.734109)
(-2.556314,  4.957062,  2.376891),  (0.737627,  0.609166)
(-2.556314,  4.957062,  2.376891),  (0.737627,  0.609166)
(-1.501006,  5.000000,  0.191303),  (0.627500,  0.490275)
(-1.527846,  4.996397,  2.388425),  (0.640500,  0.612136)
(-1.501006,  5.000000,  0.191303),  (0.627500,  0.490275)
(-2.556314,  4.957062,  2.376891),  (0.737627,  0.609166)
(-2.580708,  4.960960,  0.182942),  (0.728966,  0.487376)
(-2.580708,  4.960960,  0.182942),  (0.728966,  0.487376)
(-2.556314,  4.957062,  2.376891),  (0.737627,  0.609166)
(-3.486134,  4.999270,  2.366472),  (0.825529,  0.606464)
(-3.486134,  4.999270,  2.366472),  (0.825529,  0.606464)
(-3.560358,  4.984395,  0.175341),  (0.821377,  0.484722)
(-2.580708,  4.960960,  0.182942),  (0.728966,  0.487376)
(-3.482811,  4.999037,  2.464985),  (0.825721,  0.611918)
(-2.505357,  4.951579,  4.627900),  (0.747344,  0.734109)
(-3.481295,  4.994050,  4.623294),  (0.837117,  0.731689)
(-2.505357,  4.951579,  4.627900),  (0.747344,  0.734109)
(-3.482811,  4.999037,  2.464985),  (0.825721,  0.611918)
(-2.556314,  4.957062,  2.376891),  (0.737627,  0.609166)
(-3.486134,  4.999270,  2.366472),  (0.825529,  0.606464)
(-2.556314,  4.957062,  2.376891),  (0.737627,  0.609166)
(-3.482811,  4.999037,  2.464985),  (0.825721,  0.611918)
(-3.481295,  4.994050,  4.623294),  (0.613106,  0.870884)
(-2.505357,  4.951579,  4.627900),  (0.593427,  0.827231)
(-4.448083,  3.533057,  4.679728),  (0.470351,  0.925322)
(-0.643214,  4.947478,  4.637050),  (0.569188,  0.738955)
(-0.584863,  3.542322,  4.694117),  (0.425202,  0.744430)
(-1.556545,  4.990756,  4.632622),  (0.589181,  0.781634)
(-0.584863,  3.542322,  4.694117),  (0.425202,  0.744430)
(-4.448083,  3.533057,  4.679728),  (0.470351,  0.925322)
(-2.505357,  4.951579,  4.627900),  (0.593427,  0.827231)
(-4.425871,  4.951384,  0.168815),  (0.572493,  0.318876)
(-4.460859,  3.510972,  0.121804),  (0.423189,  0.311226)
(-3.560358,  4.984395,  0.175341),  (0.575311,  0.359007)
(-1.501006,  5.000000,  0.191303),  (0.561269,  0.452674)
(-2.580708,  4.960960,  0.182942),  (0.559252,  0.403164)
(-0.558912,  3.549964,  0.157784),  (0.403195,  0.493885)
(-4.460859,  3.510972,  0.121804),  (0.423189,  0.311226)
(-0.558912,  3.549964,  0.157784),  (0.403195,  0.493885)
(-2.580708,  4.960960,  0.182942),  (0.559252,  0.403164)
(-4.484817,  4.815953,  2.356955),  (0.593006,  0.197298)
(-4.448083,  3.533057,  4.679728),  (0.497927,  0.061487)
(-4.581815,  3.497108,  2.375607),  (0.455911,  0.187756)
(-4.448083,  3.533057,  4.679728),  (0.497927,  0.061487)
(-4.484817,  4.815953,  2.356955),  (0.593006,  0.197298)
(-4.407055,  4.942031,  4.618898),  (0.641444,  0.073802)
(-4.484817,  4.815953,  2.356955),  (0.593006,  0.197298)
(-4.460859,  3.510972,  0.121804),  (0.423189,  0.311226)
(-4.425871,  4.951384,  0.168815),  (0.572493,  0.318876)
(-4.460859,  3.510972,  0.121804),  (0.423189,  0.311226)
(-4.484817,  4.815953,  2.356955),  (0.593006,  0.197298)
(-4.581815,  3.497108,  2.375607),  (0.455911,  0.187756)
(-2.580708,  4.960960,  0.182942),  (0.559252,  0.403164)
(-3.560358,  4.984395,  0.175341),  (0.575311,  0.359007)
(-4.460859,  3.510972,  0.121804),  (0.423189,  0.311226)
(-2.505357,  4.951579,  4.627900),  (0.593427,  0.827231)
(-1.556545,  4.990756,  4.632622),  (0.589181,  0.781634)
(-0.584863,  3.542322,  4.694117),  (0.425202,  0.744430)
