(-4.386718,  135.940842,  -55.859592)
(-0.269145,  145.198090,  -26.397627)
(-4.510270,  135.663071,  -56.743622)
(-0.269094,  145.198212,  -26.397259)
(-4.771292,  135.076248,  -58.611286)
(-0.269094,  145.198212,  -26.397259)
(-4.904706,  134.776291,  -59.565884)
(-0.276690,  145.181122,  -26.451611)
(89.881340,  6.917938,  15.078547)
(132.943451,  -47.596142,  8.600930)
(132.943451,  -47.596142,  8.600930)
(132.943451,  -47.596142,  8.600930)
(132.943451,  -47.596142,  8.600930)
(132.943451,  -47.596142,  8.600930)
(90.696594,  5.885880,  14.955912)
(89.688492,  7.162071,  15.107555)
(103.731407,  -10.615423,  12.995151)
(132.943451,  -47.596142,  8.600930)
(132.943451,  -47.596142,  8.600930)
(132.943451,  -47.596142,  8.600930)
(132.943451,  -47.596142,  8.600930)
(132.943451,  -47.596142,  8.600930)
(132.943451,  -47.596142,  8.600930)
(132.943451,  -47.596142,  8.600930)
(132.943451,  -47.596142,  8.600930)
(132.943451,  -47.596142,  8.600930)
(132.943451,  -47.596142,  8.600930)
(132.943451,  -47.596142,  8.600930)
(132.943451,  -47.596142,  8.600930)
(132.943451,  -47.596142,  8.600930)
(89.572174,  7.309322,  15.125051)
(126.177422,  -39.030743,  9.618711)
(132.943451,  -47.596142,  8.600930)
(132.943451,  -47.596142,  8.600930)
(-0.443525,  144.806061,  -27.645346)
(-4.904706,  134.776291,  -59.565884)
(-0.286322,  145.159470,  -26.520525)
(-4.904706,  134.776291,  -59.565884)
(-0.269142,  145.198105,  -26.397602)
(-4.904706,  134.776291,  -59.565884)
(-0.269093,  145.198212,  -26.397251)
(-4.904706,  134.776291,  -59.565884)
(-0.269530,  145.197235,  -26.400381)
(-4.904706,  134.776291,  -59.565884)
(-0.276131,  145.182373,  -26.447613)
(-4.904706,  134.776291,  -59.565884)
(-0.269223,  145.197906,  -26.398184)
(-4.904706,  134.776291,  -59.565884)
(-0.269095,  145.198212,  -26.397270)
(-4.904706,  134.776291,  -59.565884)
(-0.269093,  145.198212,  -26.397251)
(-4.904706,  134.776291,  -59.565884)
(-0.269951,  145.196289,  -26.403391)
(-4.904706,  134.776291,  -59.565884)
(-0.269142,  145.198105,  -26.397608)
(-4.904706,  134.776291,  -59.565884)
(-0.277899,  145.178421,  -26.460262)
(-4.904706,  134.776291,  -59.565884)
(3.892712,  115.774437,  28.013378)
(3.892712,  115.774437,  28.013378)
(3.892712,  115.774437,  28.013378)
(3.892712,  115.774437,  28.013378)
(3.892712,  115.774437,  28.013378)
(3.892712,  115.774437,  28.013378)
(3.892712,  115.774437,  28.013378)
(3.892712,  115.774437,  28.013378)
(3.892712,  115.774437,  28.013378)
(3.892712,  115.774437,  28.013378)
(3.892712,  115.774437,  28.013378)
(3.892712,  115.774437,  28.013378)
(3.892712,  115.774437,  28.013378)
(3.892712,  115.774437,  28.013378)
(3.892712,  115.774437,  28.013378)
(3.892712,  115.774437,  28.013378)
(3.892712,  115.774437,  28.013378)
(3.892712,  115.774437,  28.013378)
(3.892712,  115.774437,  28.013378)
(3.892712,  115.774437,  28.013378)
(3.892712,  115.774437,  28.013378)
(3.892712,  115.774437,  28.013378)
(3.892712,  115.774437,  28.013378)
(-18.556009,  -86.223045,  -1.419998)
(-18.556009,  -86.223045,  -1.419998)
(-18.556009,  -86.223045,  -1.419998)
(-18.556009,  -86.223045,  -1.419998)
(-18.556009,  -86.223045,  -1.419998)
(-18.556009,  -86.223045,  -1.419998)
(-18.556009,  -86.223045,  -1.419998)
(-18.556009,  -86.223045,  -1.419998)
(-18.556009,  -86.223045,  -1.419998)
(-18.556009,  -86.223045,  -1.419998)
(-18.556009,  -86.223045,  -1.419998)
(-18.556009,  -86.223045,  -1.419998)
(-18.556009,  -86.223045,  -1.419998)
(-18.556009,  -86.223045,  -1.419998)
(-18.556009,  -86.223045,  -1.419998)
(-18.556009,  -86.223045,  -1.419998)
(-18.556009,  -86.223045,  -1.419998)
(-18.556009,  -86.223045,  -1.419998)
(-18.556009,  -86.223045,  -1.419998)
(-18.556009,  -86.223045,  -1.419998)
(-18.556009,  -86.223045,  -1.419998)
(-18.556009,  -86.223045,  -1.419998)
(-18.556009,  -86.223045,  -1.419998)
(-18.556009,  -86.223045,  -1.419998)
(-18.556009,  -86.223045,  -1.419998)
(-18.556009,  -86.223045,  -1.419998)
(-21.206434,  -57.998451,  16.972839)
(-21.206434,  -57.998451,  16.972839)
(-21.206434,  -57.998451,  16.972839)
(-21.206434,  -57.998451,  16.972839)
(-21.206434,  -57.998451,  16.972839)
(-21.206434,  -57.998451,  16.972839)
(-21.206434,  -57.998451,  16.972839)
(-21.206434,  -57.998451,  16.972839)
(-21.206434,  -57.998451,  16.972839)
(-21.206434,  -57.998451,  16.972839)
(-21.206434,  -57.998451,  16.972839)
(-21.206434,  -57.998451,  16.972839)
(-21.206434,  -57.998451,  16.972839)
(-21.206434,  -57.998451,  16.972839)
(-21.206434,  -57.998451,  16.972839)
(-21.206434,  -57.998451,  16.972839)
(-21.206434,  -57.998451,  16.972839)
(-21.206434,  -57.998451,  16.972839)
(-21.206434,  -57.998451,  16.972839)
(-21.206434,  -57.998451,  16.972839)
(-21.206434,  -57.998451,  16.972839)
(-21.206434,  -57.998451,  16.972839)
(-18.556009,  -86.223045,  -1.419998)
(-18.556009,  -86.223045,  -1.419998)
(-18.556009,  -86.223045,  -1.419998)
(-18.556009,  -86.223045,  -1.419998)
(-18.556009,  -86.223045,  -1.419998)
(-18.556009,  -86.223045,  -1.419998)
(4.366521,  155.620132,  6.771383)
(4.366521,  155.620132,  6.771383)
(4.366521,  155.620132,  6.771383)
(4.366521,  155.620132,  6.771383)
(4.366521,  155.620132,  6.771383)
(4.366521,  155.620132,  6.771383)
(4.366521,  155.620132,  6.771383)
(4.366521,  155.620132,  6.771383)
(4.366521,  155.620132,  6.771383)
(4.366521,  155.620132,  6.771383)
(4.366521,  155.620132,  6.771383)
(4.366521,  155.620132,  6.771383)
(4.366521,  155.620132,  6.771383)
(4.366521,  155.620132,  6.771383)
(4.366521,  155.620132,  6.771383)
(4.366521,  155.620132,  6.771383)
(4.366521,  155.620132,  6.771383)
(4.366521,  155.620132,  6.771383)
(4.366521,  155.620132,  6.771383)
(4.366521,  155.620132,  6.771383)
(4.366521,  155.620132,  6.771383)
(4.366521,  155.620132,  6.771383)
(4.366521,  155.620132,  6.771383)
(4.366521,  155.620132,  6.771383)
(4.366521,  155.620132,  6.771383)
(4.366521,  155.620132,  6.771383)
(4.366521,  155.620132,  6.771383)
(4.366521,  155.620132,  6.771383)
(4.366521,  155.620132,  6.771383)
(4.366521,  155.620132,  6.771383)
(4.366521,  155.620132,  6.771383)
(4.366521,  155.620132,  6.771383)
(4.366521,  155.620132,  6.771383)
(4.366521,  155.620132,  6.771383)
(4.366521,  155.620132,  6.771383)
(4.366521,  155.620132,  6.771383)
(4.366521,  155.620132,  6.771383)
(4.366521,  155.620132,  6.771383)
(4.366521,  155.620132,  6.771383)
(4.366521,  155.620132,  6.771383)
(4.366521,  155.620132,  6.771383)
(4.366521,  155.620132,  6.771383)
(4.366521,  155.620132,  6.771383)
(4.366521,  155.620132,  6.771383)
(4.366521,  155.620132,  6.771383)
(4.366521,  155.620132,  6.771383)
(4.366521,  155.620132,  6.771383)
(4.366521,  155.620132,  6.771383)
(4.366521,  155.620132,  6.771383)
(4.366521,  155.620132,  6.771383)
(4.366521,  155.620132,  6.771383)
(4.366521,  155.620132,  6.771383)
(4.366521,  155.620132,  6.771383)
(4.366521,  155.620132,  6.771383)
(4.366521,  155.620132,  6.771383)
(4.366521,  155.620132,  6.771383)
(4.366521,  155.620132,  6.771383)
(4.366521,  155.620132,  6.771383)
(4.366521,  155.620132,  6.771383)
(4.366521,  155.620132,  6.771383)
(4.366521,  155.620132,  6.771383)
(4.366521,  155.620132,  6.771383)
(4.366521,  155.620132,  6.771383)
(3.892712,  115.774437,  28.013378)
(3.892712,  115.774437,  28.013378)
(3.892712,  115.774437,  28.013378)
(3.892712,  115.774437,  28.013378)
(3.892712,  115.774437,  28.013378)
(3.892712,  115.774437,  28.013378)
(3.892712,  115.774437,  28.013378)
(3.892712,  115.774437,  28.013378)
(3.892712,  115.774437,  28.013378)
(3.892712,  115.774437,  28.013378)
(3.892712,  115.774437,  28.013378)
(3.892712,  115.774437,  28.013378)
(0.168998,  83.376755,  28.588081)
(0.404199,  85.427139,  27.400120)
(0.042384,  82.272980,  29.227587)
(0.115425,  82.909729,  28.858665)
(0.290365,  84.434784,  27.975079)
(0.490233,  86.177147,  26.965580)
(0.278166,  84.328430,  28.036692)
(0.113873,  82.896202,  28.866505)
(0.180594,  83.477844,  28.529512)
(0.000004,  81.903542,  29.441637)
(0.000004,  81.903542,  29.441637)
(126.947350,  -41.709995,  -3.125103)
(126.947350,  -41.709995,  -3.125103)
(126.947350,  -41.709995,  -3.125103)
(126.947350,  -41.709995,  -3.125103)
(132.943451,  -47.596142,  8.600930)
(132.943451,  -47.596142,  8.600930)
(132.943451,  -47.596142,  8.600930)
(132.943451,  -47.596142,  8.600930)
(126.947350,  -41.709995,  -3.125103)
(126.947350,  -41.709995,  -3.125103)
(126.947350,  -41.709995,  -3.125103)
(126.947350,  -41.709995,  -3.125103)
(132.943451,  -47.596142,  8.600930)
(132.943451,  -47.596142,  8.600930)
(132.943451,  -47.596142,  8.600930)
(132.943451,  -47.596142,  8.600930)
(132.943451,  -47.596142,  8.600930)
(132.943451,  -47.596142,  8.600930)
(132.943451,  -47.596142,  8.600930)
(132.943451,  -47.596142,  8.600930)
(-18.556009,  -86.223045,  -1.419998)
(-18.556009,  -86.223045,  -1.419998)
(-18.556009,  -86.223045,  -1.419998)
(-18.556009,  -86.223045,  -1.419998)
(-7.594330,  13.095142,  16.811037)
(-6.930109,  19.113312,  17.915743)
(-7.147856,  17.140415,  17.553595)
(-7.022039,  18.280380,  17.762850)
(-18.556009,  -86.223045,  -1.419998)
(-18.556009,  -86.223045,  -1.419998)
(-18.556009,  -86.223045,  -1.419998)
(-18.556009,  -86.223045,  -1.419998)
(-18.556009,  -86.223045,  -1.419998)
(-18.556009,  -86.223045,  -1.419998)
(-18.556009,  -86.223045,  -1.419998)
(-18.556009,  -86.223045,  -1.419998)
(-7.154552,  17.079754,  17.542459)
(-7.356184,  15.252865,  17.207113)
(-18.556009,  -86.223045,  -1.419998)
(-18.556009,  -86.223045,  -1.419998)
(-7.041125,  18.107452,  17.731106)
(-7.119845,  17.394211,  17.600182)
(-18.556009,  -86.223045,  -1.419998)
(-18.556009,  -86.223045,  -1.419998)
(3.098553,  108.873566,  25.688473)
(1.982302,  99.177666,  21.341240)
(3.224269,  109.964615,  26.445469)
(3.328872,  110.874069,  26.605616)
(1.807834,  97.657494,  22.002945)
(1.640090,  96.194176,  23.133442)
(-26.200388,  16.880489,  19.725386)
(-26.200388,  16.880489,  19.725386)
(-26.200388,  16.880489,  19.725386)
(-26.200388,  16.880489,  19.725386)
(-26.200388,  16.880489,  19.725386)
(-26.200388,  16.880489,  19.725386)
(-26.200388,  16.880489,  19.725386)
(-26.200388,  16.880489,  19.725386)
(-26.200388,  16.880489,  19.725386)
(-26.200388,  16.880489,  19.725386)
(30.409971,  35.315876,  -1.868607)
(30.409971,  35.315876,  -1.868607)
(30.409971,  35.315876,  -1.868607)
(30.409971,  35.315876,  -1.868607)
(30.409971,  35.315876,  -1.868607)
(30.409971,  35.315876,  -1.868607)
(30.409971,  35.315876,  -1.868607)
(30.409971,  35.315876,  -1.868607)
(30.409971,  35.315876,  -1.868607)
(30.409971,  35.315876,  -1.868607)
(30.409971,  35.315876,  -1.868607)
(30.409971,  35.315876,  -1.868607)
(30.409971,  35.315876,  -1.868607)
(30.409971,  35.315876,  -1.868607)
(112.619583,  -55.216892,  44.045155)
(24.232206,  -61.598381,  113.502258)
(112.619583,  -55.216892,  44.045155)
(23.669113,  -61.639034,  113.944748)
(24.631300,  -95.901016,  86.636093)
(32.260555,  -99.850212,  66.693130)
(32.661854,  -92.916824,  81.746376)
(37.882938,  -115.590080,  43.234741)
(107.636810,  -46.008244,  32.055519)
(80.041473,  -41.372364,  58.979317)
(89.138771,  -42.304676,  49.786556)
(80.766884,  -41.240051,  57.357586)
(-21.206434,  -57.998451,  16.972839)
(-21.206434,  -57.998451,  16.972839)
(-21.206434,  -57.998451,  16.972839)
(-21.206434,  -57.998451,  16.972839)
(-21.206434,  -57.998451,  16.972839)
(-21.206434,  -57.998451,  16.972839)
(-21.206434,  -57.998451,  16.972839)
(-21.206434,  -57.998451,  16.972839)
(-19.071190,  -80.736870,  2.155126)
(-19.337677,  -77.899002,  4.004445)
(-19.322544,  -78.060158,  3.899428)
(-19.042278,  -81.044739,  1.954500)
(-19.118786,  -80.229980,  2.485442)
(-19.102932,  -80.398819,  2.375414)
(-19.367126,  -77.585388,  4.208816)
(-19.359737,  -77.664062,  4.157548)
(-20.920246,  -61.046097,  14.986813)
(-21.045860,  -59.708412,  15.858525)
(-21.052765,  -59.634907,  15.906430)
(-20.838602,  -61.915527,  14.420238)
(-20.932043,  -60.920448,  15.068689)
(-20.853289,  -61.759125,  14.522163)
(-21.073771,  -59.411175,  16.052223)
(-21.071508,  -59.435272,  16.036516)
(127.249268,  -42.006378,  -2.534660)
(127.291595,  -42.047935,  -2.451871)
(127.258087,  -42.015038,  -2.517417)
(127.210709,  -41.968521,  -2.610084)
(132.726547,  -47.383213,  8.176751)
(132.608231,  -47.267075,  7.945383)
(132.717407,  -47.374241,  8.158874)
(132.501541,  -47.162334,  7.736727)
(4.366521,  155.620132,  6.771383)
(4.366521,  155.620132,  6.771383)
(4.366521,  155.620132,  6.771383)
(4.366521,  155.620132,  6.771383)
(4.366521,  155.620132,  6.771383)
(4.366521,  155.620132,  6.771383)
(4.366521,  155.620132,  6.771383)
(4.366521,  155.620132,  6.771383)
(4.366521,  155.620132,  6.771383)
(4.366521,  155.620132,  6.771383)
(4.366521,  155.620132,  6.771383)
(4.366521,  155.620132,  6.771383)
(4.366521,  155.620132,  6.771383)
(4.366521,  155.620132,  6.771383)
(4.366521,  155.620132,  6.771383)
(4.366521,  155.620132,  6.771383)
(4.366521,  155.620132,  6.771383)
(4.366521,  155.620132,  6.771383)
(4.366521,  155.620132,  6.771383)
(4.366521,  155.620132,  6.771383)
(4.366521,  155.620132,  6.771383)
(4.366521,  155.620132,  6.771383)
(4.366521,  155.620132,  6.771383)
(4.366521,  155.620132,  6.771383)
(4.366521,  155.620132,  6.771383)
(4.366521,  155.620132,  6.771383)
(4.366521,  155.620132,  6.771383)
(4.366521,  155.620132,  6.771383)
(4.366521,  155.620132,  6.771383)
(4.366521,  155.620132,  6.771383)
(4.366521,  155.620132,  6.771383)
(4.366521,  155.620132,  6.771383)
(4.366521,  155.620132,  6.771383)
(4.366521,  155.620132,  6.771383)
(4.366521,  155.620132,  6.771383)
(-21.206434,  -57.998451,  16.972839)
(-21.206434,  -57.998451,  16.972839)
(-21.206434,  -57.998451,  16.972839)
(-21.206434,  -57.998451,  16.972839)
(-21.206434,  -57.998451,  16.972839)
(-21.206434,  -57.998451,  16.972839)
(-21.206434,  -57.998451,  16.972839)
(-21.206434,  -57.998451,  16.972839)
(-26.138269,  15.949118,  19.691149)
(-26.200388,  16.880489,  19.725386)
(-26.200388,  16.880489,  19.725386)
(-26.200388,  16.880489,  19.725386)
(-26.200388,  16.880489,  19.725386)
(-26.200388,  16.880489,  19.725386)
(-26.200388,  16.880489,  19.725386)
(-26.200388,  16.880489,  19.725386)
(22.653240,  -62.577484,  113.864494)
(32.576077,  -92.057404,  82.921959)
(102.122192,  -60.070686,  49.126442)
(23.700617,  -66.057755,  109.120171)
(29.718369,  -108.324326,  62.465492)
(33.089130,  -112.029053,  53.107796)
(27.781982,  -106.498840,  67.171089)
(32.666424,  -111.580154,  54.246552)
(36.427586,  -114.328506,  46.871449)
(37.312180,  -116.673378,  41.377659)
(32.915985,  -111.322212,  54.731739)
(34.938850,  -113.937454,  48.248413)
(-84.199623,  -84.764633,  52.744781)
(-84.199623,  -84.764633,  52.744781)
(-84.199623,  -84.764633,  52.744781)
(-84.199623,  -84.764633,  52.744781)
(-84.199623,  -84.764633,  52.744781)
(-84.199623,  -84.764633,  52.744781)
(-84.199623,  -84.764633,  52.744781)
(-84.199623,  -84.764633,  52.744781)
(-92.613396,  -85.022774,  28.317608)
(-92.613396,  -85.022774,  28.317608)
(-92.613396,  -85.022774,  28.317608)
(-92.613396,  -85.022774,  28.317608)
(-92.613396,  -85.022774,  28.317608)
(-92.613396,  -85.022774,  28.317608)
(-92.613396,  -85.022774,  28.317608)
(-92.613396,  -85.022774,  28.317608)
(-4.358099,  136.005188,  -55.654812)
(-0.400452,  144.902893,  -27.337154)
(-4.386718,  135.940842,  -55.859592)
(-0.269117,  145.198151,  -26.397429)
(-4.510270,  135.663086,  -56.743622)
(-0.269093,  145.198212,  -26.397251)
(-4.771292,  135.076248,  -58.611286)
(-0.269259,  145.197845,  -26.398445)
(-4.904706,  134.776291,  -59.565884)
(-0.271033,  145.193848,  -26.411137)
(-4.904706,  134.776291,  -59.565884)
(-0.269093,  145.198212,  -26.397251)
(-88.264946,  12.519384,  22.687042)
(-134.343765,  -39.108143,  20.023872)
(-134.343765,  -39.108143,  20.023872)
(-134.343765,  -39.108143,  20.023872)
(-134.343765,  -39.108143,  20.023872)
(-134.343765,  -39.108143,  20.023872)
(-88.264938,  12.519390,  22.687042)
(-88.116035,  12.686220,  22.695648)
(-124.995483,  -28.634165,  20.564165)
(-134.343765,  -39.108143,  20.023872)
(-134.343765,  -39.108143,  20.023872)
(-134.343765,  -39.108143,  20.023872)
(-134.343765,  -39.108143,  20.023872)
(-134.343765,  -39.108143,  20.023872)
(-134.343765,  -39.108143,  20.023872)
(-134.343765,  -39.108143,  20.023872)
(-134.343765,  -39.108143,  20.023872)
(-134.343765,  -39.108143,  20.023872)
(-134.343765,  -39.108143,  20.023872)
(-134.343765,  -39.108143,  20.023872)
(-134.343765,  -39.108143,  20.023872)
(-134.343765,  -39.108143,  20.023872)
(-89.638031,  10.980949,  22.607681)
(-134.316193,  -39.077240,  20.025469)
(-134.343765,  -39.108143,  20.023872)
(-134.343765,  -39.108143,  20.023872)
(-0.269094,  145.198212,  -26.397259)
(-4.904706,  134.776291,  -59.565884)
(-0.269156,  145.198074,  -26.397705)
(-4.904706,  134.776291,  -59.565884)
(-0.269093,  145.198212,  -26.397251)
(-4.904706,  134.776291,  -59.565884)
(-0.269093,  145.198212,  -26.397251)
(-4.904706,  134.776291,  -59.565884)
(-0.269093,  145.198212,  -26.397251)
(-4.904706,  134.776291,  -59.565884)
(-0.269099,  145.198212,  -26.397297)
(-4.904706,  134.776291,  -59.565884)
(-0.269093,  145.198212,  -26.397251)
(-4.904706,  134.776291,  -59.565884)
(-0.269098,  145.198212,  -26.397293)
(-4.904706,  134.776291,  -59.565884)
(-0.269145,  145.198090,  -26.397621)
(-4.904706,  134.776291,  -59.565884)
(-0.269093,  145.198212,  -26.397251)
(-4.904706,  134.776291,  -59.565884)
(-0.269112,  145.198181,  -26.397392)
(-4.904706,  134.776291,  -59.565884)
(-0.269098,  145.198212,  -26.397291)
(-4.904706,  134.776291,  -59.565884)
(3.892712,  115.774437,  28.013378)
(3.892712,  115.774437,  28.013378)
(3.892712,  115.774437,  28.013378)
(3.892712,  115.774437,  28.013378)
(3.892712,  115.774437,  28.013378)
(3.892712,  115.774437,  28.013378)
(3.892712,  115.774437,  28.013378)
(3.892712,  115.774437,  28.013378)
(3.892712,  115.774437,  28.013378)
(3.892712,  115.774437,  28.013378)
(3.892712,  115.774437,  28.013378)
(3.892712,  115.774437,  28.013378)
(3.892712,  115.774437,  28.013378)
(3.892712,  115.774437,  28.013378)
(3.892712,  115.774437,  28.013378)
(3.892712,  115.774437,  28.013378)
(3.892712,  115.774437,  28.013378)
(3.892712,  115.774437,  28.013378)
(3.892712,  115.774437,  28.013378)
(3.892712,  115.774437,  28.013378)
(3.892712,  115.774437,  28.013378)
(3.892712,  115.774437,  28.013378)
(3.892712,  115.774437,  28.013378)
(3.892712,  115.774437,  28.013378)
(3.892712,  115.774437,  28.013378)
(3.892712,  115.774437,  28.013378)
(3.892712,  115.774437,  28.013378)
(3.892712,  115.774437,  28.013378)
(3.892712,  115.774437,  28.013378)
(3.892712,  115.774437,  28.013378)
(3.892712,  115.774437,  28.013378)
(20.115406,  -85.539673,  -8.525247)
(20.115406,  -85.539673,  -8.525247)
(20.115406,  -85.539673,  -8.525247)
(20.115406,  -85.539673,  -8.525247)
(20.115406,  -85.539673,  -8.525247)
(20.115406,  -85.539673,  -8.525247)
(20.115406,  -85.539673,  -8.525247)
(20.115406,  -85.539673,  -8.525247)
(20.115406,  -85.539673,  -8.525247)
(20.115406,  -85.539673,  -8.525247)
(20.115406,  -85.539673,  -8.525247)
(20.115406,  -85.539673,  -8.525247)
(20.115406,  -85.539673,  -8.525247)
(20.115406,  -85.539673,  -8.525247)
(20.115406,  -85.539673,  -8.525247)
(20.115406,  -85.539673,  -8.525247)
(20.115406,  -85.539673,  -8.525247)
(20.115406,  -85.539673,  -8.525247)
(20.115406,  -85.539673,  -8.525247)
(20.115406,  -85.539673,  -8.525247)
(20.115406,  -85.539673,  -8.525247)
(20.115406,  -85.539673,  -8.525247)
(20.115406,  -85.539673,  -8.525247)
(20.115406,  -85.539673,  -8.525247)
(20.115406,  -85.539673,  -8.525247)
(20.115406,  -85.539673,  -8.525247)
(34.241104,  -41.483868,  -13.513655)
(34.241104,  -41.483868,  -13.513655)
(34.241104,  -41.483868,  -13.513655)
(34.241104,  -41.483868,  -13.513655)
(34.241104,  -41.483868,  -13.513655)
(34.241104,  -41.483868,  -13.513655)
(34.241104,  -41.483868,  -13.513655)
(34.241104,  -41.483868,  -13.513655)
(34.241104,  -41.483868,  -13.513655)
(34.241104,  -41.483868,  -13.513655)
(34.241104,  -41.483868,  -13.513655)
(34.241104,  -41.483868,  -13.513655)
(34.241104,  -41.483868,  -13.513655)
(34.241104,  -41.483868,  -13.513655)
(34.241104,  -41.483868,  -13.513655)
(34.241104,  -41.483868,  -13.513655)
(34.241104,  -41.483868,  -13.513655)
(34.241104,  -41.483868,  -13.513655)
(34.241104,  -41.483868,  -13.513655)
(34.241104,  -41.483868,  -13.513655)
(34.241104,  -41.483868,  -13.513655)
(34.241104,  -41.483868,  -13.513655)
(20.115406,  -85.539673,  -8.525247)
(20.115406,  -85.539673,  -8.525247)
(20.115406,  -85.539673,  -8.525247)
(20.115406,  -85.539673,  -8.525247)
(20.115406,  -85.539673,  -8.525247)
(20.115406,  -85.539673,  -8.525247)
(4.366521,  155.620132,  6.771383)
(4.366521,  155.620132,  6.771383)
(4.366521,  155.620132,  6.771383)
(4.366521,  155.620132,  6.771383)
(4.366521,  155.620132,  6.771383)
(4.366521,  155.620132,  6.771383)
(4.366521,  155.620132,  6.771383)
(4.366521,  155.620132,  6.771383)
(4.366521,  155.620132,  6.771383)
(4.366521,  155.620132,  6.771383)
(4.366521,  155.620132,  6.771383)
(4.366521,  155.620132,  6.771383)
(4.366521,  155.620132,  6.771383)
(4.366521,  155.620132,  6.771383)
(4.366521,  155.620132,  6.771383)
(4.366521,  155.620132,  6.771383)
(4.366521,  155.620132,  6.771383)
(4.366521,  155.620132,  6.771383)
(4.366521,  155.620132,  6.771383)
(4.366521,  155.620132,  6.771383)
(4.366521,  155.620132,  6.771383)
(4.366521,  155.620132,  6.771383)
(4.366521,  155.620132,  6.771383)
(4.366521,  155.620132,  6.771383)
(4.366521,  155.620132,  6.771383)
(4.366521,  155.620132,  6.771383)
(4.366521,  155.620132,  6.771383)
(4.366521,  155.620132,  6.771383)
(4.366521,  155.620132,  6.771383)
(4.366521,  155.620132,  6.771383)
(4.366521,  155.620132,  6.771383)
(4.366521,  155.620132,  6.771383)
(4.366521,  155.620132,  6.771383)
(4.366521,  155.620132,  6.771383)
(4.366521,  155.620132,  6.771383)
(4.366521,  155.620132,  6.771383)
(4.366521,  155.620132,  6.771383)
(4.366521,  155.620132,  6.771383)
(4.366521,  155.620132,  6.771383)
(4.366521,  155.620132,  6.771383)
(4.366521,  155.620132,  6.771383)
(4.366521,  155.620132,  6.771383)
(4.366521,  155.620132,  6.771383)
(4.366521,  155.620132,  6.771383)
(4.366521,  155.620132,  6.771383)
(4.366521,  155.620132,  6.771383)
(4.366521,  155.620132,  6.771383)
(4.366521,  155.620132,  6.771383)
(4.366521,  155.620132,  6.771383)
(4.366521,  155.620132,  6.771383)
(4.366521,  155.620132,  6.771383)
(4.366521,  155.620132,  6.771383)
(4.366521,  155.620132,  6.771383)
(4.366521,  155.620132,  6.771383)
(4.366521,  155.620132,  6.771383)
(4.366521,  155.620132,  6.771383)
(4.366521,  155.620132,  6.771383)
(4.366521,  155.620132,  6.771383)
(4.366521,  155.620132,  6.771383)
(4.366521,  155.620132,  6.771383)
(4.366521,  155.620132,  6.771383)
(4.366521,  155.620132,  6.771383)
(4.366521,  155.620132,  6.771383)
(3.892712,  115.774437,  28.013378)
(3.892712,  115.774437,  28.013378)
(3.892712,  115.774437,  28.013378)
(3.892712,  115.774437,  28.013378)
(3.892712,  115.774437,  28.013378)
(3.892712,  115.774437,  28.013378)
(3.892712,  115.774437,  28.013378)
(3.892712,  115.774437,  28.013378)
(3.892712,  115.774437,  28.013378)
(3.892712,  115.774437,  28.013378)
(3.892712,  115.774437,  28.013378)
(3.892712,  115.774437,  28.013378)
(3.892712,  115.774437,  28.013378)
(3.892712,  115.774437,  28.013378)
(3.892712,  115.774437,  28.013378)
(3.892712,  115.774437,  28.013378)
(0.166750,  83.357155,  28.599436)
(0.168998,  83.376755,  28.588081)
(0.472365,  86.021378,  27.055824)
(0.404199,  85.427139,  27.400122)
(0.031350,  82.176796,  29.283319)
(0.042384,  82.272980,  29.227587)
(0.115425,  82.909729,  28.858667)
(0.085763,  82.651154,  29.008484)
(0.290364,  84.434776,  27.975079)
(0.490233,  86.177147,  26.965580)
(0.278166,  84.328430,  28.036694)
(0.113874,  82.896210,  28.866505)
(0.167421,  83.363014,  28.596046)
(0.000004,  81.903542,  29.441637)
(0.000004,  81.903542,  29.441637)
(0.000004,  81.903542,  29.441637)
(0.153102,  83.238190,  28.668365)
(1.701817,  96.739220,  20.846081)
(0.000004,  81.903542,  29.441637)
(-134.773499,  -40.955872,  26.288242)
(-134.773499,  -40.955872,  26.288242)
(-134.773499,  -40.955872,  26.288242)
(-134.773499,  -40.955872,  26.288242)
(-134.343765,  -39.108143,  20.023872)
(-134.343765,  -39.108143,  20.023872)
(-134.343765,  -39.108143,  20.023872)
(-134.343765,  -39.108143,  20.023872)
(-134.773499,  -40.955872,  26.288242)
(-134.773499,  -40.955872,  26.288242)
(-134.773499,  -40.955872,  26.288242)
(-134.773499,  -40.955872,  26.288242)
(-134.343765,  -39.108143,  20.023872)
(-134.343765,  -39.108143,  20.023872)
(-134.343765,  -39.108143,  20.023872)
(-134.343765,  -39.108143,  20.023872)
(-134.343765,  -39.108143,  20.023872)
(-134.343765,  -39.108143,  20.023872)
(-134.343765,  -39.108143,  20.023872)
(-134.343765,  -39.108143,  20.023872)
(20.115406,  -85.539673,  -8.525247)
(20.115406,  -85.539673,  -8.525247)
(20.115406,  -85.539673,  -8.525247)
(20.115406,  -85.539673,  -8.525247)
(7.848233,  16.573872,  14.628471)
(7.891971,  16.209789,  14.545918)
(8.078693,  14.655483,  14.193488)
(7.852393,  16.539238,  14.620621)
(20.115406,  -85.539673,  -8.525247)
(20.115406,  -85.539673,  -8.525247)
(20.088722,  -85.317551,  -8.474881)
(20.115406,  -85.539673,  -8.525247)
(20.115406,  -85.539673,  -8.525247)
(20.115406,  -85.539673,  -8.525247)
(20.115406,  -85.539673,  -8.525247)
(20.115406,  -85.539673,  -8.525247)
(7.679417,  17.979115,  14.947103)
(7.869831,  16.394089,  14.587706)
(20.115406,  -85.539673,  -8.525247)
(20.115406,  -85.539673,  -8.525247)
(7.674132,  18.023109,  14.957079)
(7.623280,  18.446407,  15.053059)
(20.115406,  -85.539673,  -8.525247)
(20.115406,  -85.539673,  -8.525247)
(3.325872,  110.847443,  26.758808)
(3.098552,  108.873566,  25.688471)
(3.416605,  111.634636,  27.372942)
(0.546682,  86.666489,  27.463221)
(1.982302,  99.177650,  21.341242)
(1.511092,  95.070503,  23.537016)
(3.224269,  109.964615,  26.445469)
(3.328872,  110.874069,  26.605618)
(1.807834,  97.657486,  22.002947)
(1.640090,  96.194176,  23.133444)
(23.545519,  -34.711452,  -11.924304)
(23.545519,  -34.711452,  -11.924304)
(23.545519,  -34.711452,  -11.924304)
(23.545519,  -34.711452,  -11.924304)
(23.545519,  -34.711452,  -11.924304)
(23.545519,  -34.711452,  -11.924304)
(23.545519,  -34.711452,  -11.924304)
(23.545519,  -34.711452,  -11.924304)
(23.545519,  -34.711452,  -11.924304)
(23.545519,  -34.711452,  -11.924304)
(-31.587864,  -27.569286,  -2.561816)
(-31.587864,  -27.569286,  -2.561816)
(-31.587864,  -27.569286,  -2.561816)
(-31.587864,  -27.569286,  -2.561816)
(-31.587864,  -27.569286,  -2.561816)
(-31.587864,  -27.569286,  -2.561816)
(-31.587864,  -27.569286,  -2.561816)
(-31.587864,  -27.569286,  -2.561816)
(-31.587864,  -27.569286,  -2.561816)
(-31.587864,  -27.569286,  -2.561816)
(-31.587864,  -27.569286,  -2.561816)
(-31.587864,  -27.569286,  -2.561816)
(-31.587864,  -27.569286,  -2.561816)
(-31.587864,  -27.569286,  -2.561816)
(114.098267,  -38.541000,  -72.095207)
(-1.719657,  -37.601185,  131.566772)
(115.879669,  -38.555454,  -75.227737)
(-4.836540,  -37.575893,  137.047699)
(59.646935,  -61.528721,  -6.950671)
(-3.092571,  -88.937271,  66.905472)
(64.936302,  -60.761700,  -15.193814)
(-24.502224,  -110.278824,  76.447968)
(-79.960968,  -31.933739,  67.142624)
(-112.981880,  -37.381798,  46.462708)
(-105.084633,  -36.807213,  42.939533)
(-84.197975,  -31.863613,  73.534531)
(34.241104,  -41.483868,  -13.513655)
(34.241104,  -41.483868,  -13.513655)
(34.241104,  -41.483868,  -13.513655)
(34.241104,  -41.483868,  -13.513655)
(34.241104,  -41.483868,  -13.513655)
(34.241104,  -41.483868,  -13.513655)
(34.241104,  -41.483868,  -13.513655)
(34.241104,  -41.483868,  -13.513655)
(22.494774,  -78.118797,  -9.365507)
(23.271601,  -75.696007,  -9.639838)
(22.909744,  -76.824570,  -9.512051)
(22.233265,  -78.934410,  -9.273156)
(22.389000,  -78.448700,  -9.328154)
(22.453030,  -78.248993,  -9.350765)
(23.367561,  -75.396721,  -9.673726)
(23.216557,  -75.867676,  -9.620400)
(32.216499,  -47.798294,  -12.798677)
(33.060322,  -45.166546,  -13.096668)
(32.675888,  -46.365524,  -12.960908)
(32.197681,  -47.856972,  -12.792032)
(32.091263,  -48.188889,  -12.754451)
(32.293217,  -47.559017,  -12.825770)
(33.042740,  -45.221382,  -13.090459)
(32.815872,  -45.928947,  -13.010343)
(-134.752304,  -40.864716,  25.979197)
(-134.748474,  -40.848282,  25.923477)
(-134.750473,  -40.856823,  25.952427)
(-134.752380,  -40.865074,  25.980413)
(-134.359146,  -39.174297,  20.248148)
(-134.366776,  -39.207050,  20.359200)
(-134.359894,  -39.177502,  20.259031)
(-134.375244,  -39.243458,  20.482635)
(4.366521,  155.620132,  6.771383)
(4.366521,  155.620132,  6.771383)
(4.366521,  155.620132,  6.771383)
(4.366521,  155.620132,  6.771383)
(4.366521,  155.620132,  6.771383)
(4.366521,  155.620132,  6.771383)
(4.366521,  155.620132,  6.771383)
(4.366521,  155.620132,  6.771383)
(4.366521,  155.620132,  6.771383)
(4.366521,  155.620132,  6.771383)
(4.366521,  155.620132,  6.771383)
(4.366521,  155.620132,  6.771383)
(4.366521,  155.620132,  6.771383)
(4.366521,  155.620132,  6.771383)
(4.366521,  155.620132,  6.771383)
(4.366521,  155.620132,  6.771383)
(4.366521,  155.620132,  6.771383)
(4.366521,  155.620132,  6.771383)
(4.366521,  155.620132,  6.771383)
(4.366521,  155.620132,  6.771383)
(4.366521,  155.620132,  6.771383)
(4.366521,  155.620132,  6.771383)
(4.366521,  155.620132,  6.771383)
(4.366521,  155.620132,  6.771383)
(4.366521,  155.620132,  6.771383)
(4.366521,  155.620132,  6.771383)
(4.366521,  155.620132,  6.771383)
(4.366521,  155.620132,  6.771383)
(4.366521,  155.620132,  6.771383)
(4.366521,  155.620132,  6.771383)
(4.366521,  155.620132,  6.771383)
(4.366521,  155.620132,  6.771383)
(4.366521,  155.620132,  6.771383)
(4.366521,  155.620132,  6.771383)
(4.366521,  155.620132,  6.771383)
(34.241104,  -41.483868,  -13.513655)
(34.241104,  -41.483868,  -13.513655)
(34.241104,  -41.483868,  -13.513655)
(34.241104,  -41.483868,  -13.513655)
(34.241104,  -41.483868,  -13.513655)
(34.241104,  -41.483868,  -13.513655)
(34.241104,  -41.483868,  -13.513655)
(34.241104,  -41.483868,  -13.513655)
(23.545519,  -34.711452,  -11.924304)
(23.545519,  -34.711452,  -11.924304)
(23.545519,  -34.711452,  -11.924304)
(23.545519,  -34.711452,  -11.924304)
(23.545519,  -34.711452,  -11.924304)
(23.545519,  -34.711452,  -11.924304)
(23.545519,  -34.711452,  -11.924304)
(23.545519,  -34.711452,  -11.924304)
(9.641815,  -56.426384,  87.116852)
(80.156006,  -48.709511,  -26.051912)
(114.896507,  -38.547474,  -73.498886)
(-5.774907,  -42.002937,  132.904755)
(-14.781757,  -109.926384,  77.701981)
(-16.778200,  -111.142685,  75.822563)
(-14.887848,  -109.991020,  77.602112)
(-17.157997,  -111.374054,  75.465019)
(-14.036488,  -109.472343,  78.403564)
(-17.164986,  -111.378311,  75.458443)
(-14.514485,  -109.763550,  77.953590)
(-16.479443,  -110.960663,  76.103806)
(108.191833,  -86.337845,  26.835701)
(108.191833,  -86.337845,  26.835701)
(108.191833,  -86.337845,  26.835701)
(108.191833,  -86.337845,  26.835701)
(108.191833,  -86.337845,  26.835701)
(108.191833,  -86.337845,  26.835701)
(108.191833,  -86.337845,  26.835701)
(108.191833,  -86.337845,  26.835701)
(117.499603,  -73.741043,  5.716492)
(117.499603,  -73.741043,  5.716492)
(117.499603,  -73.741043,  5.716492)
(117.499603,  -73.741043,  5.716492)
(117.499603,  -73.741043,  5.716492)
(117.499603,  -73.741043,  5.716492)
(117.499603,  -73.741043,  5.716492)
(117.499603,  -73.741043,  5.716492)
(4.366521,  155.620132,  6.771383)
(4.366521,  155.620132,  6.771383)
(4.366521,  155.620132,  6.771383)
(4.366521,  155.620132,  6.771383)
(4.366521,  155.620132,  6.771383)
(4.366521,  155.620132,  6.771383)
(4.366521,  155.620132,  6.771383)
(4.366521,  155.620132,  6.771383)
(4.366521,  155.620132,  6.771383)
(4.366521,  155.620132,  6.771383)
(4.366521,  155.620132,  6.771383)
(4.366521,  155.620132,  6.771383)
(4.366521,  155.620132,  6.771383)
(4.366521,  155.620132,  6.771383)
(4.366521,  155.620132,  6.771383)
(4.366521,  155.620132,  6.771383)
(4.366521,  155.620132,  6.771383)
(4.366521,  155.620132,  6.771383)
(4.366521,  155.620132,  6.771383)
(4.366521,  155.620132,  6.771383)
(4.366521,  155.620132,  6.771383)
(4.366521,  155.620132,  6.771383)
(4.366521,  155.620132,  6.771383)
(4.366521,  155.620132,  6.771383)
(4.366521,  155.620132,  6.771383)
(4.366521,  155.620132,  6.771383)
(4.366521,  155.620132,  6.771383)
(4.366521,  155.620132,  6.771383)
(4.366521,  155.620132,  6.771383)
(4.366521,  155.620132,  6.771383)
(4.366521,  155.620132,  6.771383)
(4.366521,  155.620132,  6.771383)
(-20.149767,  -69.250984,  9.640016)
(-20.636475,  -64.067993,  13.017564)
(-20.755480,  -62.800705,  13.843400)
(-20.830980,  -61.996700,  14.367340)
(-20.897455,  -61.288784,  14.828660)
(-20.260330,  -68.073608,  10.407266)
(-20.196579,  -68.752502,  9.964858)
(-20.577595,  -64.695015,  12.608959)
(25.606417,  -68.414101,  -10.464365)
(27.647116,  -62.049473,  -11.185026)
(28.453442,  -59.534668,  -11.469776)
(29.520653,  -56.206207,  -11.846655)
(31.467861,  -50.133167,  -12.534301)
(27.665401,  -61.992439,  -11.191483)
(27.708969,  -61.856552,  -11.206870)
(29.042812,  -57.696518,  -11.677908)
(3.892712,  115.774437,  28.013378)
(3.892712,  115.774437,  28.013378)
(3.892712,  115.774437,  28.013378)
(3.892712,  115.774437,  28.013378)
(3.892712,  115.774437,  28.013378)
(3.892712,  115.774437,  28.013378)
(3.892712,  115.774437,  28.013378)
(3.892712,  115.774437,  28.013378)
(3.892712,  115.774437,  28.013378)
(3.892712,  115.774437,  28.013378)
(3.892712,  115.774437,  28.013378)
(3.892712,  115.774437,  28.013378)
(3.892712,  115.774437,  28.013378)
(3.892712,  115.774437,  28.013378)
(3.892712,  115.774437,  28.013378)
(3.892712,  115.774437,  28.013378)
(3.892712,  115.774437,  28.013378)
(3.892712,  115.774437,  28.013378)
(126.947350,  -41.709995,  -3.125103)
(126.947350,  -41.709995,  -3.125103)
(126.947350,  -41.709995,  -3.125103)
(126.947350,  -41.709995,  -3.125103)
(126.947350,  -41.709995,  -3.125103)
(126.947350,  -41.709995,  -3.125103)
(126.947350,  -41.709995,  -3.125103)
(126.947350,  -41.709995,  -3.125103)
(-134.773499,  -40.955872,  26.288242)
(-134.773499,  -40.955872,  26.288242)
(-134.773499,  -40.955872,  26.288242)
(-134.773499,  -40.955872,  26.288242)
(-134.773499,  -40.955872,  26.288242)
(-134.773499,  -40.955872,  26.288242)
(-134.773499,  -40.955872,  26.288242)
(-134.773499,  -40.955872,  26.288242)
(-26.200388,  16.880489,  19.725386)
(-26.200388,  16.880489,  19.725386)
(-26.200388,  16.880489,  19.725386)
(-26.200388,  16.880489,  19.725386)
(-26.200388,  16.880489,  19.725386)
(-26.200388,  16.880489,  19.725386)
(-26.200388,  16.880489,  19.725386)
(-26.200388,  16.880489,  19.725386)
(-26.200388,  16.880489,  19.725386)
(-26.200388,  16.880489,  19.725386)
(-26.200388,  16.880489,  19.725386)
(-26.200388,  16.880489,  19.725386)
(-26.200388,  16.880489,  19.725386)
(23.545519,  -34.711452,  -11.924304)
(23.545519,  -34.711452,  -11.924304)
(23.545519,  -34.711452,  -11.924304)
(23.545519,  -34.711452,  -11.924304)
(23.545519,  -34.711452,  -11.924304)
(23.545519,  -34.711452,  -11.924304)
(23.545519,  -34.711452,  -11.924304)
(23.545519,  -34.711452,  -11.924304)
(23.545519,  -34.711452,  -11.924304)
(23.545519,  -34.711452,  -11.924304)
(23.545519,  -34.711452,  -11.924304)
(23.545519,  -34.711452,  -11.924304)
(23.545519,  -34.711452,  -11.924304)
(23.545519,  -34.711452,  -11.924304)
(23.697964,  -34.807980,  -11.946957)
(23.957870,  -34.972553,  -11.985579)
(24.009485,  -35.005234,  -11.993249)
(23.835033,  -34.894772,  -11.967325)
(23.545519,  -34.711452,  -11.924304)
(-29.437632,  -28.023794,  -2.919546)
(-29.833241,  -27.940170,  -2.853729)
(-29.160311,  -28.082411,  -2.965683)
(-29.229088,  -28.067871,  -2.954240)
(-29.524113,  -28.005512,  -2.905158)
(-30.214563,  -27.859566,  -2.790288)
(-26.039610,  14.469810,  19.636768)
(-26.140940,  15.989129,  19.692619)
(-25.970194,  13.428967,  19.598507)
(-26.105864,  15.463225,  19.673285)
(-26.200388,  16.880489,  19.725386)
(-26.200388,  16.880489,  19.725386)
(28.732086,  32.282524,  -1.256131)
(29.090755,  32.930939,  -1.387056)
(28.681717,  32.191467,  -1.237746)
(28.608252,  32.058651,  -1.210929)
(28.843884,  32.484638,  -1.296941)
(29.383919,  33.460934,  -1.494069)
(132.943451,  -47.596142,  8.600930)
(132.943451,  -47.596142,  8.600930)
(132.943451,  -47.596142,  8.600930)
(132.943451,  -47.596142,  8.600930)
(132.943451,  -47.596142,  8.600930)
(132.943451,  -47.596142,  8.600930)
(132.943451,  -47.596142,  8.600930)
(132.943451,  -47.596142,  8.600930)
(-134.343765,  -39.108143,  20.023872)
(-134.343765,  -39.108143,  20.023872)
(-134.343765,  -39.108143,  20.023872)
(-134.343765,  -39.108143,  20.023872)
(-134.343765,  -39.108143,  20.023872)
(-134.343765,  -39.108143,  20.023872)
(-134.343765,  -39.108143,  20.023872)
(-134.343765,  -39.108143,  20.023872)
(101.952896,  -43.784245,  -55.131462)
(-4.920721,  -46.014587,  126.171280)
(93.569038,  -45.749069,  -40.009895)
(-5.865795,  -41.380989,  133.876053)
(12.182353,  -79.272705,  74.588615)
(-15.123636,  -75.606720,  105.348053)
(14.632733,  -76.330498,  81.107353)
(-21.084757,  -97.644638,  86.978882)
(-12.169060,  -89.716171,  106.670547)
(-19.678949,  -100.482399,  93.505096)
(-12.025858,  -89.496811,  106.938301)
(-19.375847,  -100.838501,  92.798546)
(-12.875555,  -98.520821,  94.052086)
(-17.535580,  -107.749245,  81.143997)
(-12.148251,  -90.796646,  105.082138)
(-17.668203,  -107.636368,  81.316750)
(23.737465,  -65.492088,  110.864784)
(97.586166,  -61.731846,  51.659485)
(25.528172,  -62.440769,  111.749680)
(105.822411,  -58.359776,  47.335346)
(32.280029,  -91.817383,  83.036003)
(35.232407,  -90.999260,  81.504608)
(23.780180,  -65.926697,  110.492104)
(45.685547,  -84.305260,  77.883797)
(38.513180,  -110.359879,  61.978149)
(33.383404,  -103.422005,  74.495499)
(38.609417,  -110.401253,  62.007660)
(33.602768,  -104.042313,  72.988426)
(37.703671,  -115.338577,  45.792816)
(36.316360,  -113.602257,  48.684452)
(37.819439,  -113.695724,  50.882423)
(36.279182,  -113.488472,  48.964355)
(117.499603,  -73.741043,  5.716492)
(117.499603,  -73.741043,  5.716492)
(117.499603,  -73.741043,  5.716492)
(117.499603,  -73.741043,  5.716492)
(108.191833,  -86.337845,  26.835701)
(108.191833,  -86.337845,  26.835701)
(108.191833,  -86.337845,  26.835701)
(108.191833,  -86.337845,  26.835701)
(-84.199623,  -84.764633,  52.744781)
(-84.199623,  -84.764633,  52.744781)
(-84.199623,  -84.764633,  52.744781)
(-84.199623,  -84.764633,  52.744781)
(-92.613396,  -85.022774,  28.317608)
(-92.613396,  -85.022774,  28.317608)
(-92.613396,  -85.022774,  28.317608)
(-92.613396,  -85.022774,  28.317608)
