(-4.386718,  135.940842,  -55.859592)
(-0.269145,  145.198090,  -26.397627)
(-4.510270,  135.663071,  -56.743622)
(-0.269094,  145.198212,  -26.397259)
(-4.771292,  135.076248,  -58.611286)
(-0.269094,  145.198212,  -26.397259)
(-4.904706,  134.776291,  -59.565884)
(-0.276690,  145.181122,  -26.451611)
(89.881340,  6.917938,  15.078547)
(132.943451,  -47.596142,  8.600930)
(132.943451,  -47.596142,  8.600930)
(132.943451,  -47.596142,  8.600930)
(132.943451,  -47.596142,  8.600930)
(132.943451,  -47.596142,  8.600930)
(90.696594,  5.885880,  14.955912)
(89.688492,  7.162071,  15.107555)
(103.731407,  -10.615423,  12.995151)
(132.943451,  -47.596142,  8.600930)
(132.943451,  -47.596142,  8.600930)
(132.943451,  -47.596142,  8.600930)
(132.943451,  -47.596142,  8.600930)
(132.943451,  -47.596142,  8.600930)
(132.943451,  -47.596142,  8.600930)
(132.943451,  -47.596142,  8.600930)
(132.943451,  -47.596142,  8.600930)
(132.943451,  -47.596142,  8.600930)
(132.943451,  -47.596142,  8.600930)
(132.943451,  -47.596142,  8.600930)
(132.943451,  -47.596142,  8.600930)
(132.943451,  -47.596142,  8.600930)
(89.572174,  7.309322,  15.125051)
(126.177422,  -39.030743,  9.618711)
(132.943451,  -47.596142,  8.600930)
(132.943451,  -47.596142,  8.600930)
(-0.443525,  144.806061,  -27.645346)
(-4.904706,  134.776291,  -59.565884)
(-0.286322,  145.159470,  -26.520525)
(-4.904706,  134.776291,  -59.565884)
(-0.269142,  145.198105,  -26.397602)
(-4.904706,  134.776291,  -59.565884)
(-0.269093,  145.198212,  -26.397251)
(-4.904706,  134.776291,  -59.565884)
(-0.269530,  145.197235,  -26.400381)
(-4.904706,  134.776291,  -59.565884)
(-0.276131,  145.182373,  -26.447613)
(-4.904706,  134.776291,  -59.565884)
(-0.269223,  145.197906,  -26.398184)
(-4.904706,  134.776291,  -59.565884)
(-0.269095,  145.198212,  -26.397270)
(-4.904706,  134.776291,  -59.565884)
(-0.269093,  145.198212,  -26.397251)
(-4.904706,  134.776291,  -59.565884)
(-0.269951,  145.196289,  -26.403391)
(-4.904706,  134.776291,  -59.565884)
(-0.269142,  145.198105,  -26.397608)
(-4.904706,  134.776291,  -59.565884)
(-0.277899,  145.178421,  -26.460262)
(-4.904706,  134.776291,  -59.565884)
(3.892712,  115.774437,  28.013378)
(3.892712,  115.774437,  28.013378)
(3.892712,  115.774437,  28.013378)
(3.892712,  115.774437,  28.013378)
(3.892712,  115.774437,  28.013378)
(3.892712,  115.774437,  28.013378)
(3.892712,  115.774437,  28.013378)
(3.892712,  115.774437,  28.013378)
(3.892712,  115.774437,  28.013378)
(3.892712,  115.774437,  28.013378)
(3.892712,  115.774437,  28.013378)
(3.892712,  115.774437,  28.013378)
(3.892712,  115.774437,  28.013378)
(3.892712,  115.774437,  28.013378)
(3.892712,  115.774437,  28.013378)
(3.892712,  115.774437,  28.013378)
(3.892712,  115.774437,  28.013378)
(3.892712,  115.774437,  28.013378)
(3.892712,  115.774437,  28.013378)
(3.892712,  115.774437,  28.013378)
(3.892712,  115.774437,  28.013378)
(3.892712,  115.774437,  28.013378)
(3.892712,  115.774437,  28.013378)
(-18.556009,  -86.223045,  -1.419998)
(-18.556009,  -86.223045,  -1.419998)
(-18.556009,  -86.223045,  -1.419998)
(-18.556009,  -86.223045,  -1.419998)
(-18.556009,  -86.223045,  -1.419998)
(-18.556009,  -86.223045,  -1.419998)
(-18.556009,  -86.223045,  -1.419998)
(-18.556009,  -86.223045,  -1.419998)
(-18.556009,  -86.223045,  -1.419998)
(-18.556009,  -86.223045,  -1.419998)
(-18.556009,  -86.223045,  -1.419998)
(-18.556009,  -86.223045,  -1.419998)
(-18.556009,  -86.223045,  -1.419998)
(-18.556009,  -86.223045,  -1.419998)
(-18.556009,  -86.223045,  -1.419998)
(-18.556009,  -86.223045,  -1.419998)
(-18.556009,  -86.223045,  -1.419998)
(-18.556009,  -86.223045,  -1.419998)
(-18.556009,  -86.223045,  -1.419998)
(-18.556009,  -86.223045,  -1.419998)
(-18.556009,  -86.223045,  -1.419998)
(-18.556009,  -86.223045,  -1.419998)
(-18.556009,  -86.223045,  -1.419998)
(-18.556009,  -86.223045,  -1.419998)
(-18.556009,  -86.223045,  -1.419998)
(-18.556009,  -86.223045,  -1.419998)
(-21.206434,  -57.998451,  16.972839)
(-21.206434,  -57.998451,  16.972839)
(-21.206434,  -57.998451,  16.972839)
(-21.206434,  -57.998451,  16.972839)
(-21.206434,  -57.998451,  16.972839)
(-21.206434,  -57.998451,  16.972839)
(-21.206434,  -57.998451,  16.972839)
(-21.206434,  -57.998451,  16.972839)
(-21.206434,  -57.998451,  16.972839)
(-21.206434,  -57.998451,  16.972839)
(-21.206434,  -57.998451,  16.972839)
(-21.206434,  -57.998451,  16.972839)
(-21.206434,  -57.998451,  16.972839)
(-21.206434,  -57.998451,  16.972839)
(-21.206434,  -57.998451,  16.972839)
(-21.206434,  -57.998451,  16.972839)
(-21.206434,  -57.998451,  16.972839)
(-21.206434,  -57.998451,  16.972839)
(-21.206434,  -57.998451,  16.972839)
(-21.206434,  -57.998451,  16.972839)
(-21.206434,  -57.998451,  16.972839)
(-21.206434,  -57.998451,  16.972839)
(-18.556009,  -86.223045,  -1.419998)
(-18.556009,  -86.223045,  -1.419998)
(-18.556009,  -86.223045,  -1.419998)
(-18.556009,  -86.223045,  -1.419998)
(-18.556009,  -86.223045,  -1.419998)
(-18.556009,  -86.223045,  -1.419998)
(4.366521,  155.620132,  6.771383)
(4.366521,  155.620132,  6.771383)
(4.366521,  155.620132,  6.771383)
(4.366521,  155.620132,  6.771383)
(4.366521,  155.620132,  6.771383)
(4.366521,  155.620132,  6.771383)
(4.366521,  155.620132,  6.771383)
(4.366521,  155.620132,  6.771383)
(4.366521,  155.620132,  6.771383)
(4.366521,  155.620132,  6.771383)
(4.366521,  155.620132,  6.771383)
(4.366521,  155.620132,  6.771383)
(4.366521,  155.620132,  6.771383)
(4.366521,  155.620132,  6.771383)
(4.366521,  155.620132,  6.771383)
(4.366521,  155.620132,  6.771383)
(4.366521,  155.620132,  6.771383)
(4.366521,  155.620132,  6.771383)
(4.366521,  155.620132,  6.771383)
(4.366521,  155.620132,  6.771383)
(4.366521,  155.620132,  6.771383)
(4.366521,  155.620132,  6.771383)
(4.366521,  155.620132,  6.771383)
(4.366521,  155.620132,  6.771383)
(4.366521,  155.620132,  6.771383)
(4.366521,  155.620132,  6.771383)
(4.366521,  155.620132,  6.771383)
(4.366521,  155.620132,  6.771383)
(4.366521,  155.620132,  6.771383)
(4.366521,  155.620132,  6.771383)
(4.366521,  155.620132,  6.771383)
(4.366521,  155.620132,  6.771383)
(4.366521,  155.620132,  6.771383)
(4.366521,  155.620132,  6.771383)
(4.366521,  155.620132,  6.771383)
(4.366521,  155.620132,  6.771383)
(4.366521,  155.620132,  6.771383)
(4.366521,  155.620132,  6.771383)
(4.366521,  155.620132,  6.771383)
(4.366521,  155.620132,  6.771383)
(4.366521,  155.620132,  6.771383)
(4.366521,  155.620132,  6.771383)
(4.366521,  155.620132,  6.771383)
(4.366521,  155.620132,  6.771383)
(4.366521,  155.620132,  6.771383)
(4.366521,  155.620132,  6.771383)
(4.366521,  155.620132,  6.771383)
(4.366521,  155.620132,  6.771383)
(4.366521,  155.620132,  6.771383)
(4.366521,  155.620132,  6.771383)
(4.366521,  155.620132,  6.771383)
(4.366521,  155.620132,  6.771383)
(4.366521,  155.620132,  6.771383)
(4.366521,  155.620132,  6.771383)
(4.366521,  155.620132,  6.771383)
(4.366521,  155.620132,  6.771383)
(4.366521,  155.620132,  6.771383)
(4.366521,  155.620132,  6.771383)
(4.366521,  155.620132,  6.771383)
(4.366521,  155.620132,  6.771383)
(4.366521,  155.620132,  6.771383)
(4.366521,  155.620132,  6.771383)
(4.366521,  155.620132,  6.771383)
(3.892712,  115.774437,  28.013378)
(3.892712,  115.774437,  28.013378)
(3.892712,  115.774437,  28.013378)
(3.892712,  115.774437,  28.013378)
(3.892712,  115.774437,  28.013378)
(3.892712,  115.774437,  28.013378)
(3.892712,  115.774437,  28.013378)
(3.892712,  115.774437,  28.013378)
(3.892712,  115.774437,  28.013378)
(3.892712,  115.774437,  28.013378)
(3.892712,  115.774437,  28.013378)
(3.892712,  115.774437,  28.013378)
(0.168998,  83.376755,  28.588081)
(0.404199,  85.427139,  27.400120)
(0.042384,  82.272980,  29.227587)
(0.115425,  82.909729,  28.858665)
(0.290365,  84.434784,  27.975079)
(0.490233,  86.177147,  26.965580)
(0.278166,  84.328430,  28.036692)
(0.113873,  82.896202,  28.866505)
(0.180594,  83.477844,  28.529512)
(0.000004,  81.903542,  29.441637)
(0.000004,  81.903542,  29.441637)
(126.947350,  -41.709995,  -3.125103)
(126.947350,  -41.709995,  -3.125103)
(126.947350,  -41.709995,  -3.125103)
(126.947350,  -41.709995,  -3.125103)
(132.943451,  -47.596142,  8.600930)
(132.943451,  -47.596142,  8.600930)
(132.943451,  -47.596142,  8.600930)
(132.943451,  -47.596142,  8.600930)
(126.947350,  -41.709995,  -3.125103)
(126.947350,  -41.709995,  -3.125103)
(126.947350,  -41.709995,  -3.125103)
(126.947350,  -41.709995,  -3.125103)
(132.943451,  -47.596142,  8.600930)
(132.943451,  -47.596142,  8.600930)
(132.943451,  -47.596142,  8.600930)
(132.943451,  -47.596142,  8.600930)
(132.943451,  -47.596142,  8.600930)
(132.943451,  -47.596142,  8.600930)
(132.943451,  -47.596142,  8.600930)
(132.943451,  -47.596142,  8.600930)
(-18.556009,  -86.223045,  -1.419998)
(-18.556009,  -86.223045,  -1.419998)
(-18.556009,  -86.223045,  -1.419998)
(-18.556009,  -86.223045,  -1.419998)
(-7.594330,  13.095142,  16.811037)
(-6.930109,  19.113312,  17.915743)
(-7.147856,  17.140415,  17.553595)
(-7.022039,  18.280380,  17.762850)
(-18.556009,  -86.223045,  -1.419998)
(-18.556009,  -86.223045,  -1.419998)
(-18.556009,  -86.223045,  -1.419998)
(-18.556009,  -86.223045,  -1.419998)
(-18.556009,  -86.223045,  -1.419998)
(-18.556009,  -86.223045,  -1.419998)
(-18.556009,  -86.223045,  -1.419998)
(-18.556009,  -86.223045,  -1.419998)
(-7.154552,  17.079754,  17.542459)
(-7.356184,  15.252865,  17.207113)
(-18.556009,  -86.223045,  -1.419998)
(-18.556009,  -86.223045,  -1.419998)
(-7.041125,  18.107452,  17.731106)
(-7.119845,  17.394211,  17.600182)
(-18.556009,  -86.223045,  -1.419998)
(-18.556009,  -86.223045,  -1.419998)
(-0.000000,  -0.000001,  -0.000000)
(-0.000000,  -0.000000,  -0.000000)
(-0.000000,  -0.000000,  -0.000000)
(-0.000000,  -0.000000,  -0.000000)
(-0.000000,  -0.000000,  -0.000000)
(-0.000000,  -0.000000,  -0.000000)
(0.000000,  -0.000000,  -0.000000)
(0.000000,  -0.000000,  -0.000000)
(0.000000,  -0.000000,  -0.000000)
(0.000000,  -0.000000,  -0.000000)
(0.000000,  -0.000000,  -0.000000)
(0.000000,  -0.000000,  -0.000000)
(0.000000,  -0.000000,  -0.000000)
(0.000000,  -0.000000,  -0.000000)
(0.000000,  -0.000000,  -0.000000)
(0.000000,  -0.000000,  -0.000000)
(-0.000000,  -0.000000,  0.000000)
(-0.000000,  -0.000000,  0.000000)
(-0.000000,  -0.000000,  0.000000)
(-0.000000,  -0.000000,  0.000000)
(-0.000000,  -0.000000,  0.000000)
(-0.000000,  -0.000000,  0.000000)
(-0.000000,  -0.000000,  0.000000)
(-0.000000,  -0.000000,  0.000000)
(-0.000000,  -0.000000,  0.000000)
(-0.000000,  -0.000000,  0.000000)
(-0.000000,  -0.000000,  0.000000)
(-0.000000,  -0.000000,  0.000000)
(-0.000000,  -0.000000,  0.000000)
(-0.000000,  -0.000000,  0.000000)
(-0.000000,  0.000000,  -0.000000)
(-0.000000,  0.000000,  -0.000000)
(-0.000000,  0.000000,  -0.000000)
(-0.000000,  0.000000,  -0.000000)
(-0.000000,  0.000000,  -0.000000)
(-0.000000,  0.000000,  -0.000000)
(-0.000000,  0.000000,  -0.000000)
(-0.000000,  0.000000,  -0.000000)
(-0.000000,  0.000000,  -0.000000)
(-0.000000,  0.000000,  -0.000000)
(-0.000000,  0.000000,  -0.000000)
(-0.000000,  0.000000,  -0.000000)
(0.000000,  0.000000,  -0.000000)
(0.000000,  0.000000,  -0.000000)
(0.000000,  0.000000,  -0.000000)
(0.000000,  0.000000,  -0.000000)
(0.000000,  0.000000,  -0.000000)
(0.000000,  0.000000,  -0.000000)
(0.000000,  0.000000,  -0.000000)
(0.000000,  0.000000,  -0.000000)
(0.000000,  0.000000,  -0.000000)
(0.000000,  0.000000,  -0.000000)
(0.000000,  0.000000,  -0.000000)
(0.000000,  0.000000,  -0.000000)
(0.000000,  0.000000,  -0.000000)
(0.000000,  0.000000,  -0.000000)
(0.000000,  0.000000,  -0.000000)
(0.000000,  0.000000,  -0.000000)
(0.000000,  0.000000,  -0.000000)
(0.000000,  0.000000,  -0.000000)
(0.000000,  0.000000,  -0.000000)
(0.000000,  0.000000,  -0.000000)
(0.000000,  0.000000,  -0.000000)
(0.000000,  0.000000,  -0.000000)
(0.000000,  0.000000,  -0.000000)
(0.000000,  0.000000,  -0.000000)
(-0.000000,  0.000000,  0.000000)
(-0.000000,  0.000000,  0.000000)
(-0.000000,  0.000000,  0.000000)
(-0.000000,  0.000000,  0.000000)
(-0.000000,  0.000000,  -0.000000)
(-0.000000,  0.000000,  -0.000000)
(-0.000000,  0.000000,  -0.000000)
(-0.000000,  0.000000,  -0.000000)
(-0.000000,  -0.000000,  -0.000000)
(-0.000000,  -0.000000,  -0.000000)
(-0.000000,  -0.000000,  -0.000000)
(-0.000000,  -0.000000,  -0.000000)
(-0.000000,  -0.000000,  -0.000000)
(-0.000000,  -0.000000,  -0.000000)
(-0.000000,  -0.000000,  -0.000000)
(-0.000000,  -0.000000,  -0.000000)
(-0.000000,  -0.000000,  -0.000000)
(-0.000000,  -0.000000,  -0.000000)
(-0.000000,  -0.000000,  -0.000000)
(-0.000000,  -0.000000,  -0.000000)
(-0.000000,  -0.000000,  -0.000000)
(-0.000000,  -0.000000,  -0.000000)
(-0.000000,  -0.000000,  -0.000000)
(-0.000000,  -0.000000,  -0.000000)
(-0.000000,  -0.000000,  -0.000000)
(-0.000000,  -0.000000,  -0.000000)
(-0.000000,  -0.000000,  -0.000000)
(-0.000000,  -0.000000,  -0.000000)
(-0.000000,  -0.000000,  -0.000000)
(-0.000000,  -0.000000,  -0.000000)
(-0.000000,  -0.000000,  -0.000000)
(-0.000000,  -0.000000,  -0.000000)
(-0.000000,  -0.000000,  -0.000000)
(-0.000000,  -0.000000,  -0.000000)
(-0.000000,  -0.000000,  -0.000000)
(-0.000000,  -0.000000,  -0.000000)
(-0.000000,  -0.000000,  -0.000000)
(-0.000000,  -0.000000,  -0.000000)
(-0.000000,  -0.000000,  -0.000000)
(-0.000000,  -0.000000,  -0.000000)
(-0.000000,  -0.000000,  -0.000000)
(-0.000000,  -0.000000,  -0.000000)
(-0.000000,  -0.000000,  -0.000000)
(0.000000,  0.000000,  -0.000000)
(0.000000,  0.000000,  -0.000000)
(0.000000,  0.000000,  -0.000000)
(0.000000,  0.000000,  -0.000000)
(0.000000,  0.000000,  -0.000000)
(0.000000,  0.000000,  -0.000000)
(0.000000,  0.000000,  -0.000000)
(0.000000,  0.000000,  -0.000000)
(0.000000,  -0.000000,  -0.000000)
(0.000000,  -0.000000,  -0.000000)
(0.000000,  -0.000000,  -0.000000)
(0.000000,  -0.000000,  -0.000000)
(0.000000,  -0.000000,  -0.000000)
(0.000000,  -0.000000,  -0.000000)
(0.000000,  -0.000000,  -0.000000)
(0.000000,  -0.000000,  -0.000000)
(-0.000000,  0.000000,  -0.000000)
(-0.000000,  0.000000,  -0.000000)
(-0.000000,  0.000000,  -0.000000)
(-0.000000,  0.000000,  -0.000000)
(-0.000000,  0.000000,  -0.000000)
(-0.000000,  0.000000,  -0.000000)
(-0.000000,  0.000000,  -0.000000)
(-0.000000,  0.000000,  -0.000000)
(-0.000000,  0.000000,  -0.000000)
(-0.000000,  0.000000,  -0.000000)
(-0.000000,  0.000000,  -0.000000)
(-0.000000,  0.000000,  -0.000000)
(0.000000,  0.000000,  -0.000000)
(0.000000,  0.000000,  -0.000000)
(0.000000,  0.000000,  -0.000000)
(0.000000,  0.000000,  -0.000000)
(0.000000,  0.000000,  -0.000000)
(0.000000,  0.000000,  -0.000000)
(0.000000,  0.000000,  -0.000000)
(0.000000,  0.000000,  -0.000000)
(0.000000,  0.000000,  -0.000000)
(0.000000,  0.000000,  -0.000000)
(0.000000,  0.000000,  -0.000000)
(0.000000,  0.000000,  -0.000000)
(0.000000,  0.000000,  -0.000000)
(0.000000,  0.000000,  -0.000000)
(0.000000,  0.000000,  -0.000000)
(0.000000,  0.000000,  -0.000000)
(0.000000,  -0.000000,  0.000000)
(0.000000,  -0.000001,  0.000000)
(0.000000,  -0.000000,  0.000000)
(0.000000,  -0.000001,  0.000000)
(0.000000,  -0.000000,  0.000000)
(0.000000,  -0.000001,  0.000000)
(0.000000,  -0.000000,  0.000000)
(0.000000,  -0.000001,  0.000000)
(0.000000,  -0.000000,  0.000000)
(0.000000,  -0.000001,  0.000000)
(0.000000,  -0.000000,  0.000000)
(0.000000,  -0.000001,  0.000000)
(0.000000,  -0.000000,  -0.000000)
(0.000000,  0.000000,  -0.000000)
(0.000000,  0.000000,  -0.000000)
(0.000000,  0.000000,  -0.000000)
(0.000000,  0.000000,  -0.000000)
(0.000000,  0.000000,  -0.000000)
(0.000000,  -0.000000,  -0.000000)
(0.000000,  -0.000000,  -0.000000)
(0.000000,  0.000000,  -0.000000)
(0.000000,  0.000000,  -0.000000)
(0.000000,  0.000000,  -0.000000)
(0.000000,  0.000000,  -0.000000)
(0.000000,  0.000000,  -0.000000)
(0.000000,  0.000000,  -0.000000)
(0.000000,  0.000000,  -0.000000)
(0.000000,  0.000000,  -0.000000)
(0.000000,  0.000000,  -0.000000)
(0.000000,  0.000000,  -0.000000)
(0.000000,  0.000000,  -0.000000)
(0.000000,  0.000000,  -0.000000)
(0.000000,  0.000000,  -0.000000)
(0.000000,  0.000000,  -0.000000)
(0.000000,  -0.000000,  -0.000000)
(0.000000,  0.000000,  -0.000000)
(0.000000,  0.000000,  -0.000000)
(0.000000,  0.000000,  -0.000000)
(0.000000,  -0.000001,  0.000000)
(0.000000,  -0.000000,  0.000000)
(0.000000,  -0.000001,  0.000000)
(0.000000,  -0.000000,  0.000000)
(0.000000,  -0.000001,  0.000000)
(0.000000,  -0.000000,  0.000000)
(0.000000,  -0.000001,  0.000000)
(0.000000,  -0.000000,  0.000000)
(0.000000,  -0.000001,  0.000000)
(0.000000,  -0.000000,  0.000000)
(0.000000,  -0.000001,  0.000000)
(0.000000,  -0.000000,  0.000000)
(0.000000,  -0.000001,  0.000000)
(0.000000,  -0.000000,  0.000000)
(0.000000,  -0.000001,  0.000000)
(0.000000,  -0.000000,  0.000000)
(0.000000,  -0.000001,  0.000000)
(0.000000,  -0.000000,  0.000000)
(0.000000,  -0.000001,  0.000000)
(0.000000,  -0.000000,  0.000000)
(0.000000,  -0.000001,  0.000000)
(0.000000,  -0.000000,  0.000000)
(0.000000,  -0.000001,  0.000000)
(0.000000,  -0.000000,  0.000000)
(-0.000000,  -0.000000,  -0.000000)
(-0.000000,  -0.000000,  -0.000000)
(-0.000000,  -0.000000,  -0.000000)
(-0.000000,  -0.000000,  -0.000000)
(-0.000000,  -0.000000,  -0.000000)
(-0.000000,  -0.000000,  -0.000000)
(-0.000000,  -0.000000,  -0.000000)
(-0.000000,  -0.000000,  -0.000000)
(-0.000000,  -0.000000,  -0.000000)
(-0.000000,  -0.000000,  -0.000000)
(-0.000000,  -0.000000,  -0.000000)
(-0.000000,  -0.000000,  -0.000000)
(-0.000000,  -0.000000,  -0.000000)
(-0.000000,  -0.000000,  -0.000000)
(-0.000000,  -0.000000,  -0.000000)
(-0.000000,  -0.000000,  -0.000000)
(-0.000000,  -0.000000,  -0.000000)
(-0.000000,  -0.000000,  -0.000000)
(-0.000000,  -0.000000,  -0.000000)
(-0.000000,  -0.000000,  -0.000000)
(-0.000000,  -0.000000,  -0.000000)
(-0.000000,  -0.000000,  -0.000000)
(-0.000000,  -0.000000,  -0.000000)
(-0.000000,  -0.000000,  -0.000000)
(-0.000000,  -0.000000,  -0.000000)
(-0.000000,  -0.000000,  -0.000000)
(-0.000000,  -0.000000,  -0.000000)
(-0.000000,  -0.000000,  -0.000000)
(-0.000000,  -0.000000,  -0.000000)
(-0.000000,  -0.000000,  -0.000000)
(-0.000000,  -0.000000,  -0.000000)
(-0.000000,  0.000000,  0.000000)
(-0.000000,  0.000000,  0.000000)
(-0.000000,  0.000000,  0.000000)
(-0.000000,  0.000000,  0.000000)
(-0.000000,  0.000000,  0.000000)
(-0.000000,  0.000000,  0.000000)
(-0.000000,  0.000000,  0.000000)
(-0.000000,  0.000000,  0.000000)
(-0.000000,  0.000000,  0.000000)
(-0.000000,  0.000000,  0.000000)
(-0.000000,  0.000000,  0.000000)
(-0.000000,  0.000000,  0.000000)
(-0.000000,  0.000000,  0.000000)
(-0.000000,  0.000000,  0.000000)
(-0.000000,  0.000000,  0.000000)
(-0.000000,  0.000000,  0.000000)
(-0.000000,  0.000000,  0.000000)
(-0.000000,  0.000000,  0.000000)
(-0.000000,  0.000000,  0.000000)
(-0.000000,  0.000000,  0.000000)
(-0.000000,  0.000000,  0.000000)
(-0.000000,  0.000000,  0.000000)
(-0.000000,  0.000000,  0.000000)
(-0.000000,  0.000000,  0.000000)
(-0.000000,  0.000000,  0.000000)
(-0.000000,  0.000000,  0.000000)
(-0.000000,  0.000000,  0.000000)
(-0.000000,  0.000000,  0.000000)
(-0.000000,  0.000000,  0.000000)
(-0.000000,  0.000000,  0.000000)
(-0.000000,  0.000000,  0.000000)
(-0.000000,  0.000000,  0.000000)
(-0.000000,  0.000000,  0.000000)
(-0.000000,  0.000000,  0.000000)
(-0.000000,  0.000000,  0.000000)
(-0.000000,  0.000000,  0.000000)
(-0.000000,  0.000000,  0.000000)
(-0.000000,  0.000000,  0.000000)
(-0.000000,  0.000000,  0.000000)
(-0.000000,  0.000000,  0.000000)
(-0.000000,  0.000000,  0.000000)
(-0.000000,  0.000000,  0.000000)
(-0.000000,  0.000000,  0.000000)
(-0.000000,  0.000000,  0.000000)
(-0.000000,  0.000000,  0.000000)
(-0.000000,  0.000000,  0.000000)
(-0.000000,  0.000000,  0.000000)
(-0.000000,  0.000000,  0.000000)
(-0.000000,  0.000000,  0.000000)
(-0.000000,  0.000000,  0.000000)
(-0.000000,  0.000000,  0.000000)
(-0.000000,  0.000000,  0.000000)
(-0.000000,  0.000000,  0.000000)
(-0.000000,  0.000000,  0.000000)
(-0.000000,  -0.000000,  -0.000000)
(-0.000000,  -0.000000,  -0.000000)
(-0.000000,  -0.000000,  -0.000000)
(-0.000000,  -0.000000,  -0.000000)
(-0.000000,  -0.000000,  -0.000000)
(-0.000000,  -0.000000,  -0.000000)
(-0.000000,  -0.000000,  -0.000000)
(-0.000000,  -0.000000,  -0.000000)
(-0.000000,  -0.000000,  -0.000000)
(-0.000000,  -0.000000,  -0.000000)
(-0.000000,  -0.000000,  -0.000000)
(-0.000000,  -0.000000,  -0.000000)
(-0.000000,  -0.000000,  -0.000000)
(-0.000000,  -0.000000,  -0.000000)
(-0.000000,  -0.000000,  -0.000000)
(-0.000000,  -0.000000,  -0.000000)
(-0.000000,  -0.000000,  -0.000000)
(-0.000000,  -0.000000,  -0.000000)
(-0.000000,  -0.000000,  -0.000000)
(-0.000000,  -0.000000,  -0.000000)
(-0.000000,  -0.000000,  -0.000000)
(-0.000000,  -0.000000,  -0.000000)
(-0.000000,  -0.000000,  -0.000000)
(-0.000000,  -0.000000,  -0.000000)
(-0.000000,  -0.000000,  -0.000000)
(-0.000000,  -0.000000,  -0.000000)
(-0.000000,  -0.000000,  -0.000000)
(-0.000000,  -0.000000,  -0.000000)
(-0.000000,  -0.000000,  -0.000000)
(-0.000000,  -0.000000,  -0.000000)
(-0.000000,  -0.000000,  -0.000000)
(-0.000000,  -0.000000,  -0.000000)
(-0.000000,  -0.000000,  -0.000000)
(-0.000000,  -0.000000,  -0.000000)
(-0.000000,  -0.000000,  -0.000000)
(-0.000000,  -0.000000,  -0.000000)
(-0.000000,  -0.000000,  -0.000000)
(-0.000000,  -0.000000,  -0.000000)
(-0.000000,  -0.000000,  -0.000000)
(-0.000000,  -0.000000,  -0.000000)
(-0.000000,  -0.000000,  -0.000000)
(-0.000000,  -0.000000,  -0.000000)
(-0.000000,  -0.000000,  -0.000000)
(-0.000000,  -0.000000,  -0.000000)
(-0.000000,  -0.000000,  -0.000000)
(-0.000000,  -0.000000,  -0.000000)
(-0.000000,  -0.000000,  -0.000000)
(-0.000000,  -0.000000,  -0.000000)
(-0.000000,  -0.000000,  -0.000000)
(-0.000000,  -0.000000,  -0.000000)
(-0.000000,  -0.000000,  -0.000000)
(-0.000000,  -0.000000,  -0.000000)
(-0.000000,  -0.000000,  -0.000000)
(-0.000000,  -0.000000,  -0.000000)
(-0.000000,  -0.000000,  -0.000000)
(-0.000000,  -0.000000,  -0.000000)
(-0.000000,  -0.000000,  -0.000000)
(-0.000000,  -0.000000,  -0.000000)
(-0.000000,  -0.000000,  -0.000000)
(-0.000000,  -0.000000,  -0.000000)
(-0.000000,  -0.000000,  -0.000000)
(-0.000000,  -0.000000,  -0.000000)
(-0.000000,  -0.000000,  -0.000000)
(-0.000000,  -0.000000,  -0.000000)
(-0.000000,  -0.000000,  -0.000000)
(-0.000000,  -0.000000,  -0.000000)
(-0.000000,  -0.000000,  -0.000000)
(-0.000000,  -0.000000,  -0.000000)
(-0.000000,  -0.000000,  -0.000000)
(-0.000000,  -0.000000,  -0.000000)
(-0.000000,  -0.000000,  -0.000000)
(-0.000000,  -0.000000,  -0.000000)
(-0.000000,  -0.000000,  -0.000000)
(-0.000000,  -0.000000,  -0.000000)
(-0.000000,  -0.000000,  -0.000000)
(-0.000000,  -0.000000,  -0.000000)
(-0.000000,  -0.000000,  -0.000000)
(-0.000000,  -0.000000,  -0.000000)
(-0.000000,  -0.000000,  -0.000000)
(-0.000000,  -0.000000,  -0.000000)
(-0.000000,  -0.000000,  -0.000000)
(-0.000000,  -0.000000,  -0.000000)
(-0.000000,  -0.000000,  -0.000000)
(-0.000000,  -0.000000,  -0.000000)
(-0.000000,  -0.000000,  -0.000000)
(-0.000000,  -0.000000,  -0.000000)
(-0.000000,  -0.000000,  -0.000000)
(-0.000000,  -0.000000,  -0.000000)
(-0.000000,  -0.000000,  -0.000000)
(-0.000000,  -0.000000,  -0.000000)
(-0.000000,  -0.000000,  -0.000000)
(-0.000000,  -0.000000,  -0.000000)
(-0.000000,  -0.000000,  -0.000000)
(-0.000000,  -0.000000,  -0.000000)
(-0.000000,  -0.000000,  -0.000000)
(-0.000000,  -0.000000,  -0.000000)
(-0.000000,  -0.000000,  -0.000000)
(-0.000000,  -0.000000,  -0.000000)
(0.000000,  0.000000,  -0.000000)
(0.000000,  0.000000,  -0.000000)
(0.000000,  0.000000,  -0.000000)
(0.000000,  0.000000,  -0.000000)
(0.000000,  0.000000,  -0.000000)
(0.000000,  0.000000,  -0.000000)
(0.000000,  0.000000,  -0.000000)
(0.000000,  0.000000,  -0.000000)
(0.000000,  0.000000,  -0.000000)
(0.000000,  0.000000,  -0.000000)
(0.000000,  0.000000,  -0.000000)
(0.000000,  0.000000,  -0.000000)
(0.000000,  0.000000,  -0.000000)
(0.000000,  0.000000,  -0.000000)
(0.000000,  0.000000,  -0.000000)
(0.000000,  0.000000,  -0.000000)
(0.000000,  0.000000,  -0.000000)
(0.000000,  0.000000,  -0.000000)
(0.000000,  0.000000,  -0.000000)
(0.000000,  0.000000,  -0.000000)
(-0.000000,  0.000000,  0.000000)
(-0.000000,  0.000000,  0.000000)
(-0.000000,  0.000000,  0.000000)
(-0.000000,  0.000000,  0.000000)
(-0.000000,  -0.000000,  -0.000000)
(-0.000000,  -0.000000,  -0.000000)
(-0.000000,  -0.000000,  -0.000000)
(-0.000000,  -0.000000,  -0.000000)
(-0.000000,  0.000000,  0.000000)
(-0.000000,  0.000000,  0.000000)
(-0.000000,  0.000000,  0.000000)
(-0.000000,  0.000000,  0.000000)
(-0.000000,  0.000000,  0.000000)
(-0.000000,  0.000000,  0.000000)
(-0.000000,  0.000000,  0.000000)
(-0.000000,  0.000000,  0.000000)
(-0.000000,  -0.000000,  -0.000000)
(-0.000000,  -0.000000,  -0.000000)
(-0.000000,  0.000000,  0.000000)
(-0.000000,  0.000000,  0.000000)
(-0.000000,  -0.000000,  -0.000000)
(-0.000000,  -0.000000,  -0.000000)
(-0.000000,  0.000000,  0.000000)
(-0.000000,  0.000000,  0.000000)
(-0.000000,  -0.000000,  -0.000000)
(-0.000000,  -0.000000,  -0.000000)
(-0.000000,  -0.000000,  -0.000000)
(-0.000000,  -0.000000,  -0.000000)
(-0.000000,  -0.000000,  -0.000000)
(-0.000000,  -0.000000,  -0.000000)
(-0.000000,  -0.000000,  -0.000000)
(-0.000000,  -0.000000,  -0.000000)
(-0.000000,  -0.000000,  -0.000000)
(-0.000000,  -0.000000,  -0.000000)
(-0.000000,  0.000000,  0.000000)
(-0.000000,  0.000000,  0.000000)
(-0.000000,  0.000000,  0.000000)
(-0.000000,  0.000000,  0.000000)
(-0.000000,  0.000000,  0.000000)
(-0.000000,  0.000000,  0.000000)
(-0.000000,  0.000000,  0.000000)
(-0.000000,  0.000000,  0.000000)
(-0.000000,  0.000000,  0.000000)
(-0.000000,  0.000000,  0.000000)
(0.000000,  0.000000,  0.000000)
(0.000000,  0.000000,  0.000000)
(0.000000,  0.000000,  0.000000)
(0.000000,  0.000000,  0.000000)
(0.000000,  0.000000,  0.000000)
(0.000000,  0.000000,  0.000000)
(0.000000,  0.000000,  0.000000)
(0.000000,  0.000000,  0.000000)
(0.000000,  0.000000,  0.000000)
(0.000000,  0.000000,  0.000000)
(0.000000,  0.000000,  0.000000)
(0.000000,  0.000000,  0.000000)
(0.000000,  0.000000,  0.000000)
(0.000000,  0.000000,  0.000000)
(-0.000000,  0.000000,  0.000000)
(0.000000,  0.000000,  -0.000000)
(-0.000000,  0.000000,  0.000000)
(0.000000,  0.000000,  -0.000000)
(-0.000000,  0.000000,  0.000000)
(0.000000,  0.000000,  -0.000000)
(-0.000000,  0.000000,  0.000000)
(0.000000,  0.000000,  -0.000000)
(0.000000,  0.000000,  -0.000000)
(0.000000,  0.000000,  -0.000000)
(0.000000,  0.000000,  -0.000000)
(0.000000,  0.000000,  -0.000000)
(-0.000000,  0.000000,  0.000000)
(-0.000000,  0.000000,  0.000000)
(-0.000000,  0.000000,  0.000000)
(-0.000000,  0.000000,  0.000000)
(-0.000000,  0.000000,  0.000000)
(-0.000000,  0.000000,  0.000000)
(-0.000000,  0.000000,  0.000000)
(-0.000000,  0.000000,  0.000000)
(-0.000000,  0.000000,  0.000000)
(-0.000000,  0.000000,  0.000000)
(-0.000000,  0.000000,  0.000000)
(-0.000000,  0.000000,  0.000000)
(-0.000000,  0.000000,  0.000000)
(-0.000000,  0.000000,  0.000000)
(-0.000000,  0.000000,  0.000000)
(-0.000000,  0.000000,  0.000000)
(-0.000000,  0.000000,  0.000000)
(-0.000000,  0.000000,  0.000000)
(-0.000000,  0.000000,  0.000000)
(-0.000000,  0.000000,  0.000000)
(-0.000000,  0.000000,  0.000000)
(-0.000000,  0.000000,  0.000000)
(-0.000000,  0.000000,  0.000000)
(-0.000000,  0.000000,  0.000000)
(0.000000,  0.000000,  -0.000000)
(0.000000,  0.000000,  -0.000000)
(0.000000,  0.000000,  -0.000000)
(0.000000,  0.000000,  -0.000000)
(0.000000,  0.000000,  -0.000000)
(0.000000,  0.000000,  -0.000000)
(0.000000,  0.000000,  -0.000000)
(0.000000,  0.000000,  -0.000000)
(-0.000000,  -0.000000,  -0.000000)
(-0.000000,  -0.000000,  -0.000000)
(-0.000000,  -0.000000,  -0.000000)
(-0.000000,  -0.000000,  -0.000000)
(-0.000000,  -0.000000,  -0.000000)
(-0.000000,  -0.000000,  -0.000000)
(-0.000000,  -0.000000,  -0.000000)
(-0.000000,  -0.000000,  -0.000000)
(-0.000000,  -0.000000,  -0.000000)
(-0.000000,  -0.000000,  -0.000000)
(-0.000000,  -0.000000,  -0.000000)
(-0.000000,  -0.000000,  -0.000000)
(-0.000000,  -0.000000,  -0.000000)
(-0.000000,  -0.000000,  -0.000000)
(-0.000000,  -0.000000,  -0.000000)
(-0.000000,  -0.000000,  -0.000000)
(-0.000000,  -0.000000,  -0.000000)
(-0.000000,  -0.000000,  -0.000000)
(-0.000000,  -0.000000,  -0.000000)
(-0.000000,  -0.000000,  -0.000000)
(-0.000000,  -0.000000,  -0.000000)
(-0.000000,  -0.000000,  -0.000000)
(-0.000000,  -0.000000,  -0.000000)
(-0.000000,  -0.000000,  -0.000000)
(-0.000000,  -0.000000,  -0.000000)
(-0.000000,  -0.000000,  -0.000000)
(-0.000000,  -0.000000,  -0.000000)
(-0.000000,  -0.000000,  -0.000000)
(-0.000000,  -0.000000,  -0.000000)
(-0.000000,  -0.000000,  -0.000000)
(-0.000000,  -0.000000,  -0.000000)
(-0.000000,  -0.000000,  -0.000000)
(-0.000000,  -0.000000,  -0.000000)
(-0.000000,  -0.000000,  -0.000000)
(-0.000000,  -0.000000,  -0.000000)
(-0.000000,  0.000000,  0.000000)
(-0.000000,  0.000000,  0.000000)
(-0.000000,  0.000000,  0.000000)
(-0.000000,  0.000000,  0.000000)
(-0.000000,  0.000000,  0.000000)
(-0.000000,  0.000000,  0.000000)
(-0.000000,  0.000000,  0.000000)
(-0.000000,  0.000000,  0.000000)
(-0.000000,  0.000000,  0.000000)
(-0.000000,  0.000000,  0.000000)
(-0.000000,  0.000000,  0.000000)
(-0.000000,  0.000000,  0.000000)
(-0.000000,  0.000000,  0.000000)
(-0.000000,  0.000000,  0.000000)
(-0.000000,  0.000000,  0.000000)
(-0.000000,  0.000000,  0.000000)
(-0.000000,  0.000000,  -0.000000)
(-0.000000,  0.000000,  0.000000)
(-0.000000,  0.000000,  0.000000)
(0.000000,  0.000000,  -0.000000)
(0.000000,  0.000000,  -0.000000)
(0.000000,  0.000000,  -0.000000)
(0.000000,  0.000000,  -0.000000)
(0.000000,  0.000000,  -0.000000)
(0.000000,  0.000000,  -0.000000)
(0.000000,  0.000000,  -0.000000)
(0.000000,  0.000000,  -0.000000)
(0.000000,  0.000000,  -0.000000)
(-0.000000,  0.000000,  -0.000000)
(-0.000000,  0.000000,  -0.000000)
(-0.000000,  0.000000,  -0.000000)
(-0.000000,  0.000000,  -0.000000)
(-0.000000,  0.000000,  -0.000000)
(-0.000000,  0.000000,  -0.000000)
(-0.000000,  0.000000,  -0.000000)
(-0.000000,  0.000000,  -0.000000)
(-0.000000,  0.000000,  -0.000000)
(-0.000000,  0.000000,  -0.000000)
(-0.000000,  0.000000,  -0.000000)
(-0.000000,  0.000000,  -0.000000)
(-0.000000,  0.000000,  -0.000000)
(-0.000000,  0.000000,  -0.000000)
(-0.000000,  0.000000,  -0.000000)
(-0.000000,  0.000000,  -0.000000)
(-0.000000,  -0.000000,  -0.000000)
(-0.000000,  -0.000000,  -0.000000)
(-0.000000,  -0.000000,  -0.000000)
(-0.000000,  -0.000000,  -0.000000)
(-0.000000,  -0.000000,  -0.000000)
(-0.000000,  -0.000000,  -0.000000)
(-0.000000,  -0.000000,  -0.000000)
(-0.000000,  -0.000000,  -0.000000)
(-0.000000,  -0.000000,  -0.000000)
(-0.000000,  -0.000000,  -0.000000)
(-0.000000,  -0.000000,  -0.000000)
(-0.000000,  -0.000000,  -0.000000)
(-0.000000,  -0.000000,  -0.000000)
(-0.000000,  -0.000000,  -0.000000)
(-0.000000,  -0.000000,  -0.000000)
(-0.000000,  -0.000000,  -0.000000)
(-0.000000,  -0.000000,  -0.000000)
(-0.000000,  -0.000000,  -0.000000)
(-0.000000,  -0.000000,  -0.000000)
(-0.000000,  -0.000000,  -0.000000)
(-0.000000,  -0.000000,  -0.000000)
(-0.000000,  -0.000000,  -0.000000)
(-0.000000,  -0.000000,  -0.000000)
(-0.000000,  -0.000000,  -0.000000)
(-0.000000,  -0.000000,  -0.000000)
(-0.000000,  -0.000000,  -0.000000)
(-0.000000,  -0.000000,  -0.000000)
(-0.000000,  -0.000000,  -0.000000)
(-0.000000,  -0.000000,  -0.000000)
(-0.000000,  -0.000000,  -0.000000)
(-0.000000,  -0.000000,  -0.000000)
(-0.000000,  -0.000000,  -0.000000)
(0.000000,  0.000000,  -0.000000)
(0.000000,  0.000000,  -0.000000)
(0.000000,  0.000000,  -0.000000)
(0.000000,  0.000000,  -0.000000)
(0.000000,  0.000000,  -0.000000)
(0.000000,  0.000000,  -0.000000)
(0.000000,  0.000000,  -0.000000)
(0.000000,  0.000000,  -0.000000)
(-0.000000,  0.000000,  0.000000)
(-0.000000,  0.000000,  0.000000)
(-0.000000,  0.000000,  0.000000)
(-0.000000,  0.000000,  0.000000)
(-0.000000,  0.000000,  0.000000)
(-0.000000,  0.000000,  0.000000)
(-0.000000,  0.000000,  0.000000)
(-0.000000,  0.000000,  0.000000)
(-0.000000,  -0.000000,  -0.000000)
(-0.000000,  -0.000000,  -0.000000)
(-0.000000,  -0.000000,  -0.000000)
(-0.000000,  -0.000000,  -0.000000)
(-0.000000,  -0.000000,  -0.000000)
(-0.000000,  -0.000000,  -0.000000)
(-0.000000,  -0.000000,  -0.000000)
(-0.000000,  -0.000000,  -0.000000)
(-0.000000,  -0.000000,  -0.000000)
(-0.000000,  -0.000000,  -0.000000)
(-0.000000,  -0.000000,  -0.000000)
(-0.000000,  -0.000000,  -0.000000)
(-0.000000,  -0.000000,  -0.000000)
(-0.000000,  -0.000000,  -0.000000)
(-0.000000,  -0.000000,  -0.000000)
(-0.000000,  -0.000000,  -0.000000)
(-0.000000,  -0.000000,  -0.000000)
(-0.000000,  -0.000000,  -0.000000)
(-0.000000,  0.000000,  0.000000)
(-0.000000,  0.000000,  0.000000)
(-0.000000,  0.000000,  0.000000)
(-0.000000,  0.000000,  0.000000)
(-0.000000,  0.000000,  0.000000)
(-0.000000,  0.000000,  0.000000)
(-0.000000,  0.000000,  0.000000)
(-0.000000,  0.000000,  0.000000)
(0.000000,  0.000000,  -0.000000)
(0.000000,  0.000000,  -0.000000)
(0.000000,  0.000000,  -0.000000)
(0.000000,  0.000000,  -0.000000)
(0.000000,  0.000000,  -0.000000)
(0.000000,  0.000000,  -0.000000)
(0.000000,  0.000000,  -0.000000)
(0.000000,  0.000000,  -0.000000)
(0.000000,  -0.000000,  -0.000000)
(0.000000,  -0.000000,  -0.000000)
(0.000000,  -0.000000,  -0.000000)
(0.000000,  -0.000000,  -0.000000)
(0.000000,  -0.000000,  -0.000000)
(0.000000,  -0.000000,  -0.000000)
(0.000000,  -0.000000,  -0.000000)
(0.000000,  -0.000000,  -0.000000)
(0.000000,  -0.000000,  -0.000000)
(0.000000,  -0.000000,  -0.000000)
(0.000000,  -0.000000,  -0.000000)
(0.000000,  -0.000000,  -0.000000)
(0.000000,  -0.000000,  -0.000000)
(-0.000000,  0.000000,  0.000000)
(-0.000000,  0.000000,  0.000000)
(-0.000000,  0.000000,  0.000000)
(-0.000000,  0.000000,  0.000000)
(-0.000000,  0.000000,  0.000000)
(-0.000000,  0.000000,  0.000000)
(-0.000000,  0.000000,  0.000000)
(-0.000000,  0.000000,  0.000000)
(-0.000000,  0.000000,  0.000000)
(-0.000000,  0.000000,  0.000000)
(-0.000000,  0.000000,  0.000000)
(-0.000000,  0.000000,  0.000000)
(-0.000000,  0.000000,  0.000000)
(-0.000000,  0.000000,  0.000000)
(-0.000000,  0.000000,  0.000000)
(-0.000000,  0.000000,  0.000000)
(-0.000000,  0.000000,  0.000000)
(-0.000000,  0.000000,  0.000000)
(-0.000000,  0.000000,  0.000000)
(0.000000,  0.000000,  0.000000)
(0.000000,  0.000000,  0.000000)
(0.000000,  0.000000,  0.000000)
(0.000000,  0.000000,  0.000000)
(0.000000,  0.000000,  0.000000)
(0.000000,  0.000000,  0.000000)
(0.000000,  -0.000000,  -0.000000)
(0.000000,  -0.000000,  -0.000000)
(0.000000,  -0.000000,  -0.000000)
(0.000000,  -0.000000,  -0.000000)
(0.000000,  -0.000000,  -0.000000)
(0.000000,  -0.000000,  -0.000000)
(-0.000000,  -0.000000,  0.000000)
(-0.000000,  -0.000000,  0.000000)
(-0.000000,  -0.000000,  0.000000)
(-0.000000,  -0.000000,  0.000000)
(-0.000000,  -0.000000,  0.000000)
(-0.000000,  -0.000000,  0.000000)
(-0.000000,  0.000000,  -0.000000)
(-0.000000,  0.000000,  -0.000000)
(-0.000000,  0.000000,  -0.000000)
(-0.000000,  0.000000,  -0.000000)
(-0.000000,  0.000000,  -0.000000)
(-0.000000,  0.000000,  -0.000000)
(-0.000000,  0.000000,  -0.000000)
(-0.000000,  0.000000,  -0.000000)
(0.000000,  0.000000,  -0.000000)
(0.000000,  0.000000,  -0.000000)
(0.000000,  0.000000,  -0.000000)
(0.000000,  0.000000,  -0.000000)
(0.000000,  0.000000,  -0.000000)
(0.000000,  0.000000,  -0.000000)
(0.000000,  0.000000,  -0.000000)
(0.000000,  0.000000,  -0.000000)
(-0.000000,  0.000000,  0.000000)
(0.000000,  0.000000,  -0.000000)
(-0.000000,  0.000000,  0.000000)
(0.000000,  0.000000,  -0.000000)
(-0.000000,  0.000000,  -0.000000)
(0.000000,  0.000000,  -0.000000)
(-0.000000,  0.000000,  -0.000000)
(0.000000,  0.000000,  -0.000000)
(0.000000,  0.000000,  -0.000000)
(0.000000,  0.000000,  -0.000000)
(0.000000,  0.000000,  -0.000000)
(0.000000,  0.000000,  -0.000000)
(0.000000,  0.000000,  -0.000000)
(0.000000,  0.000000,  -0.000000)
(0.000000,  0.000000,  -0.000000)
(0.000000,  0.000000,  -0.000000)
(-0.000000,  0.000000,  -0.000000)
(-0.000000,  0.000000,  -0.000000)
(-0.000000,  0.000000,  -0.000000)
(-0.000000,  0.000000,  -0.000000)
(-0.000000,  0.000000,  -0.000000)
(-0.000000,  0.000000,  -0.000000)
(-0.000000,  0.000000,  -0.000000)
(-0.000000,  0.000000,  -0.000000)
(-0.000000,  0.000000,  -0.000000)
(-0.000000,  0.000000,  -0.000000)
(-0.000000,  0.000000,  -0.000000)
(-0.000000,  0.000000,  -0.000000)
(-0.000000,  0.000000,  -0.000000)
(-0.000000,  0.000000,  -0.000000)
(-0.000000,  0.000000,  -0.000000)
(-0.000000,  0.000000,  -0.000000)
(-0.000000,  0.000000,  -0.000000)
(-0.000000,  0.000000,  -0.000000)
(-0.000000,  0.000000,  -0.000000)
(-0.000000,  0.000000,  -0.000000)
(-0.000000,  0.000000,  -0.000000)
(-0.000000,  0.000000,  -0.000000)
(-0.000000,  0.000000,  -0.000000)
(-0.000000,  0.000000,  -0.000000)
(0.000000,  0.000000,  -0.000000)
(0.000000,  0.000000,  -0.000000)
(0.000000,  0.000000,  -0.000000)
(0.000000,  0.000000,  -0.000000)
(0.000000,  0.000000,  -0.000000)
(0.000000,  0.000000,  -0.000000)
(0.000000,  0.000000,  -0.000000)
(0.000000,  0.000000,  -0.000000)
