(292, 363, 326)
(326, 363, 43)
(314, 358, 123)
(123, 358, 336)
(214, 92, 93)
(92, 214, 101)
(312, 308, 76)
(76, 308, 253)
(132, 126, 327)
(126, 132, 334)
(346, 263, 200)
(200, 263, 131)
(193, 148, 17)
(193, 17, 97)
(48, 147, 18)
(147, 48, 175)
(97, 17, 128)
(97, 128, 6)
(33, 207, 112)
(207, 33, 7)
(213, 85, 189)
(213, 189, 206)
(5, 2, 216)
(216, 2, 3)
(227, 353, 108)
(108, 127, 227)
(353, 144, 21)
(21, 108, 353)
(144, 146, 31)
(31, 21, 144)
(146, 227, 127)
(127, 31, 146)
(72, 287, 49)
(49, 287, 116)
(360, 91, 100)
(100, 91, 331)
(300, 225, 135)
(300, 135, 66)
(301, 258, 4)
(4, 343, 301)
(96, 112, 249)
(112, 96, 33)
(346, 0, 8)
(8, 263, 346)
(291, 200, 131)
(131, 276, 291)
(32, 307, 309)
(307, 325, 309)
(47, 345, 107)
(107, 345, 199)
(129, 202, 9)
(9, 202, 203)
(48, 18, 118)
(118, 302, 48)
(325, 307, 235)
(235, 347, 325)
(142, 166, 348)
(348, 217, 142)
(231, 249, 328)
(249, 231, 96)
(218, 198, 58)
(58, 254, 218)
(149, 349, 236)
(236, 164, 149)
(217, 348, 337)
(217, 337, 208)
(303, 219, 150)
(150, 73, 303)
(299, 102, 171)
(171, 102, 176)
(212, 239, 152)
(152, 220, 212)
(340, 45, 124)
(124, 45, 341)
(304, 279, 25)
(304, 25, 105)
(145, 90, 274)
(274, 277, 145)
(296, 335, 356)
(356, 215, 296)
(274, 51, 277)
(51, 274, 28)
(65, 94, 222)
(65, 222, 177)
(215, 243, 29)
(243, 215, 356)
(62, 172, 95)
(95, 172, 22)
(329, 259, 293)
(293, 294, 329)
(173, 156, 59)
(59, 156, 168)
(130, 39, 285)
(285, 357, 130)
(357, 285, 77)
(77, 317, 357)
(306, 103, 79)
(79, 103, 180)
(294, 86, 87)
(86, 294, 293)
(259, 329, 92)
(92, 101, 259)
(326, 43, 26)
(26, 260, 326)
(363, 292, 46)
(46, 155, 363)
(338, 192, 71)
(71, 266, 338)
(90, 214, 93)
(214, 90, 145)
(335, 296, 126)
(126, 334, 335)
(19, 332, 182)
(182, 52, 19)
(39, 132, 327)
(132, 39, 130)
(157, 136, 179)
(136, 157, 137)
(138, 250, 61)
(61, 250, 245)
(140, 111, 139)
(139, 111, 113)
(149, 164, 198)
(198, 164, 58)
(344, 78, 320)
(78, 344, 251)
(201, 321, 185)
(201, 185, 322)
(186, 305, 350)
(305, 186, 20)
(246, 228, 184)
(184, 228, 10)
(99, 240, 183)
(240, 99, 122)
(11, 12, 13)
(13, 12, 342)
(63, 41, 143)
(41, 63, 229)
(282, 181, 195)
(181, 282, 283)
(14, 264, 311)
(311, 264, 247)
(330, 351, 134)
(351, 330, 110)
(323, 210, 209)
(209, 210, 297)
(339, 352, 273)
(339, 273, 27)
(6, 128, 15)
(6, 15, 223)
(154, 359, 50)
(359, 154, 361)
(248, 268, 83)
(268, 248, 204)
(34, 295, 196)
(34, 196, 267)
(159, 163, 169)
(169, 163, 255)
(284, 161, 256)
(256, 161, 298)
(67, 257, 74)
(257, 67, 119)
(23, 190, 121)
(121, 190, 167)
(275, 187, 120)
(275, 120, 318)
(58, 164, 72)
(58, 72, 49)
(160, 57, 55)
(55, 57, 30)
(57, 343, 30)
(30, 343, 4)
(84, 295, 141)
(141, 295, 34)
(170, 237, 354)
(170, 354, 56)
(313, 42, 162)
(313, 162, 44)
(106, 197, 237)
(106, 237, 170)
(265, 133, 42)
(265, 42, 313)
(341, 45, 197)
(341, 197, 106)
(22, 172, 133)
(22, 133, 265)
(301, 142, 258)
(142, 301, 166)
(194, 269, 68)
(269, 194, 35)
(36, 252, 81)
(81, 252, 69)
(362, 117, 333)
(117, 362, 98)
(188, 37, 165)
(188, 165, 24)
(230, 205, 1)
(1, 205, 88)
(221, 38, 272)
(272, 38, 109)
(224, 270, 153)
(270, 224, 104)
(324, 271, 319)
(319, 271, 178)
(355, 82, 80)
(80, 82, 238)
(16, 262, 211)
(211, 262, 60)
(286, 151, 158)
(151, 286, 174)
(281, 70, 40)
(70, 281, 64)
(75, 310, 54)
(75, 54, 114)
(232, 241, 89)
(232, 89, 278)
(242, 244, 315)
(242, 315, 316)
(316, 315, 233)
(316, 233, 234)
(191, 125, 280)
(280, 125, 115)
(54, 261, 114)
(261, 54, 226)
(70, 64, 53)
(70, 53, 288)
(290, 289, 280)
(289, 191, 280)
(21, 122, 124)
(122, 21, 20)
(126, 125, 123)
(125, 126, 127)
(107, 128, 129)
(128, 107, 74)
(77, 48, 75)
(75, 76, 77)
(50, 49, 53)
(53, 49, 40)
(52, 106, 51)
(51, 106, 27)
(29, 93, 28)
(28, 93, 22)
(76, 59, 30)
(76, 30, 77)
(25, 75, 48)
(25, 48, 135)
(135, 59, 25)
(59, 135, 30)
(58, 39, 1)
(39, 58, 26)
(45, 91, 44)
(5, 44, 91)
(8, 9, 11)
(11, 9, 10)
(33, 116, 117)
(116, 33, 18)
(133, 132, 110)
(110, 132, 54)
(134, 54, 118)
(54, 134, 110)
(19, 114, 31)
(114, 19, 55)
(16, 17, 15)
(15, 17, 41)
(17, 130, 41)
(41, 130, 56)
(130, 80, 56)
(56, 80, 81)
(15, 81, 16)
(16, 81, 80)
(68, 12, 112)
(68, 112, 35)
(73, 111, 32)
(32, 113, 73)
(115, 72, 86)
(72, 115, 119)
(71, 96, 57)
(57, 96, 14)
(70, 13, 69)
(69, 13, 131)
(108, 78, 43)
(43, 78, 94)
(36, 43, 87)
(43, 36, 108)
(23, 69, 88)
(69, 23, 70)
(38, 90, 2)
(90, 38, 89)
(60, 61, 97)
(97, 98, 60)
(88, 69, 46)
(46, 69, 120)
(87, 43, 92)
(92, 43, 109)
(43, 99, 109)
(99, 43, 94)
(69, 7, 120)
(7, 69, 131)
(101, 6, 100)
(6, 101, 62)
(34, 101, 102)
(102, 101, 100)
(37, 24, 63)
(24, 37, 0)
(83, 82, 42)
(42, 82, 3)
(121, 90, 89)
(90, 121, 47)
(103, 105, 111)
(111, 73, 103)
(42, 3, 85)
(85, 3, 84)
(65, 64, 71)
(71, 64, 96)
(66, 24, 0)
(24, 66, 67)
(4, 115, 79)
(79, 115, 86)
(98, 32, 60)
(60, 32, 111)
(82, 65, 3)
(3, 65, 71)
(0, 37, 102)
(102, 100, 0)
(38, 86, 89)
(86, 38, 79)
(121, 89, 86)
(86, 72, 121)
(0, 6, 66)
(6, 0, 100)
(3, 71, 84)
(84, 71, 57)
(60, 111, 104)
(104, 111, 105)
(104, 95, 61)
(61, 60, 104)
(493, 148, 1116)
(1116, 199, 493)
(140, 970, 148)
(148, 493, 140)
(1408, 802, 970)
(970, 140, 1408)
(518, 1408, 989)
(1408, 518, 802)
(897, 518, 989)
(518, 897, 1366)
(879, 969, 1043)
(969, 879, 588)
(740, 1253, 1161)
(1253, 1248, 1161)
(1222, 168, 1347)
(1347, 595, 1222)
(468, 1347, 168)
(1347, 468, 874)
(1161, 418, 635)
(418, 1161, 1248)
(898, 928, 79)
(79, 928, 11)
(1043, 585, 264)
(264, 585, 1449)
(1099, 555, 1378)
(555, 1099, 740)
(1253, 1287, 684)
(1253, 684, 1248)
(879, 264, 1204)
(264, 879, 1043)
(555, 1161, 635)
(1161, 555, 740)
(1378, 79, 1099)
(79, 11, 1099)
(1204, 264, 1222)
(1222, 264, 168)
(168, 264, 468)
(264, 1449, 468)
(468, 1449, 3)
(3, 874, 468)
(1179, 418, 684)
(418, 1248, 684)
(1449, 585, 3)
(585, 1180, 3)
(1099, 11, 1253)
(1253, 740, 1099)
(1179, 684, 878)
(878, 684, 1287)
(1204, 1222, 743)
(1222, 595, 743)
(898, 878, 928)
(878, 1287, 928)
(585, 1043, 969)
(969, 1180, 585)
(879, 1204, 743)
(743, 588, 879)
(928, 1253, 11)
(1253, 928, 1287)
(943, 421, 811)
(811, 421, 923)
(421, 514, 456)
(514, 421, 943)
(456, 514, 715)
(715, 514, 259)
(959, 662, 1012)
(662, 959, 998)
(811, 867, 1498)
(867, 811, 923)
(1012, 662, 867)
(867, 662, 1498)
(1542, 1545, 687)
(687, 1545, 0)
(1545, 1542, 260)
(1542, 211, 260)
(260, 211, 1420)
(1420, 211, 302)
(135, 122, 86)
(122, 135, 531)
(687, 968, 438)
(968, 687, 0)
(86, 438, 968)
(438, 86, 122)
(836, 703, 569)
(703, 836, 1136)
(1141, 1136, 836)
(1136, 1141, 1051)
(485, 703, 1136)
(485, 1268, 703)
(485, 1051, 450)
(1051, 485, 1136)
(2, 1033, 1155)
(1155, 1033, 226)
(987, 685, 812)
(685, 987, 322)
(325, 1181, 609)
(1181, 1182, 609)
(325, 198, 1181)
(198, 325, 952)
(609, 1182, 868)
(868, 1162, 609)
(196, 1494, 1162)
(196, 1162, 868)
(24, 1367, 419)
(1367, 24, 1543)
(1183, 686, 210)
(686, 1183, 988)
(1184, 210, 1370)
(210, 1184, 1183)
(469, 813, 988)
(469, 988, 1183)
(813, 469, 953)
(813, 953, 1423)
(953, 80, 1423)
(80, 953, 1185)
(1185, 1338, 80)
(1338, 1185, 371)
(613, 1275, 1490)
(1275, 613, 324)
(686, 1275, 210)
(1275, 686, 1490)
(613, 1513, 324)
(1513, 613, 165)
(50, 1490, 538)
(1490, 50, 613)
(538, 1490, 1514)
(1490, 686, 1514)
(849, 165, 50)
(50, 165, 613)
(379, 227, 977)
(227, 379, 1193)
(977, 1194, 1186)
(1194, 977, 227)
(1499, 1374, 379)
(379, 1374, 1193)
(850, 1187, 80)
(80, 1338, 850)
(1187, 108, 1423)
(1423, 80, 1187)
(1423, 1544, 813)
(1544, 1423, 108)
(1453, 813, 1544)
(813, 1453, 988)
(1514, 988, 1453)
(988, 1514, 686)
(405, 787, 60)
(60, 787, 695)
(60, 978, 726)
(978, 60, 695)
(814, 1356, 405)
(405, 1356, 787)
(1069, 467, 402)
(1069, 402, 234)
(127, 1357, 467)
(1357, 402, 467)
(1357, 127, 116)
(116, 127, 748)
(705, 116, 748)
(116, 705, 586)
(1186, 586, 705)
(586, 1186, 1194)
(941, 173, 556)
(173, 941, 1339)
(128, 1405, 921)
(1405, 1055, 921)
(601, 815, 83)
(815, 601, 508)
(523, 554, 1205)
(773, 1205, 554)
(1205, 773, 1042)
(1042, 127, 1205)
(127, 1042, 748)
(748, 1042, 768)
(768, 663, 748)
(663, 768, 1519)
(726, 663, 1519)
(663, 726, 978)
(1356, 379, 787)
(379, 1356, 1499)
(787, 977, 695)
(977, 787, 379)
(705, 748, 663)
(1205, 1069, 523)
(1069, 1205, 467)
(695, 977, 978)
(977, 1186, 978)
(663, 978, 1186)
(663, 1186, 705)
(127, 467, 1205)
(1559, 571, 324)
(324, 1513, 1559)
(739, 324, 571)
(324, 739, 1275)
(1185, 1206, 371)
(1206, 1185, 1462)
(953, 1462, 1185)
(1462, 953, 58)
(469, 58, 953)
(58, 469, 1344)
(1184, 469, 1183)
(469, 1184, 1344)
(739, 1370, 210)
(210, 1275, 739)
(835, 1225, 642)
(1225, 835, 504)
(502, 642, 1475)
(502, 1475, 1142)
(1144, 96, 1318)
(96, 1144, 191)
(1025, 542, 304)
(542, 1025, 55)
(96, 1403, 1318)
(1403, 96, 875)
(1064, 373, 1541)
(1541, 373, 105)
(1025, 97, 543)
(1025, 543, 228)
(1225, 97, 1025)
(97, 1225, 1476)
(1106, 1477, 590)
(1477, 1106, 1428)
(40, 738, 942)
(40, 942, 922)
(1477, 1428, 1432)
(1477, 1432, 1072)
(1024, 1140, 75)
(1140, 1024, 1023)
(837, 884, 97)
(97, 884, 543)
(837, 144, 241)
(837, 241, 884)
(144, 1024, 241)
(1024, 144, 1023)
(75, 359, 192)
(359, 75, 1140)
(437, 40, 1390)
(40, 437, 738)
(775, 55, 1072)
(775, 1072, 1432)
(228, 55, 1025)
(55, 228, 1072)
(542, 587, 1475)
(587, 1142, 1475)
(1272, 191, 1144)
(191, 1272, 278)
(1368, 1390, 956)
(956, 1390, 40)
(76, 956, 1294)
(956, 76, 1368)
(40, 1294, 956)
(1294, 40, 922)
(869, 81, 957)
(81, 869, 847)
(1064, 486, 373)
(486, 1117, 373)
(125, 437, 741)
(741, 437, 1390)
(107, 1254, 517)
(1254, 107, 81)
(957, 107, 77)
(107, 957, 81)
(373, 869, 105)
(869, 373, 847)
(847, 420, 1254)
(847, 1254, 81)
(1117, 847, 373)
(847, 1117, 420)
(1211, 1029, 82)
(1029, 1211, 916)
(1118, 1064, 741)
(1118, 486, 1064)
(125, 741, 1064)
(125, 1064, 1541)
(1448, 486, 1257)
(486, 1448, 1117)
(304, 642, 1225)
(304, 1225, 1025)
(1118, 1390, 1368)
(1390, 1118, 741)
(1318, 781, 1144)
(781, 1318, 592)
(1318, 1346, 592)
(1346, 1318, 1403)
(542, 1475, 304)
(642, 304, 1475)
(504, 885, 1225)
(885, 1476, 1225)
(1073, 1272, 652)
(1272, 1073, 278)
(1011, 902, 174)
(902, 1011, 716)
(517, 1254, 717)
(717, 1254, 41)
(420, 41, 1254)
(41, 420, 126)
(1117, 126, 420)
(1117, 1448, 126)
(1257, 486, 169)
(169, 486, 1118)
(169, 1368, 76)
(1368, 169, 1118)
(55, 775, 587)
(55, 587, 542)
(717, 175, 517)
(175, 287, 517)
(59, 287, 175)
(287, 59, 482)
(590, 192, 359)
(192, 590, 1477)
(1515, 1340, 592)
(1334, 4, 1011)
(1334, 1011, 174)
(515, 77, 323)
(323, 77, 107)
(303, 1369, 902)
(303, 902, 716)
(323, 517, 287)
(517, 323, 107)
(592, 246, 1515)
(246, 592, 1346)
(286, 516, 515)
(286, 515, 323)
(885, 1528, 1473)
(1528, 885, 504)
(4, 1334, 1211)
(4, 1211, 82)
(286, 287, 482)
(287, 286, 323)
(642, 502, 835)
(502, 505, 835)
(1129, 838, 480)
(838, 1129, 843)
(1266, 843, 1129)
(843, 1266, 1267)
(737, 1267, 1266)
(1267, 737, 391)
(88, 950, 1170)
(950, 88, 183)
(631, 950, 769)
(631, 1170, 950)
(632, 183, 88)
(183, 632, 870)
(1288, 1130, 951)
(1130, 1288, 614)
(1100, 1335, 825)
(1335, 1100, 899)
(769, 582, 631)
(582, 769, 1229)
(614, 825, 1130)
(825, 614, 1100)
(503, 1074, 1178)
(503, 1178, 1427)
(1427, 836, 503)
(836, 1427, 1141)
(503, 836, 569)
(503, 569, 1258)
(1074, 706, 589)
(706, 1074, 503)
(1258, 706, 503)
(952, 1258, 198)
(1258, 952, 706)
(1212, 537, 826)
(537, 1212, 229)
(229, 1212, 911)
(229, 911, 1221)
(1221, 911, 553)
(839, 704, 1075)
(704, 839, 305)
(1075, 1265, 240)
(1265, 1075, 704)
(240, 1265, 1076)
(240, 1076, 1470)
(1268, 1258, 569)
(1268, 569, 703)
(409, 633, 26)
(26, 1463, 409)
(409, 907, 633)
(907, 409, 496)
(306, 56, 583)
(56, 306, 755)
(1478, 146, 1429)
(146, 1478, 1143)
(755, 1478, 56)
(56, 1478, 1429)
(98, 56, 1429)
(56, 98, 583)
(138, 583, 98)
(1108, 583, 138)
(1406, 1108, 69)
(1108, 138, 69)
(1325, 69, 896)
(69, 1325, 1406)
(1406, 1019, 1108)
(1019, 1406, 1053)
(1325, 1053, 1406)
(1053, 1325, 624)
(557, 270, 1343)
(270, 557, 696)
(598, 270, 696)
(1255, 270, 598)
(1034, 1325, 896)
(1325, 1034, 624)
(1362, 1034, 896)
(1034, 1362, 532)
(908, 89, 1150)
(1150, 261, 908)
(1044, 280, 1464)
(280, 1044, 345)
(1044, 1150, 345)
(1150, 1044, 261)
(558, 366, 792)
(558, 457, 366)
(457, 1231, 1213)
(457, 558, 1231)
(625, 242, 387)
(242, 625, 499)
(42, 699, 479)
(479, 699, 281)
(139, 117, 664)
(117, 1479, 664)
(275, 1173, 1002)
(1173, 275, 840)
(1002, 387, 275)
(387, 1002, 625)
(1516, 1079, 1078)
(1078, 1358, 1516)
(1304, 1358, 351)
(1358, 1304, 1516)
(620, 1078, 1079)
(1078, 620, 841)
(61, 13, 666)
(666, 13, 1307)
(184, 880, 477)
(880, 62, 477)
(62, 13, 129)
(13, 62, 1307)
(1115, 880, 70)
(70, 880, 756)
(70, 465, 1261)
(465, 70, 756)
(880, 1115, 62)
(1115, 1307, 62)
(558, 1295, 1231)
(1295, 558, 254)
(1399, 855, 1379)
(855, 1399, 1520)
(1295, 106, 1214)
(254, 1201, 1295)
(106, 1295, 1201)
(1201, 254, 63)
(818, 1308, 394)
(1308, 818, 157)
(362, 551, 426)
(551, 362, 1444)
(805, 426, 262)
(426, 805, 362)
(48, 1363, 44)
(1363, 48, 1175)
(65, 45, 1413)
(45, 1256, 1413)
(1308, 157, 1003)
(1003, 572, 1308)
(799, 654, 1199)
(654, 854, 1199)
(1443, 1491, 45)
(45, 1491, 1256)
(1158, 361, 1112)
(361, 648, 1112)
(342, 224, 490)
(224, 573, 490)
(602, 342, 490)
(490, 784, 602)
(361, 602, 784)
(602, 361, 1158)
(1536, 1095, 654)
(1095, 854, 654)
(48, 65, 1413)
(65, 48, 44)
(648, 551, 1112)
(551, 1444, 1112)
(805, 573, 224)
(573, 805, 262)
(394, 163, 818)
(163, 394, 21)
(1095, 1491, 1443)
(1491, 1095, 1536)
(1175, 799, 1199)
(1199, 1363, 1175)
(461, 572, 1003)
(572, 461, 697)
(583, 1019, 306)
(1019, 583, 1108)
(478, 312, 1481)
(312, 1278, 1481)
(478, 327, 708)
(327, 478, 1481)
(603, 312, 66)
(312, 603, 1278)
(1510, 817, 455)
(708, 817, 66)
(817, 708, 455)
(817, 1510, 788)
(1546, 1505, 327)
(1505, 1546, 1250)
(1151, 1223, 574)
(1223, 1151, 71)
(574, 1223, 152)
(1230, 124, 335)
(124, 1230, 332)
(603, 66, 804)
(804, 66, 1216)
(312, 478, 708)
(312, 708, 66)
(708, 1505, 472)
(1505, 708, 327)
(603, 804, 422)
(422, 804, 207)
(36, 1354, 1269)
(1354, 36, 793)
(1103, 1310, 534)
(214, 534, 1310)
(1131, 1056, 1065)
(1056, 1131, 367)
(592, 576, 781)
(576, 592, 1340)
(576, 742, 781)
(889, 500, 1407)
(500, 576, 1407)
(507, 742, 500)
(1272, 1144, 652)
(534, 410, 1103)
(1103, 410, 118)
(534, 1171, 410)
(1171, 534, 411)
(411, 412, 14)
(411, 14, 1171)
(214, 1310, 1131)
(1131, 1065, 214)
(214, 1065, 412)
(214, 411, 534)
(411, 214, 412)
(90, 1223, 71)
(1223, 90, 1521)
(990, 1015, 649)
(649, 985, 990)
(990, 985, 1233)
(1482, 1411, 1067)
(1482, 1067, 925)
(299, 749, 1067)
(925, 1067, 749)
(819, 1488, 790)
(1488, 819, 1035)
(1296, 819, 790)
(819, 1296, 628)
(1065, 14, 412)
(14, 1065, 1056)
(1217, 1232, 900)
(1232, 1217, 734)
(491, 791, 1090)
(791, 491, 1166)
(655, 1119, 1537)
(1119, 655, 794)
(1537, 491, 655)
(491, 1537, 1166)
(629, 473, 1330)
(473, 629, 1014)
(1086, 19, 258)
(258, 1234, 1086)
(734, 258, 19)
(258, 734, 1217)
(1232, 1359, 900)
(1359, 1232, 1506)
(655, 1090, 794)
(1090, 655, 491)
(742, 1096, 781)
(742, 576, 500)
(781, 1096, 1144)
(1144, 1096, 652)
(713, 1091, 5)
(713, 924, 1091)
(5, 1539, 1534)
(713, 1009, 924)
(713, 5, 1534)
(1091, 1332, 5)
(864, 915, 423)
(436, 864, 423)
(864, 1168, 915)
(1168, 605, 915)
(1445, 513, 1168)
(1445, 1168, 864)
(964, 1298, 413)
(964, 413, 22)
(630, 964, 22)
(630, 22, 539)
(665, 1549, 539)
(539, 1549, 630)
(1549, 406, 651)
(406, 1549, 665)
(651, 667, 929)
(667, 651, 406)
(1123, 414, 430)
(430, 414, 1240)
(1500, 413, 1298)
(413, 1500, 407)
(430, 407, 1500)
(407, 430, 1240)
(1083, 470, 1415)
(470, 1083, 579)
(1124, 851, 213)
(213, 231, 1124)
(1124, 780, 851)
(780, 1124, 1092)
(213, 1415, 231)
(1415, 213, 1083)
(142, 636, 141)
(636, 142, 331)
(660, 27, 218)
(27, 991, 218)
(909, 615, 1020)
(1020, 1006, 909)
(1553, 1020, 615)
(1020, 1553, 562)
(91, 218, 1224)
(1224, 218, 991)
(563, 984, 6)
(984, 563, 910)
(337, 415, 141)
(415, 337, 1364)
(336, 67, 1465)
(1465, 67, 660)
(27, 1450, 577)
(27, 577, 991)
(142, 415, 431)
(415, 142, 141)
(1465, 218, 91)
(218, 1465, 660)
(336, 984, 67)
(984, 910, 67)
(431, 415, 909)
(909, 415, 615)
(615, 415, 1553)
(415, 1364, 1553)
(1553, 1364, 1284)
(1284, 562, 1553)
(235, 1224, 577)
(1224, 991, 577)
(1364, 337, 1284)
(337, 466, 1284)
(67, 910, 27)
(27, 660, 67)
(235, 577, 1087)
(1087, 577, 1450)
(431, 909, 1416)
(909, 1006, 1416)
(6, 1087, 563)
(1087, 1450, 563)
(337, 141, 636)
(636, 466, 337)
(142, 431, 1416)
(1416, 331, 142)
(563, 27, 910)
(27, 563, 1450)
(1477, 451, 192)
(192, 451, 145)
(1072, 451, 1477)
(451, 1072, 544)
(852, 1072, 228)
(1072, 852, 544)
(145, 1026, 75)
(75, 192, 145)
(241, 545, 670)
(545, 241, 1024)
(852, 543, 933)
(543, 852, 228)
(241, 309, 884)
(309, 241, 670)
(309, 933, 543)
(543, 884, 309)
(545, 75, 1026)
(75, 545, 1024)
(439, 1154, 128)
(128, 921, 439)
(1055, 1405, 1388)
(1388, 232, 1055)
(1317, 310, 669)
(310, 1317, 1068)
(1068, 1317, 243)
(1068, 243, 212)
(610, 310, 976)
(310, 610, 669)
(601, 941, 508)
(508, 941, 556)
(815, 709, 83)
(709, 815, 311)
(709, 311, 1154)
(709, 1154, 439)
(1446, 530, 497)
(530, 1446, 1517)
(114, 1013, 46)
(1013, 114, 1279)
(1090, 427, 794)
(427, 1090, 791)
(290, 20, 786)
(786, 49, 290)
(764, 365, 39)
(365, 764, 443)
(256, 443, 15)
(443, 256, 1198)
(627, 203, 1032)
(203, 170, 1032)
(203, 1198, 256)
(1198, 203, 627)
(1309, 443, 764)
(443, 1309, 15)
(1301, 535, 1512)
(535, 1301, 489)
(282, 1501, 317)
(317, 1501, 1228)
(1512, 30, 827)
(30, 1512, 535)
(1228, 1301, 317)
(1301, 1228, 489)
(1030, 489, 177)
(489, 1030, 535)
(1512, 1301, 1301)
(1301, 1512, 1512)
(462, 1291, 339)
(1291, 462, 1107)
(314, 1008, 440)
(84, 440, 1008)
(1291, 252, 339)
(252, 1291, 1333)
(440, 1107, 462)
(1107, 440, 84)
(937, 1008, 153)
(1008, 937, 84)
(440, 314, 440)
(314, 440, 314)
(149, 185, 1418)
(1418, 185, 1188)
(521, 432, 149)
(149, 432, 185)
(92, 111, 521)
(521, 111, 432)
(208, 111, 92)
(111, 208, 363)
(363, 208, 897)
(897, 208, 1366)
(616, 236, 200)
(236, 616, 1259)
(328, 906, 1063)
(1063, 906, 1365)
(433, 1128, 754)
(1128, 433, 593)
(1027, 754, 1128)
(1128, 520, 1027)
(1311, 681, 906)
(681, 1365, 906)
(1466, 564, 136)
(564, 1057, 136)
(200, 967, 1349)
(967, 349, 1349)
(1036, 1207, 186)
(1207, 328, 186)
(1063, 237, 471)
(237, 1063, 1365)
(236, 1355, 967)
(967, 200, 236)
(1207, 1311, 906)
(1207, 906, 328)
(1036, 186, 564)
(564, 186, 1057)
(1355, 433, 967)
(433, 754, 967)
(754, 1027, 967)
(967, 1027, 349)
(1027, 958, 349)
(958, 1027, 520)
(237, 681, 1070)
(681, 237, 1365)
(349, 958, 1349)
(1349, 958, 352)
(186, 1063, 1057)
(1063, 186, 328)
(1070, 1380, 237)
(1380, 471, 237)
(1355, 894, 433)
(433, 894, 593)
(136, 1380, 1466)
(1380, 136, 471)
(1349, 616, 200)
(616, 1349, 352)
(236, 894, 1355)
(894, 236, 1259)
(136, 1057, 1063)
(1063, 471, 136)
(474, 1163, 1398)
(1398, 735, 474)
(474, 1101, 1163)
(1101, 474, 1554)
(28, 1097, 1101)
(28, 1101, 1554)
(927, 137, 187)
(137, 927, 965)
(1398, 680, 735)
(680, 1398, 1457)
(927, 680, 1457)
(680, 927, 187)
(722, 1125, 1461)
(1461, 721, 722)
(380, 1125, 722)
(1125, 380, 671)
(617, 51, 671)
(617, 671, 380)
(381, 1126, 798)
(1126, 381, 723)
(1461, 1017, 721)
(1017, 1461, 29)
(29, 798, 1017)
(798, 29, 381)
(641, 1401, 268)
(1401, 641, 1263)
(622, 268, 274)
(268, 622, 641)
(1283, 1401, 220)
(1283, 268, 1401)
(274, 1283, 842)
(1283, 274, 268)
(675, 594, 691)
(691, 594, 886)
(675, 691, 475)
(475, 771, 675)
(714, 1543, 24)
(1543, 714, 1215)
(594, 326, 886)
(326, 594, 403)
(1241, 640, 403)
(640, 326, 403)
(1109, 966, 1249)
(966, 1109, 95)
(506, 95, 1109)
(95, 506, 759)
(1088, 201, 1249)
(1249, 201, 1109)
(201, 1088, 643)
(643, 1088, 760)
(643, 591, 1305)
(591, 643, 760)
(861, 1305, 591)
(1305, 861, 193)
(892, 1134, 333)
(1134, 892, 501)
(966, 1134, 501)
(1134, 966, 95)
(892, 73, 358)
(73, 892, 333)
(1122, 501, 892)
(501, 1122, 888)
(85, 501, 888)
(501, 85, 966)
(1122, 358, 1471)
(358, 1122, 892)
(1547, 698, 918)
(698, 1547, 860)
(860, 881, 698)
(881, 860, 856)
(267, 1547, 918)
(1547, 267, 694)
(1060, 591, 905)
(591, 1060, 861)
(905, 760, 634)
(760, 905, 591)
(760, 119, 634)
(119, 760, 1088)
(1088, 971, 119)
(971, 1088, 1249)
(1249, 85, 971)
(85, 1249, 966)
(637, 540, 1041)
(540, 637, 522)
(329, 540, 996)
(540, 329, 1041)
(522, 637, 732)
(522, 732, 661)
(901, 484, 1084)
(484, 901, 1323)
(1084, 225, 1196)
(225, 1084, 484)
(225, 800, 1196)
(800, 1331, 1196)
(166, 800, 1487)
(800, 166, 1331)
(856, 1487, 881)
(1487, 856, 166)
(1028, 559, 57)
(559, 1066, 57)
(807, 733, 171)
(171, 733, 390)
(761, 1422, 745)
(761, 745, 296)
(1169, 552, 859)
(552, 1169, 980)
(859, 552, 1382)
(1196, 1382, 552)
(1382, 1196, 1331)
(1331, 1127, 1382)
(330, 1127, 1331)
(1127, 330, 1391)
(330, 996, 1391)
(996, 330, 329)
(1547, 732, 637)
(732, 1547, 694)
(637, 860, 1547)
(860, 637, 1041)
(166, 330, 1331)
(552, 901, 1084)
(901, 552, 980)
(329, 860, 1041)
(860, 329, 856)
(330, 856, 329)
(856, 330, 166)
(1196, 552, 1084)
(844, 333, 1048)
(333, 844, 73)
(1383, 333, 1134)
(333, 1383, 1048)
(1305, 1045, 121)
(1045, 1305, 193)
(121, 643, 1305)
(643, 121, 446)
(446, 201, 643)
(201, 446, 700)
(506, 1109, 201)
(506, 201, 700)
(1383, 95, 759)
(95, 1383, 1134)
(776, 505, 502)
(505, 776, 1502)
(519, 1113, 578)
(519, 578, 147)
(1433, 1402, 587)
(587, 775, 1433)
(1274, 578, 1113)
(578, 1274, 315)
(1433, 272, 1430)
(272, 1433, 357)
(776, 1430, 1246)
(1430, 776, 1433)
(1052, 621, 194)
(621, 1052, 273)
(1434, 1430, 272)
(568, 1430, 1434)
(568, 277, 1247)
(277, 568, 1434)
(1052, 1247, 277)
(1247, 1052, 194)
(1436, 273, 1435)
(273, 1436, 621)
(775, 357, 1433)
(357, 775, 1432)
(147, 1387, 519)
(1387, 147, 871)
(437, 1451, 132)
(437, 132, 738)
(682, 132, 1451)
(132, 682, 766)
(738, 766, 942)
(766, 738, 132)
(1541, 105, 806)
(806, 105, 1007)
(77, 1172, 957)
(1172, 77, 1058)
(869, 1172, 1174)
(1172, 869, 957)
(1007, 869, 1174)
(869, 1007, 105)
(1300, 125, 1541)
(1541, 806, 1300)
(806, 370, 1054)
(370, 806, 1007)
(1433, 776, 1402)
(502, 1402, 776)
(1300, 437, 125)
(437, 1300, 1451)
(1113, 519, 1321)
(1321, 795, 1113)
(131, 1113, 795)
(1113, 131, 1274)
(587, 1402, 1142)
(1402, 502, 1142)
(1502, 776, 1047)
(1047, 776, 1246)
(729, 64, 1387)
(729, 1387, 871)
(1058, 575, 1172)
(575, 1152, 1172)
(1174, 1172, 1152)
(1174, 1152, 778)
(1007, 778, 370)
(1007, 1174, 778)
(1054, 78, 806)
(78, 1300, 806)
(78, 682, 1451)
(78, 1451, 1300)
(575, 1058, 1093)
(1093, 1058, 872)
(1410, 872, 1474)
(872, 1410, 1093)
(1435, 1106, 1436)
(1106, 1435, 1428)
(233, 795, 206)
(515, 1058, 77)
(1058, 515, 872)
(131, 795, 599)
(233, 599, 795)
(1502, 1047, 1437)
(845, 1437, 1047)
(516, 872, 515)
(872, 516, 1474)
(1529, 509, 43)
(43, 1, 1529)
(1529, 1, 301)
(1, 1271, 301)
(737, 301, 1271)
(737, 1271, 391)
(495, 725, 382)
(725, 495, 803)
(803, 1412, 725)
(1061, 725, 1412)
(632, 382, 870)
(382, 632, 495)
(972, 720, 372)
(720, 972, 1277)
(158, 1335, 899)
(1335, 158, 10)
(93, 1061, 115)
(1412, 115, 1061)
(10, 1277, 972)
(1277, 10, 158)
(1160, 1178, 1074)
(1178, 1160, 934)
(641, 934, 1160)
(934, 641, 622)
(1160, 1263, 641)
(1263, 1160, 318)
(1438, 1074, 589)
(1074, 1438, 1160)
(318, 1160, 1438)
(475, 318, 771)
(318, 1438, 771)
(16, 537, 736)
(537, 16, 826)
(16, 736, 283)
(283, 736, 565)
(565, 297, 283)
(1341, 935, 1302)
(935, 1341, 360)
(1372, 1302, 893)
(1302, 1372, 1341)
(424, 893, 1326)
(1372, 893, 424)
(318, 220, 1263)
(1263, 220, 1401)
(973, 26, 400)
(26, 973, 1463)
(1312, 973, 400)
(973, 1312, 1165)
(306, 1315, 755)
(1315, 306, 676)
(863, 1478, 1431)
(1478, 863, 1143)
(1478, 755, 1315)
(1315, 1431, 1478)
(1315, 195, 1431)
(195, 1315, 676)
(195, 676, 1177)
(676, 782, 1177)
(1460, 782, 1350)
(782, 1460, 1177)
(1460, 767, 830)
(767, 1460, 1350)
(1350, 1019, 1053)
(1019, 1350, 782)
(767, 1053, 624)
(1053, 767, 1350)
(368, 1303, 1485)
(1303, 368, 1507)
(1110, 368, 1455)
(1507, 368, 1110)
(767, 1034, 830)
(1034, 767, 624)
(374, 1034, 532)
(1034, 374, 830)
(1190, 753, 1189)
(777, 753, 1190)
(1550, 679, 1472)
(679, 1550, 1348)
(679, 1348, 753)
(753, 777, 679)
(1439, 320, 292)
(510, 320, 1439)
(320, 510, 293)
(293, 510, 334)
(1316, 774, 887)
(1316, 887, 702)
(202, 307, 1526)
(307, 202, 100)
(300, 100, 1377)
(307, 100, 300)
(386, 1192, 1191)
(1192, 386, 1264)
(1264, 774, 1316)
(774, 1264, 386)
(1352, 974, 561)
(561, 974, 744)
(865, 744, 974)
(744, 865, 547)
(72, 561, 762)
(561, 72, 1352)
(891, 476, 692)
(476, 1351, 692)
(498, 975, 701)
(975, 498, 399)
(399, 1306, 1351)
(1306, 399, 1483)
(975, 476, 600)
(600, 707, 975)
(600, 1137, 707)
(1137, 600, 1404)
(975, 399, 476)
(476, 399, 1351)
(510, 100, 202)
(100, 510, 1439)
(678, 1375, 37)
(1375, 678, 223)
(1276, 986, 712)
(1276, 712, 452)
(1511, 425, 955)
(425, 1511, 265)
(533, 1419, 205)
(1419, 343, 205)
(1059, 533, 205)
(533, 1059, 789)
(441, 668, 219)
(668, 441, 321)
(612, 369, 1535)
(369, 612, 109)
(425, 1004, 955)
(1004, 425, 823)
(512, 463, 389)
(389, 463, 338)
(848, 369, 130)
(369, 109, 130)
(1360, 831, 1385)
(831, 1360, 393)
(483, 251, 1089)
(1089, 251, 17)
(653, 251, 483)
(251, 653, 442)
(831, 653, 1385)
(653, 831, 442)
(319, 389, 248)
(248, 389, 338)
(1535, 441, 612)
(441, 1535, 321)
(393, 1360, 1419)
(1419, 1360, 343)
(17, 1059, 1089)
(1059, 17, 789)
(265, 163, 21)
(163, 265, 1511)
(248, 130, 319)
(130, 248, 848)
(219, 463, 512)
(463, 219, 668)
(346, 823, 245)
(823, 346, 1004)
(676, 1019, 782)
(1019, 676, 306)
(1548, 1489, 1496)
(1496, 1489, 596)
(1269, 1548, 36)
(1548, 1269, 1489)
(1080, 1077, 1496)
(1496, 596, 1080)
(74, 1527, 1525)
(1527, 74, 481)
(74, 1138, 481)
(1138, 74, 1139)
(550, 1354, 783)
(1354, 550, 1269)
(611, 1530, 672)
(1530, 222, 672)
(1530, 611, 159)
(197, 1373, 581)
(581, 1373, 584)
(693, 584, 1373)
(584, 693, 347)
(1525, 1527, 890)
(890, 1527, 690)
(1080, 914, 1077)
(1077, 914, 1270)
(1135, 914, 1080)
(914, 1135, 846)
(1417, 172, 549)
(172, 1417, 160)
(1242, 857, 392)
(857, 1242, 1361)
(795, 1031, 206)
(1031, 795, 1321)
(1031, 1321, 1251)
(8, 597, 995)
(995, 597, 1031)
(316, 995, 1251)
(1387, 64, 519)
(172, 31, 180)
(172, 180, 549)
(549, 527, 161)
(549, 180, 527)
(161, 1292, 997)
(1292, 161, 527)
(1417, 1242, 160)
(1242, 1417, 1361)
(1417, 997, 1361)
(1417, 161, 997)
(161, 1417, 549)
(1530, 936, 222)
(936, 1530, 101)
(1153, 570, 257)
(570, 1153, 919)
(1153, 710, 919)
(1508, 9, 344)
(344, 9, 1504)
(1508, 154, 9)
(154, 1508, 47)
(1324, 1532, 1114)
(1532, 1324, 820)
(35, 1324, 1149)
(1324, 35, 820)
(1361, 1292, 857)
(1292, 1361, 997)
(176, 1218, 1459)
(1218, 176, 253)
(683, 1293, 1447)
(1293, 683, 1252)
(288, 828, 1551)
(828, 288, 808)
(808, 683, 1447)
(683, 808, 288)
(746, 711, 1459)
(1459, 939, 746)
(388, 383, 711)
(383, 388, 1167)
(383, 1459, 711)
(1459, 383, 176)
(1218, 253, 350)
(1218, 350, 1313)
(1245, 1252, 459)
(1252, 1245, 1386)
(1251, 1321, 110)
(1251, 995, 1031)
(519, 64, 110)
(519, 110, 1321)
(1414, 673, 271)
(1414, 271, 1468)
(673, 1262, 178)
(1414, 1468, 1336)
(1414, 1262, 673)
(271, 673, 33)
(1533, 785, 1353)
(644, 785, 1533)
(1533, 1353, 1469)
(1469, 1353, 1319)
(298, 1469, 308)
(298, 1533, 1469)
(1176, 765, 284)
(765, 1176, 657)
(1280, 657, 1176)
(657, 1280, 460)
(291, 460, 1062)
(460, 1280, 1062)
(1062, 1297, 291)
(1297, 1062, 757)
(757, 289, 1297)
(289, 757, 853)
(674, 340, 1558)
(340, 674, 488)
(458, 765, 1120)
(765, 458, 284)
(674, 1120, 488)
(1120, 674, 458)
(408, 1148, 801)
(1148, 408, 1509)
(7, 1409, 34)
(34, 1409, 1290)
(1409, 1337, 1281)
(1337, 1409, 7)
(1538, 801, 1148)
(801, 1538, 938)
(1094, 1282, 1098)
(1282, 1094, 348)
(677, 38, 266)
(266, 38, 1518)
(1147, 999, 1552)
(999, 1147, 150)
(1133, 1552, 999)
(999, 1285, 1133)
(604, 398, 38)
(398, 1518, 38)
(580, 444, 1273)
(444, 1458, 1273)
(1098, 895, 920)
(895, 188, 920)
(659, 960, 1243)
(960, 677, 1243)
(266, 647, 930)
(647, 266, 1518)
(1282, 1018, 895)
(895, 1098, 1282)
(960, 604, 38)
(960, 38, 677)
(659, 1243, 444)
(444, 1243, 1458)
(1018, 1147, 895)
(1147, 1552, 895)
(1552, 1133, 895)
(895, 1133, 188)
(1133, 866, 188)
(866, 1133, 1285)
(647, 398, 378)
(398, 647, 1518)
(188, 866, 920)
(920, 866, 1381)
(1243, 266, 1458)
(266, 1243, 677)
(378, 190, 647)
(190, 930, 647)
(1018, 949, 1147)
(1147, 949, 150)
(580, 1273, 190)
(190, 1273, 930)
(920, 1094, 1098)
(1094, 920, 1381)
(1282, 949, 1018)
(949, 1282, 348)
(1273, 1458, 266)
(266, 930, 1273)
(1428, 1435, 1557)
(1435, 182, 1557)
(1432, 1557, 546)
(1557, 1432, 1428)
(357, 1432, 1226)
(1432, 546, 1226)
(276, 182, 273)
(1435, 273, 182)
(277, 1328, 1052)
(1328, 277, 1049)
(272, 1226, 244)
(1226, 272, 357)
(277, 1050, 1049)
(1050, 277, 1434)
(1050, 272, 244)
(1434, 272, 1050)
(1328, 273, 1052)
(273, 1328, 276)
(772, 18, 807)
(807, 18, 733)
(171, 1111, 1389)
(1111, 171, 390)
(1200, 1486, 829)
(829, 1486, 341)
(829, 341, 1484)
(341, 487, 1484)
(1486, 1540, 650)
(1540, 1486, 1200)
(761, 296, 1028)
(296, 559, 1028)
(745, 1208, 189)
(1208, 745, 1422)
(189, 18, 772)
(18, 189, 1208)
(808, 1456, 940)
(1456, 808, 1447)
(285, 253, 68)
(253, 285, 350)
(1386, 1197, 1252)
(1252, 1197, 1293)
(1452, 982, 626)
(982, 1452, 151)
(763, 824, 688)
(688, 623, 763)
(230, 112, 688)
(112, 230, 151)
(1322, 249, 824)
(249, 1322, 873)
(249, 688, 824)
(688, 249, 230)
(1452, 112, 151)
(112, 1452, 832)
(816, 181, 164)
(164, 447, 816)
(416, 113, 375)
(113, 416, 94)
(447, 164, 377)
(447, 377, 730)
(375, 816, 416)
(816, 375, 181)
(1260, 94, 416)
(94, 1260, 1159)
(375, 375, 181)
(181, 375, 181)
(364, 747, 912)
(747, 364, 434)
(1286, 1327, 255)
(1286, 255, 1040)
(747, 434, 376)
(747, 376, 1320)
(1286, 912, 1327)
(912, 1286, 364)
(912, 1497, 1327)
(1497, 912, 404)
(1286, 364, 1286)
(364, 1286, 364)
(32, 209, 1369)
(32, 1369, 303)
(1010, 917, 724)
(724, 917, 1392)
(917, 1010, 445)
(445, 435, 917)
(566, 313, 618)
(618, 313, 1104)
(1493, 204, 454)
(454, 143, 1493)
(204, 1493, 954)
(954, 1493, 1555)
(143, 454, 821)
(821, 99, 143)
(435, 445, 618)
(618, 1104, 435)
(724, 1392, 821)
(821, 1392, 99)
(524, 992, 1021)
(1021, 992, 961)
(727, 1314, 1037)
(727, 1037, 12)
(1037, 1146, 428)
(1146, 1037, 1314)
(727, 464, 52)
(464, 727, 12)
(1195, 1244, 448)
(1244, 1195, 1503)
(1146, 1299, 353)
(1146, 353, 428)
(1195, 353, 1299)
(353, 1195, 448)
(1503, 1016, 541)
(1503, 541, 1244)
(541, 52, 464)
(52, 541, 1016)
(1021, 961, 1132)
(1132, 961, 1289)
(511, 354, 449)
(449, 354, 606)
(449, 606, 1454)
(1454, 606, 1219)
(215, 53, 511)
(511, 53, 354)
(931, 1393, 524)
(524, 1393, 992)
(1454, 1219, 1209)
(1209, 1219, 162)
(1209, 162, 931)
(931, 162, 1393)
(22, 413, 913)
(22, 913, 962)
(539, 22, 962)
(539, 962, 525)
(525, 979, 665)
(525, 665, 539)
(665, 750, 406)
(750, 665, 979)
(406, 167, 667)
(167, 406, 750)
(414, 1556, 1240)
(1240, 1556, 882)
(407, 913, 413)
(913, 407, 751)
(1240, 751, 407)
(751, 1240, 882)
(657, 134, 765)
(134, 657, 752)
(460, 752, 657)
(752, 460, 102)
(460, 291, 102)
(719, 102, 291)
(291, 1426, 719)
(1426, 291, 1297)
(1297, 133, 1426)
(133, 1297, 289)
(488, 1384, 340)
(1384, 488, 23)
(1120, 134, 607)
(134, 1120, 765)
(488, 607, 23)
(607, 488, 1120)
(926, 1156, 1033)
(1156, 926, 548)
(548, 294, 494)
(294, 548, 926)
(1038, 812, 685)
(1038, 685, 714)
(1156, 1524, 1033)
(1033, 1524, 226)
(1367, 1156, 548)
(1156, 1367, 1543)
(395, 548, 494)
(548, 395, 1367)
(1524, 685, 322)
(685, 1524, 1215)
(1156, 1543, 1524)
(1543, 1215, 1524)
(1329, 926, 2)
(2, 926, 1033)
(25, 294, 1495)
(294, 25, 494)
(1394, 981, 2)
(1394, 2, 1155)
(1394, 104, 1235)
(104, 1394, 1155)
(797, 419, 397)
(419, 797, 24)
(25, 1395, 395)
(25, 395, 494)
(1524, 104, 226)
(104, 1524, 322)
(1038, 24, 797)
(24, 1038, 714)
(104, 1155, 226)
(263, 1329, 981)
(981, 1329, 2)
(397, 395, 1395)
(395, 397, 419)
(1329, 294, 926)
(395, 419, 1367)
(263, 1495, 294)
(263, 294, 1329)
(714, 685, 1215)
(987, 1235, 104)
(987, 104, 322)
(608, 639, 758)
(639, 608, 526)
(1358, 1078, 876)
(1358, 876, 1081)
(499, 1358, 1081)
(1358, 499, 625)
(387, 876, 1078)
(876, 387, 242)
(526, 883, 1397)
(883, 526, 608)
(883, 238, 1397)
(238, 883, 269)
(1102, 608, 758)
(758, 728, 1102)
(536, 1397, 238)
(1397, 536, 1239)
(718, 796, 963)
(796, 718, 983)
(744, 646, 561)
(646, 744, 1467)
(702, 744, 1316)
(744, 702, 1467)
(646, 887, 774)
(774, 561, 646)
(963, 429, 718)
(429, 963, 87)
(429, 87, 155)
(155, 810, 429)
(983, 1236, 833)
(1236, 983, 718)
(87, 217, 944)
(944, 155, 87)
(1521, 152, 1223)
(159, 101, 1530)
(834, 124, 492)
(492, 809, 834)
(1505, 356, 472)
(356, 1505, 335)
(1396, 492, 124)
(1396, 124, 332)
(1250, 335, 1505)
(335, 1250, 1230)
(1237, 347, 355)
(347, 1237, 584)
(1354, 793, 693)
(1354, 693, 1373)
(1227, 584, 1237)
(584, 1227, 581)
(783, 1354, 1373)
(783, 1373, 197)
(335, 124, 356)
(124, 834, 356)
(779, 731, 619)
(619, 156, 779)
(1000, 1085, 1022)
(1085, 1000, 401)
(120, 932, 1424)
(932, 120, 1210)
(1480, 1424, 932)
(1424, 1480, 103)
(295, 822, 1440)
(822, 295, 1071)
(1071, 945, 822)
(945, 1071, 1345)
(1345, 1210, 120)
(1345, 120, 945)
(1480, 1001, 658)
(1480, 658, 103)
(862, 529, 656)
(656, 384, 862)
(417, 1421, 560)
(1421, 417, 396)
(1492, 779, 156)
(779, 1492, 638)
(401, 1000, 731)
(1000, 619, 731)
(1531, 770, 1522)
(770, 1531, 1220)
(946, 1522, 1400)
(1522, 946, 1531)
(858, 1425, 903)
(858, 903, 645)
(645, 903, 54)
(54, 453, 645)
(453, 770, 1220)
(770, 453, 54)
(385, 1425, 858)
(1425, 385, 250)
(139, 247, 117)
(247, 139, 279)
(664, 1479, 1520)
(664, 1520, 1399)
(42, 479, 986)
(986, 1276, 42)
(699, 37, 281)
(37, 699, 678)
(279, 1238, 247)
(1238, 279, 567)
(1441, 1164, 384)
(862, 384, 1164)
(656, 396, 417)
(396, 656, 529)
(1145, 179, 947)
(179, 1145, 1371)
(993, 1157, 1082)
(1157, 993, 904)
(1105, 1376, 1046)
(1376, 1105, 1442)
(528, 221, 994)
(221, 528, 123)
(1145, 904, 993)
(904, 1145, 947)
(1371, 689, 179)
(689, 1371, 1202)
(528, 1046, 123)
(1046, 528, 1105)
(1376, 216, 1121)
(216, 1376, 1442)
(1039, 376, 434)
(376, 1039, 239)
(434, 364, 364)
(434, 364, 434)
(1286, 1040, 1040)
(1040, 1286, 1286)
(376, 434, 434)
(434, 376, 376)
(377, 877, 1523)
(877, 377, 164)
(164, 377, 377)
(377, 164, 164)
(375, 113, 113)
(375, 113, 375)
(164, 181, 181)
(164, 181, 164)
(1203, 282, 317)
(282, 1203, 948)
(317, 1301, 1301)
(1301, 317, 317)
(282, 317, 317)
(317, 282, 282)
(1512, 1512, 827)
(1512, 827, 827)
(462, 1342, 1005)
(1342, 462, 339)
(339, 339, 252)
(339, 252, 252)
(339, 462, 462)
(462, 339, 339)
(440, 462, 462)
(462, 440, 440)
