(0.259267,  0.923770,  -0.334557),  (0.381483,  0.228011)
(0.254570,  0.912844,  -0.320466),  (0.392472,  0.236621)
(0.259267,  0.912844,  -0.334557),  (0.389451,  0.225789)
(0.254570,  0.912844,  -0.320466),  (0.392472,  0.236621)
(0.259267,  0.923770,  -0.334557),  (0.381483,  0.228011)
(0.254570,  0.923770,  -0.320466),  (0.384618,  0.238387)
(0.262920,  0.931527,  -0.330904),  (0.375416,  0.231856)
(0.259267,  0.934241,  -0.320466),  (0.377063,  0.239915)
(0.254570,  0.923770,  -0.320466),  (0.384618,  0.238387)
(0.254570,  0.923770,  -0.320466),  (0.384618,  0.238387)
(0.259267,  0.923770,  -0.334557),  (0.381483,  0.228011)
(0.262920,  0.931527,  -0.330904),  (0.375416,  0.231856)
(0.259267,  0.934241,  -0.299940),  (0.378317,  0.253723)
(0.254570,  0.923770,  -0.320466),  (0.384618,  0.238387)
(0.259267,  0.934241,  -0.320466),  (0.377063,  0.239915)
(0.254570,  0.923770,  -0.320466),  (0.384618,  0.238387)
(0.259267,  0.934241,  -0.299940),  (0.378317,  0.253723)
(0.254570,  0.923770,  -0.299940),  (0.386781,  0.252973)
(0.254570,  0.923770,  -0.299940),  (0.386781,  0.252973)
(0.254570,  0.912844,  -0.320466),  (0.392472,  0.236621)
(0.254570,  0.923770,  -0.320466),  (0.384618,  0.238387)
(0.254570,  0.912844,  -0.320466),  (0.392472,  0.236621)
(0.254570,  0.923770,  -0.299940),  (0.386781,  0.252973)
(0.257576,  0.911751,  -0.300566),  (0.395908,  0.251469)
(0.287449,  0.759403,  -0.299940),  (0.354990,  0.080757)
(0.273358,  0.754961,  -0.299940),  (0.365375,  0.080189)
(0.273358,  0.754961,  -0.275937),  (0.365118,  0.062701)
(0.287449,  0.759403,  -0.299940),  (0.354990,  0.080757)
(0.273358,  0.754961,  -0.275937),  (0.365118,  0.062701)
(0.287449,  0.759403,  -0.275937),  (0.353860,  0.063071)
(0.259267,  0.759403,  -0.299940),  (0.375771,  0.080451)
(0.273358,  0.754961,  -0.275937),  (0.365118,  0.062701)
(0.273358,  0.754961,  -0.299940),  (0.365375,  0.080189)
(0.273358,  0.754961,  -0.275937),  (0.365118,  0.062701)
(0.259267,  0.759403,  -0.299940),  (0.375771,  0.080451)
(0.259267,  0.759403,  -0.275937),  (0.376382,  0.062740)
(0.292145,  0.923770,  -0.299940),  (0.348993,  0.253540)
(0.292145,  0.912844,  -0.320466),  (0.342815,  0.237366)
(0.289140,  0.911751,  -0.300566),  (0.339826,  0.252311)
(0.292145,  0.912844,  -0.320466),  (0.342815,  0.237366)
(0.292145,  0.923770,  -0.299940),  (0.348993,  0.253540)
(0.292145,  0.923770,  -0.320466),  (0.350718,  0.238896)
(0.287449,  0.934241,  -0.299940),  (0.357476,  0.254036)
(0.287449,  0.934241,  -0.320466),  (0.358315,  0.240196)
(0.292145,  0.923770,  -0.320466),  (0.350718,  0.238896)
(0.287449,  0.934241,  -0.299940),  (0.357476,  0.254036)
(0.292145,  0.923770,  -0.320466),  (0.350718,  0.238896)
(0.292145,  0.923770,  -0.299940),  (0.348993,  0.253540)
(0.283796,  0.931527,  -0.330904),  (0.359720,  0.232092)
(0.292145,  0.923770,  -0.320466),  (0.350718,  0.238896)
(0.287449,  0.934241,  -0.320466),  (0.358315,  0.240196)
(0.292145,  0.923770,  -0.320466),  (0.350718,  0.238896)
(0.283796,  0.931527,  -0.330904),  (0.359720,  0.232092)
(0.287449,  0.923770,  -0.334557),  (0.353540,  0.228431)
(0.287449,  0.923770,  -0.334557),  (0.353540,  0.228431)
(0.292145,  0.912844,  -0.320466),  (0.342815,  0.237366)
(0.292145,  0.923770,  -0.320466),  (0.350718,  0.238896)
(0.292145,  0.912844,  -0.320466),  (0.342815,  0.237366)
(0.287449,  0.923770,  -0.334557),  (0.353540,  0.228431)
(0.287449,  0.912844,  -0.334557),  (0.345509,  0.226448)
(0.287449,  0.923770,  -0.334557),  (0.357014,  0.225423)
(0.273358,  0.912844,  -0.339254),  (0.367340,  0.216775)
(0.287449,  0.912844,  -0.334557),  (0.356534,  0.217290)
(0.273358,  0.912844,  -0.339254),  (0.367340,  0.216775)
(0.287449,  0.923770,  -0.334557),  (0.357014,  0.225423)
(0.273358,  0.923770,  -0.339254),  (0.367453,  0.224352)
(0.283796,  0.931527,  -0.330904),  (0.359720,  0.232092)
(0.273358,  0.934241,  -0.334557),  (0.367559,  0.231416)
(0.273358,  0.923770,  -0.339254),  (0.367453,  0.224352)
(0.273358,  0.923770,  -0.339254),  (0.367453,  0.224352)
(0.287449,  0.923770,  -0.334557),  (0.357014,  0.225423)
(0.283796,  0.931527,  -0.330904),  (0.359720,  0.232092)
(0.262920,  0.931527,  -0.330904),  (0.375416,  0.231856)
(0.273358,  0.923770,  -0.339254),  (0.367453,  0.224352)
(0.273358,  0.934241,  -0.334557),  (0.367559,  0.231416)
(0.273358,  0.923770,  -0.339254),  (0.367453,  0.224352)
(0.262920,  0.931527,  -0.330904),  (0.375416,  0.231856)
(0.259267,  0.923770,  -0.334557),  (0.377920,  0.225109)
(0.259267,  0.923770,  -0.334557),  (0.377920,  0.225109)
(0.273358,  0.912844,  -0.339254),  (0.367340,  0.216775)
(0.273358,  0.923770,  -0.339254),  (0.367453,  0.224352)
(0.273358,  0.912844,  -0.339254),  (0.367340,  0.216775)
(0.259267,  0.923770,  -0.334557),  (0.377920,  0.225109)
(0.259267,  0.912844,  -0.334557),  (0.378156,  0.216966)
(0.259267,  0.759403,  -0.320466),  (0.374815,  0.093934)
(0.259267,  0.759403,  -0.299940),  (0.375771,  0.080451)
(0.273358,  0.754961,  -0.320466),  (0.365575,  0.093824)
(0.273358,  0.754961,  -0.320466),  (0.365575,  0.093824)
(0.259267,  0.759403,  -0.299940),  (0.375771,  0.080451)
(0.273358,  0.754961,  -0.299940),  (0.365375,  0.080189)
(0.287449,  0.759403,  -0.320466),  (0.356342,  0.094206)
(0.273358,  0.754961,  -0.320466),  (0.365575,  0.093824)
(0.287449,  0.759403,  -0.299940),  (0.354990,  0.080757)
(0.273358,  0.754961,  -0.320466),  (0.365575,  0.093824)
(0.273358,  0.754961,  -0.299940),  (0.365375,  0.080189)
(0.287449,  0.759403,  -0.299940),  (0.354990,  0.080757)
(0.283796,  0.762859,  -0.330904),  (0.357740,  0.102370)
(0.273358,  0.759403,  -0.334557),  (0.365702,  0.102469)
(0.273358,  0.754961,  -0.320466),  (0.365575,  0.093824)
(0.273358,  0.754961,  -0.320466),  (0.365575,  0.093824)
(0.287449,  0.759403,  -0.320466),  (0.356342,  0.094206)
(0.283796,  0.762859,  -0.330904),  (0.357740,  0.102370)
(0.262920,  0.762859,  -0.330904),  (0.373658,  0.102136)
(0.273358,  0.754961,  -0.320466),  (0.365575,  0.093824)
(0.273358,  0.759403,  -0.334557),  (0.365702,  0.102469)
(0.273358,  0.754961,  -0.320466),  (0.365575,  0.093824)
(0.262920,  0.762859,  -0.330904),  (0.373658,  0.102136)
(0.259267,  0.759403,  -0.320466),  (0.374815,  0.093934)
(0.287449,  0.934241,  -0.299940),  (0.357476,  0.254036)
(0.273358,  0.937732,  -0.299940),  (0.367902,  0.254224)
(0.273358,  0.937732,  -0.320466),  (0.367691,  0.240192)
(0.287449,  0.934241,  -0.299940),  (0.357476,  0.254036)
(0.273358,  0.937732,  -0.320466),  (0.367691,  0.240192)
(0.287449,  0.934241,  -0.320466),  (0.358315,  0.240196)
(0.259267,  0.934241,  -0.299940),  (0.378317,  0.253723)
(0.273358,  0.937732,  -0.320466),  (0.367691,  0.240192)
(0.273358,  0.937732,  -0.299940),  (0.367902,  0.254224)
(0.273358,  0.937732,  -0.320466),  (0.367691,  0.240192)
(0.259267,  0.934241,  -0.299940),  (0.378317,  0.253723)
(0.259267,  0.934241,  -0.320466),  (0.377063,  0.239915)
(0.259267,  0.934241,  -0.320466),  (0.377063,  0.239915)
(0.262920,  0.931527,  -0.330904),  (0.375416,  0.231856)
(0.273358,  0.937732,  -0.320466),  (0.367691,  0.240192)
(0.273358,  0.937732,  -0.320466),  (0.367691,  0.240192)
(0.262920,  0.931527,  -0.330904),  (0.375416,  0.231856)
(0.273358,  0.934241,  -0.334557),  (0.367559,  0.231416)
(0.287449,  0.934241,  -0.320466),  (0.358315,  0.240196)
(0.273358,  0.937732,  -0.320466),  (0.367691,  0.240192)
(0.283796,  0.931527,  -0.330904),  (0.359720,  0.232092)
(0.273358,  0.937732,  -0.320466),  (0.367691,  0.240192)
(0.273358,  0.934241,  -0.334557),  (0.367559,  0.231416)
(0.283796,  0.931527,  -0.330904),  (0.359720,  0.232092)
(0.287449,  0.912844,  -0.334557),  (0.356534,  0.217290)
(0.273358,  0.912844,  -0.339254),  (0.367340,  0.216775)
(0.273358,  0.902074,  -0.339254),  (0.367222,  0.208934)
(0.287449,  0.912844,  -0.334557),  (0.356534,  0.217290)
(0.273358,  0.902074,  -0.339254),  (0.367222,  0.208934)
(0.287449,  0.902074,  -0.334557),  (0.356099,  0.209387)
(0.259267,  0.912844,  -0.334557),  (0.378156,  0.216966)
(0.273358,  0.902074,  -0.339254),  (0.367222,  0.208934)
(0.273358,  0.912844,  -0.339254),  (0.367340,  0.216775)
(0.273358,  0.902074,  -0.339254),  (0.367222,  0.208934)
(0.259267,  0.912844,  -0.334557),  (0.378156,  0.216966)
(0.259267,  0.902074,  -0.334557),  (0.378370,  0.209059)
(0.273358,  0.902074,  -0.339254),  (0.367222,  0.208934)
(0.273358,  0.798612,  -0.339254),  (0.366106,  0.129979)
(0.287449,  0.902074,  -0.334557),  (0.356099,  0.209387)
(0.287449,  0.902074,  -0.334557),  (0.356099,  0.209387)
(0.273358,  0.798612,  -0.339254),  (0.366106,  0.129979)
(0.287449,  0.798612,  -0.334557),  (0.354821,  0.129993)
(0.292145,  0.912844,  -0.320466),  (0.345754,  0.217937)
(0.287449,  0.902074,  -0.306376),  (0.333531,  0.211363)
(0.289140,  0.911751,  -0.300566),  (0.331559,  0.219683)
(0.287449,  0.902074,  -0.306376),  (0.333531,  0.211363)
(0.292145,  0.912844,  -0.320466),  (0.345754,  0.217937)
(0.292145,  0.902074,  -0.320466),  (0.344907,  0.210154)
(0.287449,  0.912844,  -0.334557),  (0.356534,  0.217290)
(0.292145,  0.902074,  -0.320466),  (0.344907,  0.210154)
(0.292145,  0.912844,  -0.320466),  (0.345754,  0.217937)
(0.292145,  0.902074,  -0.320466),  (0.344907,  0.210154)
(0.287449,  0.912844,  -0.334557),  (0.356534,  0.217290)
(0.287449,  0.902074,  -0.334557),  (0.356099,  0.209387)
(0.273358,  0.909354,  -0.295243),  (0.414551,  0.215266)
(0.259267,  0.902074,  -0.306376),  (0.400943,  0.210411)
(0.257576,  0.911751,  -0.300566),  (0.403142,  0.218666)
(0.259267,  0.902074,  -0.306376),  (0.400943,  0.210411)
(0.273358,  0.909354,  -0.295243),  (0.414551,  0.215266)
(0.273358,  0.902074,  -0.301679),  (0.411920,  0.208914)
(0.273358,  0.909354,  -0.295243),  (0.320056,  0.216594)
(0.287449,  0.902074,  -0.306376),  (0.333531,  0.211363)
(0.273358,  0.902074,  -0.301679),  (0.322512,  0.210170)
(0.287449,  0.902074,  -0.306376),  (0.333531,  0.211363)
(0.273358,  0.909354,  -0.295243),  (0.320056,  0.216594)
(0.289140,  0.911751,  -0.300566),  (0.331559,  0.219683)
(0.259267,  0.912844,  -0.334557),  (0.378156,  0.216966)
(0.254570,  0.912844,  -0.320466),  (0.388918,  0.217311)
(0.254570,  0.902074,  -0.320466),  (0.389545,  0.209521)
(0.259267,  0.912844,  -0.334557),  (0.378156,  0.216966)
(0.254570,  0.902074,  -0.320466),  (0.389545,  0.209521)
(0.259267,  0.902074,  -0.334557),  (0.378370,  0.209059)
(0.254570,  0.912844,  -0.320466),  (0.388918,  0.217311)
(0.259267,  0.902074,  -0.306376),  (0.400943,  0.210411)
(0.254570,  0.902074,  -0.320466),  (0.389545,  0.209521)
(0.259267,  0.902074,  -0.306376),  (0.400943,  0.210411)
(0.254570,  0.912844,  -0.320466),  (0.388918,  0.217311)
(0.257576,  0.911751,  -0.300566),  (0.403142,  0.218666)
(0.259267,  0.772730,  -0.334557),  (0.381155,  0.106243)
(0.254570,  0.772730,  -0.320466),  (0.383996,  0.095797)
(0.262920,  0.762859,  -0.330904),  (0.373658,  0.102136)
(0.254570,  0.772730,  -0.320466),  (0.383996,  0.095797)
(0.259267,  0.759403,  -0.320466),  (0.374815,  0.093934)
(0.262920,  0.762859,  -0.330904),  (0.373658,  0.102136)
(0.259267,  0.786607,  -0.334557),  (0.391332,  0.108718)
(0.254570,  0.786607,  -0.320466),  (0.393981,  0.097824)
(0.254570,  0.772730,  -0.320466),  (0.383996,  0.095797)
(0.259267,  0.786607,  -0.334557),  (0.391332,  0.108718)
(0.254570,  0.772730,  -0.320466),  (0.383996,  0.095797)
(0.259267,  0.772730,  -0.334557),  (0.381155,  0.106243)
(0.254570,  0.786607,  -0.320466),  (0.393981,  0.097824)
(0.254570,  0.772730,  -0.299940),  (0.386050,  0.081241)
(0.254570,  0.772730,  -0.320466),  (0.383996,  0.095797)
(0.254570,  0.772730,  -0.299940),  (0.386050,  0.081241)
(0.254570,  0.786607,  -0.320466),  (0.393981,  0.097824)
(0.257576,  0.788008,  -0.300566),  (0.397476,  0.082958)
(0.259267,  0.759403,  -0.299940),  (0.375771,  0.080451)
(0.254570,  0.772730,  -0.320466),  (0.383996,  0.095797)
(0.254570,  0.772730,  -0.299940),  (0.386050,  0.081241)
(0.254570,  0.772730,  -0.320466),  (0.383996,  0.095797)
(0.259267,  0.759403,  -0.299940),  (0.375771,  0.080451)
(0.259267,  0.759403,  -0.320466),  (0.374815,  0.093934)
(0.287449,  0.786058,  -0.275937),  (0.332450,  0.065048)
(0.292145,  0.772730,  -0.299940),  (0.344740,  0.081848)
(0.292145,  0.772730,  -0.275937),  (0.343127,  0.063989)
(0.292145,  0.772730,  -0.299940),  (0.344740,  0.081848)
(0.287449,  0.786058,  -0.275937),  (0.332450,  0.065048)
(0.289140,  0.788008,  -0.300566),  (0.333369,  0.083900)
(0.287449,  0.759403,  -0.299940),  (0.354990,  0.080757)
(0.292145,  0.772730,  -0.275937),  (0.343127,  0.063989)
(0.292145,  0.772730,  -0.299940),  (0.344740,  0.081848)
(0.292145,  0.772730,  -0.275937),  (0.343127,  0.063989)
(0.287449,  0.759403,  -0.299940),  (0.354990,  0.080757)
(0.287449,  0.759403,  -0.275937),  (0.353860,  0.063071)
(0.292145,  0.772730,  -0.299940),  (0.344740,  0.081848)
(0.292145,  0.772730,  -0.320466),  (0.347220,  0.096337)
(0.287449,  0.759403,  -0.299940),  (0.354990,  0.080757)
(0.292145,  0.772730,  -0.320466),  (0.347220,  0.096337)
(0.287449,  0.759403,  -0.320466),  (0.356342,  0.094206)
(0.287449,  0.759403,  -0.299940),  (0.354990,  0.080757)
(0.292145,  0.786607,  -0.320466),  (0.337299,  0.098657)
(0.292145,  0.772730,  -0.299940),  (0.344740,  0.081848)
(0.289140,  0.788008,  -0.300566),  (0.333369,  0.083900)
(0.292145,  0.772730,  -0.299940),  (0.344740,  0.081848)
(0.292145,  0.786607,  -0.320466),  (0.337299,  0.098657)
(0.292145,  0.772730,  -0.320466),  (0.347220,  0.096337)
(0.287449,  0.786607,  -0.334557),  (0.340267,  0.109468)
(0.292145,  0.772730,  -0.320466),  (0.347220,  0.096337)
(0.292145,  0.786607,  -0.320466),  (0.337299,  0.098657)
(0.292145,  0.772730,  -0.320466),  (0.347220,  0.096337)
(0.287449,  0.786607,  -0.334557),  (0.340267,  0.109468)
(0.287449,  0.772730,  -0.334557),  (0.350367,  0.106696)
(0.287449,  0.772730,  -0.334557),  (0.350367,  0.106696)
(0.283796,  0.762859,  -0.330904),  (0.357740,  0.102370)
(0.292145,  0.772730,  -0.320466),  (0.347220,  0.096337)
(0.292145,  0.772730,  -0.320466),  (0.347220,  0.096337)
(0.283796,  0.762859,  -0.330904),  (0.357740,  0.102370)
(0.287449,  0.759403,  -0.320466),  (0.356342,  0.094206)
(0.287449,  0.772730,  -0.334557),  (0.355172,  0.110583)
(0.273358,  0.772730,  -0.339254),  (0.365831,  0.111224)
(0.283796,  0.762859,  -0.330904),  (0.357740,  0.102370)
(0.273358,  0.772730,  -0.339254),  (0.365831,  0.111224)
(0.273358,  0.759403,  -0.334557),  (0.365702,  0.102469)
(0.283796,  0.762859,  -0.330904),  (0.357740,  0.102370)
(0.287449,  0.786607,  -0.334557),  (0.354982,  0.120969)
(0.273358,  0.786607,  -0.339254),  (0.365976,  0.121093)
(0.273358,  0.772730,  -0.339254),  (0.365831,  0.111224)
(0.287449,  0.786607,  -0.334557),  (0.354982,  0.120969)
(0.273358,  0.772730,  -0.339254),  (0.365831,  0.111224)
(0.287449,  0.772730,  -0.334557),  (0.355172,  0.110583)
(0.259267,  0.786607,  -0.334557),  (0.376961,  0.120647)
(0.273358,  0.772730,  -0.339254),  (0.365831,  0.111224)
(0.273358,  0.786607,  -0.339254),  (0.365976,  0.121093)
(0.273358,  0.772730,  -0.339254),  (0.365831,  0.111224)
(0.259267,  0.786607,  -0.334557),  (0.376961,  0.120647)
(0.259267,  0.772730,  -0.334557),  (0.376467,  0.110271)
(0.259267,  0.772730,  -0.334557),  (0.376467,  0.110271)
(0.262920,  0.762859,  -0.330904),  (0.373658,  0.102136)
(0.273358,  0.772730,  -0.339254),  (0.365831,  0.111224)
(0.273358,  0.772730,  -0.339254),  (0.365831,  0.111224)
(0.262920,  0.762859,  -0.330904),  (0.373658,  0.102136)
(0.273358,  0.759403,  -0.334557),  (0.365702,  0.102469)
(0.259267,  0.913299,  -0.275937),  (0.396738,  0.270338)
(0.254570,  0.923770,  -0.299940),  (0.386781,  0.252973)
(0.254570,  0.923770,  -0.275937),  (0.388034,  0.270997)
(0.254570,  0.923770,  -0.299940),  (0.386781,  0.252973)
(0.259267,  0.913299,  -0.275937),  (0.396738,  0.270338)
(0.257576,  0.911751,  -0.300566),  (0.395908,  0.251469)
(0.259267,  0.934241,  -0.299940),  (0.378317,  0.253723)
(0.259267,  0.934241,  -0.275937),  (0.379293,  0.271596)
(0.254570,  0.923770,  -0.275937),  (0.388034,  0.270997)
(0.259267,  0.934241,  -0.299940),  (0.378317,  0.253723)
(0.254570,  0.923770,  -0.275937),  (0.388034,  0.270997)
(0.254570,  0.923770,  -0.299940),  (0.386781,  0.252973)
(0.273358,  0.909354,  -0.295243),  (0.327825,  0.256902)
(0.287449,  0.913299,  -0.275937),  (0.339564,  0.271197)
(0.289140,  0.911751,  -0.300566),  (0.339826,  0.252311)
(0.287449,  0.913299,  -0.275937),  (0.339564,  0.271197)
(0.273358,  0.909354,  -0.295243),  (0.327825,  0.256902)
(0.273358,  0.909808,  -0.275937),  (0.328487,  0.271632)
(0.273358,  0.909354,  -0.295243),  (0.408042,  0.255696)
(0.259267,  0.913299,  -0.275937),  (0.396738,  0.270338)
(0.273358,  0.909808,  -0.275937),  (0.407822,  0.270441)
(0.259267,  0.913299,  -0.275937),  (0.396738,  0.270338)
(0.273358,  0.909354,  -0.295243),  (0.408042,  0.255696)
(0.257576,  0.911751,  -0.300566),  (0.395908,  0.251469)
(0.259267,  0.934241,  -0.275937),  (0.379293,  0.271596)
(0.259267,  0.934241,  -0.299940),  (0.378317,  0.253723)
(0.273358,  0.937732,  -0.275937),  (0.368168,  0.271930)
(0.273358,  0.937732,  -0.275937),  (0.368168,  0.271930)
(0.259267,  0.934241,  -0.299940),  (0.378317,  0.253723)
(0.273358,  0.937732,  -0.299940),  (0.367902,  0.254224)
(0.287449,  0.934241,  -0.275937),  (0.357039,  0.271930)
(0.273358,  0.937732,  -0.275937),  (0.368168,  0.271930)
(0.287449,  0.934241,  -0.299940),  (0.357476,  0.254036)
(0.273358,  0.937732,  -0.275937),  (0.368168,  0.271930)
(0.273358,  0.937732,  -0.299940),  (0.367902,  0.254224)
(0.287449,  0.934241,  -0.299940),  (0.357476,  0.254036)
(0.259267,  0.786058,  -0.275937),  (0.397841,  0.064087)
(0.273358,  0.791049,  -0.295243),  (0.409592,  0.078518)
(0.273358,  0.790500,  -0.275937),  (0.409098,  0.063805)
(0.273358,  0.791049,  -0.295243),  (0.409592,  0.078518)
(0.259267,  0.786058,  -0.275937),  (0.397841,  0.064087)
(0.257576,  0.788008,  -0.300566),  (0.397476,  0.082958)
(0.287449,  0.786058,  -0.275937),  (0.332450,  0.065048)
(0.273358,  0.791049,  -0.295243),  (0.321127,  0.079818)
(0.289140,  0.788008,  -0.300566),  (0.333369,  0.083900)
(0.273358,  0.791049,  -0.295243),  (0.321127,  0.079818)
(0.287449,  0.786058,  -0.275937),  (0.332450,  0.065048)
(0.273358,  0.790500,  -0.275937),  (0.321189,  0.065098)
(0.287449,  0.934241,  -0.299940),  (0.357476,  0.254036)
(0.292145,  0.923770,  -0.275937),  (0.348283,  0.271594)
(0.287449,  0.934241,  -0.275937),  (0.357039,  0.271930)
(0.292145,  0.923770,  -0.275937),  (0.348283,  0.271594)
(0.287449,  0.934241,  -0.299940),  (0.357476,  0.254036)
(0.292145,  0.923770,  -0.299940),  (0.348993,  0.253540)
(0.292145,  0.923770,  -0.299940),  (0.348993,  0.253540)
(0.287449,  0.913299,  -0.275937),  (0.339564,  0.271197)
(0.292145,  0.923770,  -0.275937),  (0.348283,  0.271594)
(0.287449,  0.913299,  -0.275937),  (0.339564,  0.271197)
(0.292145,  0.923770,  -0.299940),  (0.348993,  0.253540)
(0.289140,  0.911751,  -0.300566),  (0.339826,  0.252311)
(0.259267,  0.759403,  -0.275937),  (0.376382,  0.062740)
(0.259267,  0.759403,  -0.299940),  (0.375771,  0.080451)
(0.254570,  0.772730,  -0.275937),  (0.387137,  0.063342)
(0.254570,  0.772730,  -0.299940),  (0.386050,  0.081241)
(0.254570,  0.772730,  -0.275937),  (0.387137,  0.063342)
(0.259267,  0.759403,  -0.299940),  (0.375771,  0.080451)
(0.259267,  0.786058,  -0.275937),  (0.397841,  0.064087)
(0.254570,  0.772730,  -0.299940),  (0.386050,  0.081241)
(0.257576,  0.788008,  -0.300566),  (0.397476,  0.082958)
(0.254570,  0.772730,  -0.299940),  (0.386050,  0.081241)
(0.259267,  0.786058,  -0.275937),  (0.397841,  0.064087)
(0.254570,  0.772730,  -0.275937),  (0.387137,  0.063342)
(0.287449,  0.798612,  -0.334557),  (0.354821,  0.129993)
(0.273358,  0.798612,  -0.339254),  (0.366106,  0.129979)
(0.287449,  0.786607,  -0.334557),  (0.354982,  0.120969)
(0.273358,  0.798612,  -0.339254),  (0.366106,  0.129979)
(0.273358,  0.786607,  -0.339254),  (0.365976,  0.121093)
(0.287449,  0.786607,  -0.334557),  (0.354982,  0.120969)
(0.259267,  0.902074,  -0.334557),  (0.378370,  0.209059)
(0.259267,  0.798612,  -0.334557),  (0.377378,  0.129667)
(0.273358,  0.902074,  -0.339254),  (0.367222,  0.208934)
(0.273358,  0.902074,  -0.339254),  (0.367222,  0.208934)
(0.259267,  0.798612,  -0.334557),  (0.377378,  0.129667)
(0.273358,  0.798612,  -0.339254),  (0.366106,  0.129979)
(0.292145,  0.902074,  -0.320466),  (0.344907,  0.210154)
(0.292145,  0.798612,  -0.320466),  (0.343442,  0.129666)
(0.287449,  0.902074,  -0.306376),  (0.333531,  0.211363)
(0.287449,  0.902074,  -0.306376),  (0.333531,  0.211363)
(0.292145,  0.798612,  -0.320466),  (0.343442,  0.129666)
(0.287449,  0.798612,  -0.306376),  (0.331509,  0.128981)
(0.259267,  0.798612,  -0.334557),  (0.377378,  0.129667)
(0.259267,  0.786607,  -0.334557),  (0.376961,  0.120647)
(0.273358,  0.798612,  -0.339254),  (0.366106,  0.129979)
(0.273358,  0.798612,  -0.339254),  (0.366106,  0.129979)
(0.259267,  0.786607,  -0.334557),  (0.376961,  0.120647)
(0.273358,  0.786607,  -0.339254),  (0.365976,  0.121093)
(0.292145,  0.786607,  -0.320466),  (0.344012,  0.120708)
(0.287449,  0.798612,  -0.306376),  (0.331509,  0.128981)
(0.292145,  0.798612,  -0.320466),  (0.343442,  0.129666)
(0.287449,  0.798612,  -0.306376),  (0.331509,  0.128981)
(0.292145,  0.786607,  -0.320466),  (0.344012,  0.120708)
(0.289140,  0.788008,  -0.300566),  (0.329074,  0.119687)
(0.292145,  0.798612,  -0.320466),  (0.343442,  0.129666)
(0.292145,  0.902074,  -0.320466),  (0.344907,  0.210154)
(0.287449,  0.902074,  -0.334557),  (0.356099,  0.209387)
(0.287449,  0.902074,  -0.334557),  (0.356099,  0.209387)
(0.287449,  0.798612,  -0.334557),  (0.354821,  0.129993)
(0.292145,  0.798612,  -0.320466),  (0.343442,  0.129666)
(0.273358,  0.798612,  -0.301679),  (0.412358,  0.129452)
(0.259267,  0.902074,  -0.306376),  (0.400943,  0.210411)
(0.273358,  0.902074,  -0.301679),  (0.411920,  0.208914)
(0.259267,  0.902074,  -0.306376),  (0.400943,  0.210411)
(0.273358,  0.798612,  -0.301679),  (0.412358,  0.129452)
(0.259267,  0.798612,  -0.306376),  (0.400687,  0.128002)
(0.287449,  0.798612,  -0.334557),  (0.354821,  0.129993)
(0.287449,  0.786607,  -0.334557),  (0.354982,  0.120969)
(0.292145,  0.798612,  -0.320466),  (0.343442,  0.129666)
(0.292145,  0.798612,  -0.320466),  (0.343442,  0.129666)
(0.287449,  0.786607,  -0.334557),  (0.354982,  0.120969)
(0.292145,  0.786607,  -0.320466),  (0.344012,  0.120708)
(0.259267,  0.798612,  -0.306376),  (0.400687,  0.128002)
(0.273358,  0.791049,  -0.295243),  (0.415072,  0.122457)
(0.257576,  0.788008,  -0.300566),  (0.402865,  0.118637)
(0.273358,  0.791049,  -0.295243),  (0.415072,  0.122457)
(0.259267,  0.798612,  -0.306376),  (0.400687,  0.128002)
(0.273358,  0.798612,  -0.301679),  (0.412358,  0.129452)
(0.273358,  0.798612,  -0.301679),  (0.319886,  0.130753)
(0.273358,  0.902074,  -0.301679),  (0.322512,  0.210170)
(0.287449,  0.902074,  -0.306376),  (0.333531,  0.211363)
(0.287449,  0.902074,  -0.306376),  (0.333531,  0.211363)
(0.287449,  0.798612,  -0.306376),  (0.331509,  0.128981)
(0.273358,  0.798612,  -0.301679),  (0.319886,  0.130753)
(0.254570,  0.902074,  -0.320466),  (0.389545,  0.209521)
(0.259267,  0.798612,  -0.334557),  (0.377378,  0.129667)
(0.259267,  0.902074,  -0.334557),  (0.378370,  0.209059)
(0.259267,  0.798612,  -0.334557),  (0.377378,  0.129667)
(0.254570,  0.902074,  -0.320466),  (0.389545,  0.209521)
(0.254570,  0.798612,  -0.320466),  (0.388772,  0.129022)
(0.287449,  0.798612,  -0.306376),  (0.331509,  0.128981)
(0.273358,  0.791049,  -0.295243),  (0.316982,  0.123839)
(0.273358,  0.798612,  -0.301679),  (0.319886,  0.130753)
(0.273358,  0.791049,  -0.295243),  (0.316982,  0.123839)
(0.287449,  0.798612,  -0.306376),  (0.331509,  0.128981)
(0.289140,  0.788008,  -0.300566),  (0.329074,  0.119687)
(0.259267,  0.798612,  -0.334557),  (0.377378,  0.129667)
(0.254570,  0.798612,  -0.320466),  (0.388772,  0.129022)
(0.259267,  0.786607,  -0.334557),  (0.376961,  0.120647)
(0.254570,  0.798612,  -0.320466),  (0.388772,  0.129022)
(0.254570,  0.786607,  -0.320466),  (0.387946,  0.120072)
(0.259267,  0.786607,  -0.334557),  (0.376961,  0.120647)
(0.254570,  0.798612,  -0.320466),  (0.388772,  0.129022)
(0.254570,  0.902074,  -0.320466),  (0.389545,  0.209521)
(0.259267,  0.902074,  -0.306376),  (0.400943,  0.210411)
(0.259267,  0.902074,  -0.306376),  (0.400943,  0.210411)
(0.259267,  0.798612,  -0.306376),  (0.400687,  0.128002)
(0.254570,  0.798612,  -0.320466),  (0.388772,  0.129022)
(0.259267,  0.798612,  -0.306376),  (0.400687,  0.128002)
(0.254570,  0.786607,  -0.320466),  (0.387946,  0.120072)
(0.254570,  0.798612,  -0.320466),  (0.388772,  0.129022)
(0.254570,  0.786607,  -0.320466),  (0.387946,  0.120072)
(0.259267,  0.798612,  -0.306376),  (0.400687,  0.128002)
(0.257576,  0.788008,  -0.300566),  (0.402865,  0.118637)
(-0.392004,  1.506697,  0.237548),  (0.394291,  0.454412)
(0.393297,  0.014943,  0.237548),  (0.185353,  0.851309)
(-0.392004,  0.014943,  0.237548),  (0.394291,  0.851309)
(0.393297,  0.014943,  0.237548),  (0.185353,  0.851309)
(-0.392004,  1.506697,  0.237548),  (0.394291,  0.454412)
(0.393297,  1.506697,  0.237548),  (0.185353,  0.454412)
(0.393297,  0.002489,  -0.225094),  (0.185353,  0.977714)
(-0.392004,  0.002489,  0.225094),  (0.394291,  0.857936)
(0.393297,  0.002489,  0.225094),  (0.185353,  0.857936)
(-0.392004,  0.002489,  0.225094),  (0.394291,  0.857936)
(0.393297,  0.002489,  -0.225094),  (0.185353,  0.977714)
(-0.392004,  0.002489,  -0.225094),  (0.394291,  0.977714)
(0.393519,  0.015157,  -0.237548),  (0.185294,  0.984398)
(-0.367229,  0.041047,  -0.237548),  (0.387699,  0.991286)
(-0.392226,  0.015157,  -0.237548),  (0.394350,  0.984398)
(-0.367229,  0.041047,  -0.237548),  (0.387699,  0.991286)
(0.393519,  0.015157,  -0.237548),  (0.185294,  0.984398)
(0.368522,  0.041047,  -0.237548),  (0.191945,  0.991286)
(-0.357415,  1.470428,  -0.227556),  (0.688564,  0.378211)
(0.358708,  1.470428,  -0.181604),  (0.879096,  0.471620)
(0.358708,  1.470428,  -0.227556),  (0.879096,  0.378211)
(0.358708,  1.470428,  -0.181604),  (0.879096,  0.471620)
(-0.357415,  1.470428,  -0.227556),  (0.688564,  0.378211)
(-0.357415,  1.470428,  -0.181604),  (0.688564,  0.471620)
(0.358708,  1.470428,  -0.181604),  (0.879096,  0.471620)
(0.358708,  0.051211,  -0.227556),  (0.972505,  0.849217)
(0.358708,  1.470428,  -0.227556),  (0.972505,  0.471620)
(0.358708,  0.051211,  -0.227556),  (0.972505,  0.849217)
(0.358708,  1.470428,  -0.181604),  (0.879096,  0.471620)
(0.358708,  0.051211,  -0.181604),  (0.879096,  0.849217)
(-0.357415,  1.470428,  -0.181604),  (0.688564,  0.471620)
(-0.357415,  0.051211,  -0.227556),  (0.595155,  0.849217)
(-0.357415,  0.051211,  -0.181604),  (0.688564,  0.849217)
(-0.357415,  0.051211,  -0.227556),  (0.595155,  0.849217)
(-0.357415,  1.470428,  -0.181604),  (0.688564,  0.471620)
(-0.357415,  1.470428,  -0.227556),  (0.595155,  0.471620)
(-0.392004,  1.519151,  0.225094),  (0.394291,  0.447785)
(0.393297,  1.519151,  -0.225094),  (0.185353,  0.328008)
(0.393297,  1.519151,  0.225094),  (0.185353,  0.447785)
(0.393297,  1.519151,  -0.225094),  (0.185353,  0.328008)
(-0.392004,  1.519151,  0.225094),  (0.394291,  0.447785)
(-0.392004,  1.519151,  -0.225094),  (0.394291,  0.328008)
(-0.404458,  1.506697,  0.225094),  (0.400918,  0.454412)
(-0.404458,  0.014943,  -0.225094),  (0.520696,  0.851309)
(-0.404459,  1.506697,  -0.225094),  (0.520695,  0.454412)
(-0.404458,  0.014943,  -0.225094),  (0.520696,  0.851309)
(-0.404458,  1.506697,  0.225094),  (0.400918,  0.454412)
(-0.404458,  0.014943,  0.225094),  (0.400918,  0.851309)
(0.358708,  1.470428,  -0.181604),  (0.879096,  0.471620)
(-0.357415,  0.051211,  -0.181604),  (0.688564,  0.849217)
(0.358708,  0.051211,  -0.181604),  (0.879096,  0.849217)
(-0.357415,  0.051211,  -0.181604),  (0.688564,  0.849217)
(0.358708,  1.470428,  -0.181604),  (0.879096,  0.471620)
(-0.357415,  1.470428,  -0.181604),  (0.688564,  0.471620)
(-0.392226,  0.015157,  -0.237548),  (0.527264,  0.851252)
(-0.367229,  1.480592,  -0.237548),  (0.533915,  0.461358)
(-0.392226,  1.506482,  -0.237548),  (0.527264,  0.454469)
(-0.367229,  1.480592,  -0.237548),  (0.533915,  0.461358)
(-0.392226,  0.015157,  -0.237548),  (0.527264,  0.851252)
(-0.367229,  0.041047,  -0.237548),  (0.533914,  0.844364)
(0.393519,  0.015157,  -0.237548),  (0.052381,  0.851252)
(0.393519,  1.506482,  -0.237548),  (0.052381,  0.454469)
(0.368522,  1.480592,  -0.237548),  (0.045730,  0.461358)
(0.393519,  0.015157,  -0.237548),  (0.052381,  0.851252)
(0.368522,  1.480592,  -0.237548),  (0.045730,  0.461358)
(0.368522,  0.041047,  -0.237548),  (0.045730,  0.844364)
(-0.392226,  1.506482,  -0.237548),  (0.394350,  0.321324)
(0.368522,  1.480592,  -0.237548),  (0.191945,  0.314436)
(0.393519,  1.506482,  -0.237548),  (0.185294,  0.321324)
(0.368522,  1.480592,  -0.237548),  (0.191945,  0.314436)
(-0.392226,  1.506482,  -0.237548),  (0.394350,  0.321324)
(-0.367229,  1.480592,  -0.237548),  (0.387699,  0.314435)
(-0.355998,  0.052217,  -0.261485),  (0.482842,  0.437086)
(0.357291,  0.052217,  -0.237548),  (0.672620,  0.443455)
(0.357291,  0.052217,  -0.261485),  (0.672620,  0.437087)
(0.357291,  0.052217,  -0.237548),  (0.672620,  0.443455)
(-0.355998,  0.052217,  -0.261485),  (0.482842,  0.437086)
(-0.355998,  0.052217,  -0.237548),  (0.482842,  0.443455)
(0.348719,  1.460850,  -0.270057),  (0.670340,  0.060025)
(-0.347426,  0.060789,  -0.270057),  (0.485123,  0.432525)
(0.348719,  0.060789,  -0.270057),  (0.670339,  0.432525)
(-0.347426,  0.060789,  -0.270057),  (0.485123,  0.432525)
(0.348719,  1.460850,  -0.270057),  (0.670340,  0.060025)
(-0.347426,  1.460850,  -0.270057),  (0.485123,  0.060025)
(0.357291,  1.469422,  -0.237548),  (0.672620,  0.049095)
(-0.355998,  1.469422,  -0.237548),  (0.482843,  0.049095)
(-0.355998,  1.469422,  -0.261485),  (0.482843,  0.055463)
(0.357291,  1.469422,  -0.237548),  (0.672620,  0.049095)
(-0.355998,  1.469422,  -0.261485),  (0.482843,  0.055463)
(0.357291,  1.469422,  -0.261485),  (0.672620,  0.055464)
(0.357291,  1.469422,  -0.237548),  (0.681270,  0.057744)
(0.357291,  0.052217,  -0.261485),  (0.674900,  0.434806)
(0.357291,  0.052217,  -0.237548),  (0.681270,  0.434806)
(0.357291,  0.052217,  -0.261485),  (0.674900,  0.434806)
(0.357291,  1.469422,  -0.237548),  (0.681270,  0.057744)
(0.357291,  1.469422,  -0.261485),  (0.674901,  0.057744)
(0.392983,  1.274131,  -0.239908),  (0.727727,  0.295221)
(0.383042,  1.222646,  -0.237930),  (0.713252,  0.222236)
(0.383042,  1.274131,  -0.237930),  (0.713352,  0.295241)
(0.383042,  1.222646,  -0.237930),  (0.713252,  0.222236)
(0.392983,  1.274131,  -0.239908),  (0.727727,  0.295221)
(0.392983,  1.222646,  -0.239908),  (0.727620,  0.222226)
(0.401411,  1.274131,  -0.245539),  (0.742101,  0.295199)
(0.392983,  1.222646,  -0.239908),  (0.727620,  0.222226)
(0.392983,  1.274131,  -0.239908),  (0.727727,  0.295221)
(0.392983,  1.222646,  -0.239908),  (0.727620,  0.222226)
(0.401411,  1.274131,  -0.245539),  (0.742101,  0.295199)
(0.401411,  1.222646,  -0.245539),  (0.741984,  0.222214)
(0.407043,  1.274131,  -0.253967),  (0.756475,  0.295174)
(0.401411,  1.222646,  -0.245539),  (0.741984,  0.222214)
(0.401411,  1.274131,  -0.245539),  (0.742101,  0.295199)
(0.401411,  1.222646,  -0.245539),  (0.741984,  0.222214)
(0.407043,  1.274131,  -0.253967),  (0.756475,  0.295174)
(0.407043,  1.222646,  -0.253967),  (0.756344,  0.222201)
(0.409020,  1.274131,  -0.263908),  (0.770849,  0.295147)
(0.407043,  1.222646,  -0.253967),  (0.756344,  0.222201)
(0.407043,  1.274131,  -0.253967),  (0.756475,  0.295174)
(0.407043,  1.222646,  -0.253967),  (0.756344,  0.222201)
(0.409020,  1.274131,  -0.263908),  (0.770849,  0.295147)
(0.409020,  1.222646,  -0.263908),  (0.770699,  0.222187)
(0.407043,  1.274131,  -0.273850),  (0.785222,  0.295115)
(0.409020,  1.222646,  -0.263908),  (0.770699,  0.222187)
(0.409020,  1.274131,  -0.263908),  (0.770849,  0.295147)
(0.409020,  1.222646,  -0.263908),  (0.770699,  0.222187)
(0.407043,  1.274131,  -0.273850),  (0.785222,  0.295115)
(0.407043,  1.222646,  -0.273850),  (0.785049,  0.222170)
(0.401411,  1.274131,  -0.282277),  (0.799595,  0.295078)
(0.407043,  1.222646,  -0.273850),  (0.785049,  0.222170)
(0.407043,  1.274131,  -0.273850),  (0.785222,  0.295115)
(0.407043,  1.222646,  -0.273850),  (0.785049,  0.222170)
(0.401411,  1.274131,  -0.282277),  (0.799595,  0.295078)
(0.401411,  1.222646,  -0.282277),  (0.799393,  0.222150)
(0.392983,  1.274131,  -0.287909),  (0.813967,  0.295034)
(0.401411,  1.222646,  -0.282277),  (0.799393,  0.222150)
(0.401411,  1.274131,  -0.282277),  (0.799595,  0.295078)
(0.401411,  1.222646,  -0.282277),  (0.799393,  0.222150)
(0.392983,  1.274131,  -0.287909),  (0.813967,  0.295034)
(0.392983,  1.222646,  -0.287909),  (0.813730,  0.222128)
(0.381536,  1.274131,  -0.290406),  (0.830584,  0.294972)
(0.392983,  1.222646,  -0.287909),  (0.813730,  0.222128)
(0.392983,  1.274131,  -0.287909),  (0.813967,  0.295034)
(0.392983,  1.222646,  -0.287909),  (0.813730,  0.222128)
(0.381536,  1.274131,  -0.290406),  (0.830584,  0.294972)
(0.381536,  1.222646,  -0.290406),  (0.830290,  0.222096)
(0.373101,  1.274131,  -0.288462),  (0.842852,  0.294919)
(0.381536,  1.222646,  -0.290406),  (0.830290,  0.222096)
(0.381536,  1.274131,  -0.290406),  (0.830584,  0.294972)
(0.381536,  1.222646,  -0.290406),  (0.830290,  0.222096)
(0.373101,  1.274131,  -0.288462),  (0.842852,  0.294919)
(0.373101,  1.222646,  -0.288462),  (0.842517,  0.222069)
(0.364673,  1.119678,  -0.281338),  (0.855027,  0.066692)
(0.309783,  1.119678,  -0.280869),  (0.933141,  0.067950)
(0.359042,  1.119678,  -0.270350),  (0.863424,  0.051256)
(0.359042,  1.119678,  -0.270350),  (0.863424,  0.051256)
(0.309783,  1.119678,  -0.280869),  (0.933141,  0.067950)
(0.303085,  1.119678,  -0.269779),  (0.943059,  0.052405)
(0.383042,  1.274131,  -0.237930),  (0.615061,  0.975964)
(0.382551,  1.274131,  -0.263792),  (0.585498,  0.929849)
(0.392983,  1.274131,  -0.239908),  (0.595230,  0.984178)
(0.382551,  1.274131,  -0.263792),  (0.585498,  0.929849)
(0.401411,  1.274131,  -0.245539),  (0.573765,  0.984178)
(0.392983,  1.274131,  -0.239908),  (0.595230,  0.984178)
(0.383042,  1.274131,  -0.237930),  (0.713352,  0.295241)
(0.373101,  1.222646,  -0.239908),  (0.698880,  0.222246)
(0.373101,  1.274131,  -0.239908),  (0.698978,  0.295261)
(0.373101,  1.222646,  -0.239908),  (0.698880,  0.222246)
(0.383042,  1.274131,  -0.237930),  (0.713352,  0.295241)
(0.383042,  1.222646,  -0.237930),  (0.713252,  0.222236)
(0.382552,  1.119678,  -0.263792),  (0.756661,  0.075036)
(0.407054,  1.119878,  -0.254025),  (0.756692,  0.076333)
(0.409020,  1.119678,  -0.263908),  (0.756945,  0.076325)
(0.407054,  1.119878,  -0.254025),  (0.756692,  0.076333)
(0.382552,  1.119678,  -0.263792),  (0.756661,  0.075036)
(0.401411,  1.119678,  -0.245539),  (0.755970,  0.076147)
(0.309783,  1.274131,  -0.280869),  (0.935885,  0.294293)
(0.311524,  1.222646,  -0.287567),  (0.928773,  0.221571)
(0.319807,  1.274131,  -0.287567),  (0.918773,  0.294246)
(0.311524,  1.222646,  -0.287567),  (0.928773,  0.221571)
(0.309783,  1.274131,  -0.280869),  (0.935885,  0.294293)
(0.301500,  1.222646,  -0.280869),  (0.945653,  0.221590)
(0.303085,  1.274131,  -0.269779),  (0.954308,  0.295196)
(0.301500,  1.222646,  -0.280869),  (0.945653,  0.221590)
(0.309783,  1.274131,  -0.280869),  (0.935885,  0.294293)
(0.301500,  1.222646,  -0.280869),  (0.945653,  0.221590)
(0.303085,  1.274131,  -0.269779),  (0.954308,  0.295196)
(0.294802,  1.222646,  -0.269779),  (0.963814,  0.222024)
(0.319807,  1.274131,  -0.287567),  (0.918773,  0.294246)
(0.364673,  1.274131,  -0.281338),  (0.855114,  0.304756)
(0.309783,  1.274131,  -0.280869),  (0.933292,  0.303417)
(0.364673,  1.274131,  -0.281338),  (0.855114,  0.304756)
(0.319807,  1.274131,  -0.287567),  (0.918773,  0.294246)
(0.373101,  1.274131,  -0.288462),  (0.842852,  0.294919)
(0.319807,  1.274131,  -0.287567),  (0.918773,  0.294246)
(0.373101,  1.222646,  -0.288462),  (0.842517,  0.222069)
(0.373101,  1.274131,  -0.288462),  (0.842852,  0.294919)
(0.373101,  1.222646,  -0.288462),  (0.842517,  0.222069)
(0.319807,  1.274131,  -0.287567),  (0.918773,  0.294246)
(0.311524,  1.222646,  -0.287567),  (0.928773,  0.221571)
(0.309783,  1.274131,  -0.280869),  (0.933292,  0.303417)
(0.359042,  1.274131,  -0.270350),  (0.863534,  0.320196)
(0.303085,  1.274131,  -0.269779),  (0.943235,  0.318964)
(0.359042,  1.274131,  -0.270350),  (0.863534,  0.320196)
(0.309783,  1.274131,  -0.280869),  (0.933292,  0.303417)
(0.364673,  1.274131,  -0.281338),  (0.855114,  0.304756)
(0.373101,  1.119678,  -0.288462),  (0.842786,  0.076533)
(0.319807,  1.119678,  -0.287567),  (0.918644,  0.077128)
(0.364673,  1.119678,  -0.281338),  (0.855027,  0.066692)
(0.309783,  1.119678,  -0.280869),  (0.933141,  0.067950)
(0.364673,  1.119678,  -0.281338),  (0.855027,  0.066692)
(0.319807,  1.119678,  -0.287567),  (0.918644,  0.077128)
(0.373101,  1.171162,  -0.288462),  (0.842510,  0.149377)
(0.319807,  1.119678,  -0.287567),  (0.918644,  0.077128)
(0.373101,  1.119678,  -0.288462),  (0.842786,  0.076533)
(0.319807,  1.119678,  -0.287567),  (0.918644,  0.077128)
(0.373101,  1.171162,  -0.288462),  (0.842510,  0.149377)
(0.311524,  1.171162,  -0.287567),  (0.928656,  0.149901)
(0.311524,  1.222646,  -0.287567),  (0.928773,  0.221571)
(0.373101,  1.171162,  -0.288462),  (0.842510,  0.149377)
(0.373101,  1.222646,  -0.288462),  (0.842517,  0.222069)
(0.373101,  1.171162,  -0.288462),  (0.842510,  0.149377)
(0.311524,  1.222646,  -0.287567),  (0.928773,  0.221571)
(0.311524,  1.171162,  -0.287567),  (0.928656,  0.149901)
(0.294802,  1.171162,  -0.269779),  (0.963807,  0.149451)
(0.309783,  1.119678,  -0.280869),  (0.935776,  0.077070)
(0.301500,  1.171162,  -0.280869),  (0.945527,  0.149886)
(0.309783,  1.119678,  -0.280869),  (0.935776,  0.077070)
(0.294802,  1.171162,  -0.269779),  (0.963807,  0.149451)
(0.303085,  1.119678,  -0.269779),  (0.954229,  0.076150)
(0.294802,  1.222646,  -0.269779),  (0.963814,  0.222024)
(0.301500,  1.171162,  -0.280869),  (0.945527,  0.149886)
(0.301500,  1.222646,  -0.280869),  (0.945653,  0.221590)
(0.301500,  1.171162,  -0.280869),  (0.945527,  0.149886)
(0.294802,  1.222646,  -0.269779),  (0.963814,  0.222024)
(0.294802,  1.171162,  -0.269779),  (0.963807,  0.149451)
(0.309783,  1.119678,  -0.280869),  (0.935776,  0.077070)
(0.311524,  1.171162,  -0.287567),  (0.928656,  0.149901)
(0.301500,  1.171162,  -0.280869),  (0.945527,  0.149886)
(0.311524,  1.171162,  -0.287567),  (0.928656,  0.149901)
(0.309783,  1.119678,  -0.280869),  (0.935776,  0.077070)
(0.319807,  1.119678,  -0.287567),  (0.918644,  0.077128)
(0.301500,  1.222646,  -0.280869),  (0.945653,  0.221590)
(0.311524,  1.171162,  -0.287567),  (0.928656,  0.149901)
(0.311524,  1.222646,  -0.287567),  (0.928773,  0.221571)
(0.311524,  1.171162,  -0.287567),  (0.928656,  0.149901)
(0.301500,  1.222646,  -0.280869),  (0.945653,  0.221590)
(0.301500,  1.171162,  -0.280869),  (0.945527,  0.149886)
(0.383042,  1.171162,  -0.237930),  (0.713249,  0.149254)
(0.373101,  1.119678,  -0.239908),  (0.698965,  0.076260)
(0.373101,  1.171162,  -0.239908),  (0.698880,  0.149245)
(0.373101,  1.119678,  -0.239908),  (0.698965,  0.076260)
(0.383042,  1.171162,  -0.237930),  (0.713249,  0.149254)
(0.383042,  1.119678,  -0.237930),  (0.713334,  0.076277)
(0.383042,  1.222646,  -0.237930),  (0.713252,  0.222236)
(0.373101,  1.171162,  -0.239908),  (0.698880,  0.149245)
(0.373101,  1.222646,  -0.239908),  (0.698880,  0.222246)
(0.373101,  1.171162,  -0.239908),  (0.698880,  0.149245)
(0.383042,  1.222646,  -0.237930),  (0.713252,  0.222236)
(0.383042,  1.171162,  -0.237930),  (0.713249,  0.149254)
(0.373101,  1.171162,  -0.288462),  (0.842510,  0.149377)
(0.381536,  1.119678,  -0.290406),  (0.830520,  0.076491)
(0.381536,  1.171162,  -0.290406),  (0.830280,  0.149355)
(0.381536,  1.119678,  -0.290406),  (0.830520,  0.076491)
(0.373101,  1.171162,  -0.288462),  (0.842510,  0.149377)
(0.373101,  1.119678,  -0.288462),  (0.842786,  0.076533)
(0.373101,  1.222646,  -0.288462),  (0.842517,  0.222069)
(0.381536,  1.171162,  -0.290406),  (0.830280,  0.149355)
(0.381536,  1.222646,  -0.290406),  (0.830290,  0.222096)
(0.381536,  1.171162,  -0.290406),  (0.830280,  0.149355)
(0.373101,  1.222646,  -0.288462),  (0.842517,  0.222069)
(0.373101,  1.171162,  -0.288462),  (0.842510,  0.149377)
(0.381536,  1.171162,  -0.290406),  (0.830280,  0.149355)
(0.392983,  1.119678,  -0.287909),  (0.813909,  0.076443)
(0.392983,  1.171162,  -0.287909),  (0.813718,  0.149330)
(0.392983,  1.119678,  -0.287909),  (0.813909,  0.076443)
(0.381536,  1.171162,  -0.290406),  (0.830280,  0.149355)
(0.381536,  1.119678,  -0.290406),  (0.830520,  0.076491)
(0.381536,  1.222646,  -0.290406),  (0.830290,  0.222096)
(0.392983,  1.171162,  -0.287909),  (0.813718,  0.149330)
(0.392983,  1.222646,  -0.287909),  (0.813730,  0.222128)
(0.392983,  1.171162,  -0.287909),  (0.813718,  0.149330)
(0.381536,  1.222646,  -0.290406),  (0.830290,  0.222096)
(0.381536,  1.171162,  -0.290406),  (0.830280,  0.149355)
(0.392983,  1.171162,  -0.287909),  (0.813718,  0.149330)
(0.401411,  1.119678,  -0.282277),  (0.799542,  0.076409)
(0.401411,  1.171162,  -0.282277),  (0.799381,  0.149314)
(0.401411,  1.119678,  -0.282277),  (0.799542,  0.076409)
(0.392983,  1.171162,  -0.287909),  (0.813718,  0.149330)
(0.392983,  1.119678,  -0.287909),  (0.813909,  0.076443)
(0.392983,  1.222646,  -0.287909),  (0.813730,  0.222128)
(0.401411,  1.171162,  -0.282277),  (0.799381,  0.149314)
(0.401411,  1.222646,  -0.282277),  (0.799393,  0.222150)
(0.401411,  1.171162,  -0.282277),  (0.799381,  0.149314)
(0.392983,  1.222646,  -0.287909),  (0.813730,  0.222128)
(0.392983,  1.171162,  -0.287909),  (0.813718,  0.149330)
(0.401411,  1.171162,  -0.282277),  (0.799381,  0.149314)
(0.407043,  1.119678,  -0.273850),  (0.785175,  0.076380)
(0.407043,  1.171162,  -0.273850),  (0.785038,  0.149300)
(0.407043,  1.119678,  -0.273850),  (0.785175,  0.076380)
(0.401411,  1.171162,  -0.282277),  (0.799381,  0.149314)
(0.401411,  1.119678,  -0.282277),  (0.799542,  0.076409)
(0.401411,  1.222646,  -0.282277),  (0.799393,  0.222150)
(0.407043,  1.171162,  -0.273850),  (0.785038,  0.149300)
(0.407043,  1.222646,  -0.273850),  (0.785049,  0.222170)
(0.407043,  1.171162,  -0.273850),  (0.785038,  0.149300)
(0.401411,  1.222646,  -0.282277),  (0.799393,  0.222150)
(0.401411,  1.171162,  -0.282277),  (0.799381,  0.149314)
(0.407043,  1.171162,  -0.273850),  (0.785038,  0.149300)
(0.409020,  1.119678,  -0.263908),  (0.770808,  0.076355)
(0.409020,  1.171162,  -0.263908),  (0.770688,  0.149289)
(0.409020,  1.119678,  -0.263908),  (0.770808,  0.076355)
(0.407043,  1.171162,  -0.273850),  (0.785038,  0.149300)
(0.407043,  1.119678,  -0.273850),  (0.785175,  0.076380)
(0.407043,  1.222646,  -0.273850),  (0.785049,  0.222170)
(0.409020,  1.171162,  -0.263908),  (0.770688,  0.149289)
(0.409020,  1.222646,  -0.263908),  (0.770699,  0.222187)
(0.409020,  1.171162,  -0.263908),  (0.770688,  0.149289)
(0.407043,  1.222646,  -0.273850),  (0.785049,  0.222170)
(0.407043,  1.171162,  -0.273850),  (0.785038,  0.149300)
(0.409020,  1.222646,  -0.263908),  (0.770699,  0.222187)
(0.407043,  1.171162,  -0.253967),  (0.756335,  0.149279)
(0.407043,  1.222646,  -0.253967),  (0.756344,  0.222201)
(0.407043,  1.171162,  -0.253967),  (0.756335,  0.149279)
(0.409020,  1.222646,  -0.263908),  (0.770699,  0.222187)
(0.409020,  1.171162,  -0.263908),  (0.770688,  0.149289)
(0.401411,  1.171162,  -0.245539),  (0.741977,  0.149270)
(0.407054,  1.119878,  -0.254025),  (0.756440,  0.076333)
(0.401411,  1.119678,  -0.245539),  (0.742072,  0.076312)
(0.407054,  1.119878,  -0.254025),  (0.756440,  0.076333)
(0.401411,  1.171162,  -0.245539),  (0.741977,  0.149270)
(0.407043,  1.171162,  -0.253967),  (0.756335,  0.149279)
(0.407043,  1.222646,  -0.253967),  (0.756344,  0.222201)
(0.401411,  1.171162,  -0.245539),  (0.741977,  0.149270)
(0.401411,  1.222646,  -0.245539),  (0.741984,  0.222214)
(0.401411,  1.171162,  -0.245539),  (0.741977,  0.149270)
(0.407043,  1.222646,  -0.253967),  (0.756344,  0.222201)
(0.407043,  1.171162,  -0.253967),  (0.756335,  0.149279)
(0.401411,  1.171162,  -0.245539),  (0.741977,  0.149270)
(0.392983,  1.119678,  -0.239908),  (0.727703,  0.076294)
(0.392983,  1.171162,  -0.239908),  (0.727615,  0.149262)
(0.392983,  1.119678,  -0.239908),  (0.727703,  0.076294)
(0.401411,  1.171162,  -0.245539),  (0.741977,  0.149270)
(0.401411,  1.119678,  -0.245539),  (0.742072,  0.076312)
(0.401411,  1.222646,  -0.245539),  (0.741984,  0.222214)
(0.392983,  1.171162,  -0.239908),  (0.727615,  0.149262)
(0.392983,  1.222646,  -0.239908),  (0.727620,  0.222226)
(0.392983,  1.171162,  -0.239908),  (0.727615,  0.149262)
(0.401411,  1.222646,  -0.245539),  (0.741984,  0.222214)
(0.401411,  1.171162,  -0.245539),  (0.741977,  0.149270)
(0.392983,  1.171162,  -0.239908),  (0.727615,  0.149262)
(0.383042,  1.119678,  -0.237930),  (0.713334,  0.076277)
(0.383042,  1.171162,  -0.237930),  (0.713249,  0.149254)
(0.383042,  1.119678,  -0.237930),  (0.713334,  0.076277)
(0.392983,  1.171162,  -0.239908),  (0.727615,  0.149262)
(0.392983,  1.119678,  -0.239908),  (0.727703,  0.076294)
(0.392983,  1.222646,  -0.239908),  (0.727620,  0.222226)
(0.383042,  1.171162,  -0.237930),  (0.713249,  0.149254)
(0.383042,  1.222646,  -0.237930),  (0.713252,  0.222236)
(0.383042,  1.171162,  -0.237930),  (0.713249,  0.149254)
(0.392983,  1.222646,  -0.239908),  (0.727620,  0.222226)
(0.392983,  1.171162,  -0.239908),  (0.727615,  0.149262)
(0.382551,  1.274131,  -0.263792),  (0.585498,  0.929849)
(0.373101,  1.274131,  -0.288462),  (0.573114,  0.875291)
(0.381536,  1.274131,  -0.290406),  (0.555974,  0.881792)
(0.373101,  1.274131,  -0.288462),  (0.573114,  0.875291)
(0.382551,  1.274131,  -0.263792),  (0.585498,  0.929849)
(0.364673,  1.274131,  -0.281338),  (0.596336,  0.877920)
(0.382551,  1.274131,  -0.263792),  (0.585498,  0.929849)
(0.359042,  1.274131,  -0.253967),  (0.638454,  0.919489)
(0.357064,  1.274131,  -0.263908),  (0.630239,  0.899658)
(0.359042,  1.274131,  -0.253967),  (0.638454,  0.919489)
(0.382551,  1.274131,  -0.263792),  (0.585498,  0.929849)
(0.364673,  1.274131,  -0.245539),  (0.638454,  0.940954)
(0.382551,  1.274131,  -0.263792),  (0.585498,  0.929849)
(0.407043,  1.274131,  -0.273850),  (0.530541,  0.940954)
(0.409020,  1.274131,  -0.263908),  (0.538755,  0.960785)
(0.407043,  1.274131,  -0.273850),  (0.530541,  0.940954)
(0.382551,  1.274131,  -0.263792),  (0.585498,  0.929849)
(0.401411,  1.274131,  -0.282277),  (0.530541,  0.919489)
(0.382551,  1.274131,  -0.263792),  (0.585498,  0.929849)
(0.359042,  1.274131,  -0.270350),  (0.619178,  0.890641)
(0.364673,  1.274131,  -0.281338),  (0.596336,  0.877920)
(0.359042,  1.274131,  -0.270350),  (0.619178,  0.890641)
(0.382551,  1.274131,  -0.263792),  (0.585498,  0.929849)
(0.357064,  1.274131,  -0.263908),  (0.630239,  0.899658)
(0.382551,  1.274131,  -0.263792),  (0.585498,  0.929849)
(0.407043,  1.274131,  -0.253967),  (0.553933,  0.975964)
(0.401411,  1.274131,  -0.245539),  (0.573765,  0.984178)
(0.407043,  1.274131,  -0.253967),  (0.553933,  0.975964)
(0.382551,  1.274131,  -0.263792),  (0.585498,  0.929849)
(0.409020,  1.274131,  -0.263908),  (0.538755,  0.960785)
(0.382551,  1.274131,  -0.263792),  (0.585498,  0.929849)
(0.373101,  1.274131,  -0.239908),  (0.630239,  0.960786)
(0.364673,  1.274131,  -0.245539),  (0.638454,  0.940954)
(0.373101,  1.274131,  -0.239908),  (0.630239,  0.960786)
(0.382551,  1.274131,  -0.263792),  (0.585498,  0.929849)
(0.383042,  1.274131,  -0.237930),  (0.615061,  0.975964)
(0.382551,  1.274131,  -0.263792),  (0.585498,  0.929849)
(0.392983,  1.274131,  -0.287909),  (0.538755,  0.899658)
(0.401411,  1.274131,  -0.282277),  (0.530541,  0.919489)
(0.392983,  1.274131,  -0.287909),  (0.538755,  0.899658)
(0.382551,  1.274131,  -0.263792),  (0.585498,  0.929849)
(0.381536,  1.274131,  -0.290406),  (0.555974,  0.881792)
(0.409020,  1.171162,  -0.263908),  (0.770688,  0.149289)
(0.407054,  1.119878,  -0.254025),  (0.756438,  0.077183)
(0.407043,  1.171162,  -0.253967),  (0.756335,  0.149279)
(0.407054,  1.119878,  -0.254025),  (0.756438,  0.077183)
(0.409020,  1.171162,  -0.263908),  (0.770688,  0.149289)
(0.409020,  1.119678,  -0.263908),  (0.770808,  0.076355)
(0.382552,  1.119678,  -0.263792),  (0.756661,  0.075036)
(0.359042,  1.119678,  -0.270350),  (0.756734,  0.073821)
(0.357064,  1.119678,  -0.263908),  (0.756399,  0.073792)
(0.359042,  1.119678,  -0.270350),  (0.756734,  0.073821)
(0.382552,  1.119678,  -0.263792),  (0.756661,  0.075036)
(0.364673,  1.119678,  -0.281338),  (0.757329,  0.073980)
(0.382552,  1.119678,  -0.263792),  (0.756661,  0.075036)
(0.392983,  1.119678,  -0.287909),  (0.757946,  0.075291)
(0.381536,  1.119678,  -0.290406),  (0.757948,  0.074707)
(0.392983,  1.119678,  -0.287909),  (0.757946,  0.075291)
(0.382552,  1.119678,  -0.263792),  (0.756661,  0.075036)
(0.401411,  1.119678,  -0.282277),  (0.757760,  0.075761)
(0.382552,  1.119678,  -0.263792),  (0.756661,  0.075036)
(0.373101,  1.119678,  -0.239908),  (0.755398,  0.074826)
(0.383042,  1.119678,  -0.237930),  (0.755406,  0.075331)
(0.373101,  1.119678,  -0.239908),  (0.755398,  0.074826)
(0.382552,  1.119678,  -0.263792),  (0.756661,  0.075036)
(0.364673,  1.119678,  -0.245539),  (0.755584,  0.074356)
(0.382552,  1.119678,  -0.263792),  (0.756661,  0.075036)
(0.373101,  1.119678,  -0.288462),  (0.757764,  0.074316)
(0.364673,  1.119678,  -0.281338),  (0.757329,  0.073980)
(0.373101,  1.119678,  -0.288462),  (0.757764,  0.074316)
(0.382552,  1.119678,  -0.263792),  (0.756661,  0.075036)
(0.381536,  1.119678,  -0.290406),  (0.757948,  0.074707)
(0.382552,  1.119678,  -0.263792),  (0.756661,  0.075036)
(0.392983,  1.119678,  -0.239908),  (0.755607,  0.075795)
(0.401411,  1.119678,  -0.245539),  (0.755970,  0.076147)
(0.392983,  1.119678,  -0.239908),  (0.755607,  0.075795)
(0.382552,  1.119678,  -0.263792),  (0.756661,  0.075036)
(0.383042,  1.119678,  -0.237930),  (0.755406,  0.075331)
(0.382552,  1.119678,  -0.263792),  (0.756661,  0.075036)
(0.359042,  1.119678,  -0.253967),  (0.755935,  0.073993)
(0.364673,  1.119678,  -0.245539),  (0.755584,  0.074356)
(0.359042,  1.119678,  -0.253967),  (0.755935,  0.073993)
(0.382552,  1.119678,  -0.263792),  (0.756661,  0.075036)
(0.357064,  1.119678,  -0.263908),  (0.756399,  0.073792)
(0.382552,  1.119678,  -0.263792),  (0.756661,  0.075036)
(0.407043,  1.119678,  -0.273850),  (0.757409,  0.076124)
(0.401411,  1.119678,  -0.282277),  (0.757760,  0.075761)
(0.407043,  1.119678,  -0.273850),  (0.757409,  0.076124)
(0.382552,  1.119678,  -0.263792),  (0.756661,  0.075036)
(0.409020,  1.119678,  -0.263908),  (0.756945,  0.076325)
(0.392983,  0.445239,  -0.239908),  (0.243148,  0.070207)
(0.383042,  0.393755,  -0.237930),  (0.257620,  0.143192)
(0.383042,  0.445239,  -0.237930),  (0.257523,  0.070187)
(0.383042,  0.393755,  -0.237930),  (0.257620,  0.143192)
(0.392983,  0.445239,  -0.239908),  (0.243148,  0.070207)
(0.392983,  0.393755,  -0.239908),  (0.243252,  0.143202)
(0.401411,  0.445239,  -0.245539),  (0.228774,  0.070229)
(0.392983,  0.393755,  -0.239908),  (0.243252,  0.143202)
(0.392983,  0.445239,  -0.239908),  (0.243148,  0.070207)
(0.392983,  0.393755,  -0.239908),  (0.243252,  0.143202)
(0.401411,  0.445239,  -0.245539),  (0.228774,  0.070229)
(0.401411,  0.393755,  -0.245539),  (0.228888,  0.143213)
(0.407043,  0.445239,  -0.253967),  (0.214400,  0.070252)
(0.401411,  0.393755,  -0.245539),  (0.228888,  0.143213)
(0.401411,  0.445239,  -0.245539),  (0.228774,  0.070229)
(0.401411,  0.393755,  -0.245539),  (0.228888,  0.143213)
(0.407043,  0.445239,  -0.253967),  (0.214400,  0.070252)
(0.407043,  0.393755,  -0.253967),  (0.214528,  0.143225)
(0.409020,  0.445239,  -0.263908),  (0.200026,  0.070279)
(0.407043,  0.393755,  -0.253967),  (0.214528,  0.143225)
(0.407043,  0.445239,  -0.253967),  (0.214400,  0.070252)
(0.407043,  0.393755,  -0.253967),  (0.214528,  0.143225)
(0.409020,  0.445239,  -0.263908),  (0.200026,  0.070279)
(0.409020,  0.393755,  -0.263908),  (0.200173,  0.143239)
(0.407043,  0.445239,  -0.273850),  (0.185653,  0.070310)
(0.409020,  0.393755,  -0.263908),  (0.200173,  0.143239)
(0.409020,  0.445239,  -0.263908),  (0.200026,  0.070279)
(0.409020,  0.393755,  -0.263908),  (0.200173,  0.143239)
(0.407043,  0.445239,  -0.273850),  (0.185653,  0.070310)
(0.407043,  0.393755,  -0.273850),  (0.185823,  0.143256)
(0.401411,  0.445239,  -0.282277),  (0.171280,  0.070347)
(0.407043,  0.393755,  -0.273850),  (0.185823,  0.143256)
(0.407043,  0.445239,  -0.273850),  (0.185653,  0.070310)
(0.407043,  0.393755,  -0.273850),  (0.185823,  0.143256)
(0.401411,  0.445239,  -0.282277),  (0.171280,  0.070347)
(0.401411,  0.393755,  -0.282277),  (0.171479,  0.143275)
(0.392983,  0.445239,  -0.287909),  (0.156908,  0.070390)
(0.401411,  0.393755,  -0.282277),  (0.171479,  0.143275)
(0.401411,  0.445239,  -0.282277),  (0.171280,  0.070347)
(0.401411,  0.393755,  -0.282277),  (0.171479,  0.143275)
(0.392983,  0.445239,  -0.287909),  (0.156908,  0.070390)
(0.392983,  0.393755,  -0.287909),  (0.157142,  0.143297)
(0.381536,  0.445239,  -0.290406),  (0.140292,  0.070451)
(0.392983,  0.393755,  -0.287909),  (0.157142,  0.143297)
(0.392983,  0.445239,  -0.287909),  (0.156908,  0.070390)
(0.392983,  0.393755,  -0.287909),  (0.157142,  0.143297)
(0.381536,  0.445239,  -0.290406),  (0.140292,  0.070451)
(0.381536,  0.393755,  -0.290406),  (0.140582,  0.143327)
(0.373101,  0.445239,  -0.288462),  (0.128023,  0.070504)
(0.381536,  0.393755,  -0.290406),  (0.140582,  0.143327)
(0.381536,  0.445239,  -0.290406),  (0.140292,  0.070451)
(0.381536,  0.393755,  -0.290406),  (0.140582,  0.143327)
(0.373101,  0.445239,  -0.288462),  (0.128023,  0.070504)
(0.373101,  0.393755,  -0.288462),  (0.128354,  0.143354)
(0.364673,  0.290786,  -0.281338),  (0.115838,  0.298731)
(0.309783,  0.290786,  -0.280869),  (0.037724,  0.297469)
(0.359042,  0.290786,  -0.270350),  (0.107440,  0.314166)
(0.359042,  0.290786,  -0.270350),  (0.107440,  0.314166)
(0.309783,  0.290786,  -0.280869),  (0.037724,  0.297469)
(0.303085,  0.290786,  -0.269779),  (0.027805,  0.313013)
(0.383042,  0.445239,  -0.237930),  (0.504760,  0.975964)
(0.382551,  0.445239,  -0.263792),  (0.475197,  0.929849)
(0.392983,  0.445239,  -0.239908),  (0.484929,  0.984178)
(0.382551,  0.445239,  -0.263792),  (0.475197,  0.929849)
(0.401411,  0.445239,  -0.245539),  (0.463464,  0.984178)
(0.392983,  0.445239,  -0.239908),  (0.484929,  0.984178)
(0.383042,  0.445239,  -0.237930),  (0.257523,  0.070187)
(0.373101,  0.393755,  -0.239908),  (0.271991,  0.143183)
(0.373101,  0.445239,  -0.239908),  (0.271897,  0.070169)
(0.373101,  0.393755,  -0.239908),  (0.271991,  0.143183)
(0.383042,  0.445239,  -0.237930),  (0.257523,  0.070187)
(0.383042,  0.393755,  -0.237930),  (0.257620,  0.143192)
(0.382552,  0.290786,  -0.263792),  (0.258149,  0.293321)
(0.407054,  0.290986,  -0.254025),  (0.258118,  0.292023)
(0.409020,  0.290786,  -0.263908),  (0.257866,  0.292032)
(0.407054,  0.290986,  -0.254025),  (0.258118,  0.292023)
(0.382552,  0.290786,  -0.263792),  (0.258149,  0.293321)
(0.401411,  0.290786,  -0.245539),  (0.258841,  0.292210)
(0.309783,  0.445239,  -0.280869),  (0.034990,  0.071126)
(0.311524,  0.393755,  -0.287567),  (0.042099,  0.143848)
(0.319807,  0.445239,  -0.287567),  (0.052102,  0.071173)
(0.311524,  0.393755,  -0.287567),  (0.042099,  0.143848)
(0.309783,  0.445239,  -0.280869),  (0.034990,  0.071126)
(0.301500,  0.393755,  -0.280869),  (0.025218,  0.143828)
(0.303085,  0.445239,  -0.269779),  (0.016567,  0.070222)
(0.301500,  0.393755,  -0.280869),  (0.025218,  0.143828)
(0.309783,  0.445239,  -0.280869),  (0.034990,  0.071126)
(0.301500,  0.393755,  -0.280869),  (0.025218,  0.143828)
(0.303085,  0.445239,  -0.269779),  (0.016567,  0.070222)
(0.294802,  0.393755,  -0.269779),  (0.007057,  0.143394)
(0.319807,  0.445239,  -0.287567),  (0.052102,  0.071173)
(0.364673,  0.445239,  -0.281338),  (0.115762,  0.060666)
(0.309783,  0.445239,  -0.280869),  (0.037584,  0.062002)
(0.364673,  0.445239,  -0.281338),  (0.115762,  0.060666)
(0.319807,  0.445239,  -0.287567),  (0.052102,  0.071173)
(0.373101,  0.445239,  -0.288462),  (0.128023,  0.070504)
(0.319807,  0.445239,  -0.287567),  (0.052102,  0.071173)
(0.373101,  0.393755,  -0.288462),  (0.128354,  0.143354)
(0.373101,  0.445239,  -0.288462),  (0.128023,  0.070504)
(0.373101,  0.393755,  -0.288462),  (0.128354,  0.143354)
(0.319807,  0.445239,  -0.287567),  (0.052102,  0.071173)
(0.311524,  0.393755,  -0.287567),  (0.042099,  0.143848)
(0.309783,  0.445239,  -0.280869),  (0.037584,  0.062002)
(0.359042,  0.445239,  -0.270350),  (0.107342,  0.045226)
(0.303085,  0.445239,  -0.269779),  (0.027642,  0.046453)
(0.359042,  0.445239,  -0.270350),  (0.107342,  0.045226)
(0.309783,  0.445239,  -0.280869),  (0.037584,  0.062002)
(0.364673,  0.445239,  -0.281338),  (0.115762,  0.060666)
(0.373101,  0.290786,  -0.288462),  (0.128079,  0.288890)
(0.319807,  0.290786,  -0.287567),  (0.052222,  0.288291)
(0.364673,  0.290786,  -0.281338),  (0.115838,  0.298731)
(0.309783,  0.290786,  -0.280869),  (0.037724,  0.297469)
(0.364673,  0.290786,  -0.281338),  (0.115838,  0.298731)
(0.319807,  0.290786,  -0.287567),  (0.052222,  0.288291)
(0.373101,  0.342270,  -0.288462),  (0.128359,  0.216046)
(0.319807,  0.290786,  -0.287567),  (0.052222,  0.288291)
(0.373101,  0.290786,  -0.288462),  (0.128079,  0.288890)
(0.319807,  0.290786,  -0.287567),  (0.052222,  0.288291)
(0.373101,  0.342270,  -0.288462),  (0.128359,  0.216046)
(0.311524,  0.342270,  -0.287567),  (0.042213,  0.215517)
(0.311524,  0.393755,  -0.287567),  (0.042099,  0.143848)
(0.373101,  0.342270,  -0.288462),  (0.128359,  0.216046)
(0.373101,  0.393755,  -0.288462),  (0.128354,  0.143354)
(0.373101,  0.342270,  -0.288462),  (0.128359,  0.216046)
(0.311524,  0.393755,  -0.287567),  (0.042099,  0.143848)
(0.311524,  0.342270,  -0.287567),  (0.042213,  0.215517)
(0.294802,  0.342270,  -0.269779),  (0.007061,  0.215966)
(0.309783,  0.290786,  -0.280869),  (0.035089,  0.288348)
(0.301500,  0.342270,  -0.280869),  (0.025341,  0.215532)
(0.309783,  0.290786,  -0.280869),  (0.035089,  0.288348)
(0.294802,  0.342270,  -0.269779),  (0.007061,  0.215966)
(0.303085,  0.290786,  -0.269779),  (0.016636,  0.289268)
(0.294802,  0.393755,  -0.269779),  (0.007057,  0.143394)
(0.301500,  0.342270,  -0.280869),  (0.025341,  0.215532)
(0.301500,  0.393755,  -0.280869),  (0.025218,  0.143828)
(0.301500,  0.342270,  -0.280869),  (0.025341,  0.215532)
(0.294802,  0.393755,  -0.269779),  (0.007057,  0.143394)
(0.294802,  0.342270,  -0.269779),  (0.007061,  0.215966)
(0.309783,  0.290786,  -0.280869),  (0.035089,  0.288348)
(0.311524,  0.342270,  -0.287567),  (0.042213,  0.215517)
(0.301500,  0.342270,  -0.280869),  (0.025341,  0.215532)
(0.311524,  0.342270,  -0.287567),  (0.042213,  0.215517)
(0.309783,  0.290786,  -0.280869),  (0.035089,  0.288348)
(0.319807,  0.290786,  -0.287567),  (0.052222,  0.288291)
(0.301500,  0.393755,  -0.280869),  (0.025218,  0.143828)
(0.311524,  0.342270,  -0.287567),  (0.042213,  0.215517)
(0.311524,  0.393755,  -0.287567),  (0.042099,  0.143848)
(0.311524,  0.342270,  -0.287567),  (0.042213,  0.215517)
(0.301500,  0.393755,  -0.280869),  (0.025218,  0.143828)
(0.301500,  0.342270,  -0.280869),  (0.025341,  0.215532)
(0.383042,  0.342270,  -0.237930),  (0.257619,  0.216175)
(0.373101,  0.290786,  -0.239908),  (0.271900,  0.289169)
(0.373101,  0.342270,  -0.239908),  (0.271988,  0.216183)
(0.373101,  0.290786,  -0.239908),  (0.271900,  0.289169)
(0.383042,  0.342270,  -0.237930),  (0.257619,  0.216175)
(0.383042,  0.290786,  -0.237930),  (0.257531,  0.289152)
(0.383042,  0.393755,  -0.237930),  (0.257620,  0.143192)
(0.373101,  0.342270,  -0.239908),  (0.271988,  0.216183)
(0.373101,  0.393755,  -0.239908),  (0.271991,  0.143183)
(0.373101,  0.342270,  -0.239908),  (0.271988,  0.216183)
(0.383042,  0.393755,  -0.237930),  (0.257620,  0.143192)
(0.383042,  0.342270,  -0.237930),  (0.257619,  0.216175)
(0.373101,  0.342270,  -0.288462),  (0.128359,  0.216046)
(0.381536,  0.290786,  -0.290406),  (0.140345,  0.288933)
(0.381536,  0.342270,  -0.290406),  (0.140589,  0.216068)
(0.381536,  0.290786,  -0.290406),  (0.140345,  0.288933)
(0.373101,  0.342270,  -0.288462),  (0.128359,  0.216046)
(0.373101,  0.290786,  -0.288462),  (0.128079,  0.288890)
(0.373101,  0.393755,  -0.288462),  (0.128354,  0.143354)
(0.381536,  0.342270,  -0.290406),  (0.140589,  0.216068)
(0.381536,  0.393755,  -0.290406),  (0.140582,  0.143327)
(0.381536,  0.342270,  -0.290406),  (0.140589,  0.216068)
(0.373101,  0.393755,  -0.288462),  (0.128354,  0.143354)
(0.373101,  0.342270,  -0.288462),  (0.128359,  0.216046)
(0.381536,  0.342270,  -0.290406),  (0.140589,  0.216068)
(0.392983,  0.290786,  -0.287909),  (0.156956,  0.288981)
(0.392983,  0.342270,  -0.287909),  (0.157151,  0.216094)
(0.392983,  0.290786,  -0.287909),  (0.156956,  0.288981)
(0.381536,  0.342270,  -0.290406),  (0.140589,  0.216068)
(0.381536,  0.290786,  -0.290406),  (0.140345,  0.288933)
(0.381536,  0.393755,  -0.290406),  (0.140582,  0.143327)
(0.392983,  0.342270,  -0.287909),  (0.157151,  0.216094)
(0.392983,  0.393755,  -0.287909),  (0.157142,  0.143297)
(0.392983,  0.342270,  -0.287909),  (0.157151,  0.216094)
(0.381536,  0.393755,  -0.290406),  (0.140582,  0.143327)
(0.381536,  0.342270,  -0.290406),  (0.140589,  0.216068)
(0.392983,  0.342270,  -0.287909),  (0.157151,  0.216094)
(0.401411,  0.290786,  -0.282277),  (0.171323,  0.289015)
(0.401411,  0.342270,  -0.282277),  (0.171487,  0.216111)
(0.401411,  0.290786,  -0.282277),  (0.171323,  0.289015)
(0.392983,  0.342270,  -0.287909),  (0.157151,  0.216094)
(0.392983,  0.290786,  -0.287909),  (0.156956,  0.288981)
(0.392983,  0.393755,  -0.287909),  (0.157142,  0.143297)
(0.401411,  0.342270,  -0.282277),  (0.171487,  0.216111)
(0.401411,  0.393755,  -0.282277),  (0.171479,  0.143275)
(0.401411,  0.342270,  -0.282277),  (0.171487,  0.216111)
(0.392983,  0.393755,  -0.287909),  (0.157142,  0.143297)
(0.392983,  0.342270,  -0.287909),  (0.157151,  0.216094)
(0.401411,  0.342270,  -0.282277),  (0.171487,  0.216111)
(0.407043,  0.290786,  -0.273850),  (0.185690,  0.289045)
(0.407043,  0.342270,  -0.273850),  (0.185831,  0.216125)
(0.407043,  0.290786,  -0.273850),  (0.185690,  0.289045)
(0.401411,  0.342270,  -0.282277),  (0.171487,  0.216111)
(0.401411,  0.290786,  -0.282277),  (0.171323,  0.289015)
(0.401411,  0.393755,  -0.282277),  (0.171479,  0.143275)
(0.407043,  0.342270,  -0.273850),  (0.185831,  0.216125)
(0.407043,  0.393755,  -0.273850),  (0.185823,  0.143256)
(0.407043,  0.342270,  -0.273850),  (0.185831,  0.216125)
(0.401411,  0.393755,  -0.282277),  (0.171479,  0.143275)
(0.401411,  0.342270,  -0.282277),  (0.171487,  0.216111)
(0.407043,  0.342270,  -0.273850),  (0.185831,  0.216125)
(0.409020,  0.290786,  -0.263908),  (0.200058,  0.289071)
(0.409020,  0.342270,  -0.263908),  (0.200180,  0.216137)
(0.409020,  0.290786,  -0.263908),  (0.200058,  0.289071)
(0.407043,  0.342270,  -0.273850),  (0.185831,  0.216125)
(0.407043,  0.290786,  -0.273850),  (0.185690,  0.289045)
(0.407043,  0.393755,  -0.273850),  (0.185823,  0.143256)
(0.409020,  0.342270,  -0.263908),  (0.200180,  0.216137)
(0.409020,  0.393755,  -0.263908),  (0.200173,  0.143239)
(0.409020,  0.342270,  -0.263908),  (0.200180,  0.216137)
(0.407043,  0.393755,  -0.273850),  (0.185823,  0.143256)
(0.407043,  0.342270,  -0.273850),  (0.185831,  0.216125)
(0.409020,  0.393755,  -0.263908),  (0.200173,  0.143239)
(0.407043,  0.342270,  -0.253967),  (0.214533,  0.216148)
(0.407043,  0.393755,  -0.253967),  (0.214528,  0.143225)
(0.407043,  0.342270,  -0.253967),  (0.214533,  0.216148)
(0.409020,  0.393755,  -0.263908),  (0.200173,  0.143239)
(0.409020,  0.342270,  -0.263908),  (0.200180,  0.216137)
(0.401411,  0.342270,  -0.245539),  (0.228891,  0.216157)
(0.407054,  0.290986,  -0.254025),  (0.214426,  0.289094)
(0.401411,  0.290786,  -0.245539),  (0.228794,  0.289115)
(0.407054,  0.290986,  -0.254025),  (0.214426,  0.289094)
(0.401411,  0.342270,  -0.245539),  (0.228891,  0.216157)
(0.407043,  0.342270,  -0.253967),  (0.214533,  0.216148)
(0.407043,  0.393755,  -0.253967),  (0.214528,  0.143225)
(0.401411,  0.342270,  -0.245539),  (0.228891,  0.216157)
(0.401411,  0.393755,  -0.245539),  (0.228888,  0.143213)
(0.401411,  0.342270,  -0.245539),  (0.228891,  0.216157)
(0.407043,  0.393755,  -0.253967),  (0.214528,  0.143225)
(0.407043,  0.342270,  -0.253967),  (0.214533,  0.216148)
(0.401411,  0.342270,  -0.245539),  (0.228891,  0.216157)
(0.392983,  0.290786,  -0.239908),  (0.243162,  0.289134)
(0.392983,  0.342270,  -0.239908),  (0.243254,  0.216166)
(0.392983,  0.290786,  -0.239908),  (0.243162,  0.289134)
(0.401411,  0.342270,  -0.245539),  (0.228891,  0.216157)
(0.401411,  0.290786,  -0.245539),  (0.228794,  0.289115)
(0.401411,  0.393755,  -0.245539),  (0.228888,  0.143213)
(0.392983,  0.342270,  -0.239908),  (0.243254,  0.216166)
(0.392983,  0.393755,  -0.239908),  (0.243252,  0.143202)
(0.392983,  0.342270,  -0.239908),  (0.243254,  0.216166)
(0.401411,  0.393755,  -0.245539),  (0.228888,  0.143213)
(0.401411,  0.342270,  -0.245539),  (0.228891,  0.216157)
(0.392983,  0.342270,  -0.239908),  (0.243254,  0.216166)
(0.383042,  0.290786,  -0.237930),  (0.257531,  0.289152)
(0.383042,  0.342270,  -0.237930),  (0.257619,  0.216175)
(0.383042,  0.290786,  -0.237930),  (0.257531,  0.289152)
(0.392983,  0.342270,  -0.239908),  (0.243254,  0.216166)
(0.392983,  0.290786,  -0.239908),  (0.243162,  0.289134)
(0.392983,  0.393755,  -0.239908),  (0.243252,  0.143202)
(0.383042,  0.342270,  -0.237930),  (0.257619,  0.216175)
(0.383042,  0.393755,  -0.237930),  (0.257620,  0.143192)
(0.383042,  0.342270,  -0.237930),  (0.257619,  0.216175)
(0.392983,  0.393755,  -0.239908),  (0.243252,  0.143202)
(0.392983,  0.342270,  -0.239908),  (0.243254,  0.216166)
(0.382551,  0.445239,  -0.263792),  (0.475197,  0.929849)
(0.373101,  0.445239,  -0.288462),  (0.462813,  0.875291)
(0.381536,  0.445239,  -0.290406),  (0.445673,  0.881792)
(0.373101,  0.445239,  -0.288462),  (0.462813,  0.875291)
(0.382551,  0.445239,  -0.263792),  (0.475197,  0.929849)
(0.364673,  0.445239,  -0.281338),  (0.486035,  0.877920)
(0.382551,  0.445239,  -0.263792),  (0.475197,  0.929849)
(0.359042,  0.445239,  -0.253967),  (0.528153,  0.919489)
(0.357064,  0.445239,  -0.263908),  (0.519938,  0.899658)
(0.359042,  0.445239,  -0.253967),  (0.528153,  0.919489)
(0.382551,  0.445239,  -0.263792),  (0.475197,  0.929849)
(0.364673,  0.445239,  -0.245539),  (0.528153,  0.940954)
(0.382551,  0.445239,  -0.263792),  (0.475197,  0.929849)
(0.407043,  0.445239,  -0.273850),  (0.420240,  0.940954)
(0.409020,  0.445239,  -0.263908),  (0.428454,  0.960785)
(0.407043,  0.445239,  -0.273850),  (0.420240,  0.940954)
(0.382551,  0.445239,  -0.263792),  (0.475197,  0.929849)
(0.401411,  0.445239,  -0.282277),  (0.420240,  0.919489)
(0.382551,  0.445239,  -0.263792),  (0.475197,  0.929849)
(0.359042,  0.445239,  -0.270350),  (0.508878,  0.890641)
(0.364673,  0.445239,  -0.281338),  (0.486035,  0.877920)
(0.359042,  0.445239,  -0.270350),  (0.508878,  0.890641)
(0.382551,  0.445239,  -0.263792),  (0.475197,  0.929849)
(0.357064,  0.445239,  -0.263908),  (0.519938,  0.899658)
(0.382551,  0.445239,  -0.263792),  (0.475197,  0.929849)
(0.407043,  0.445239,  -0.253967),  (0.443632,  0.975964)
(0.401411,  0.445239,  -0.245539),  (0.463464,  0.984178)
(0.407043,  0.445239,  -0.253967),  (0.443632,  0.975964)
(0.382551,  0.445239,  -0.263792),  (0.475197,  0.929849)
(0.409020,  0.445239,  -0.263908),  (0.428454,  0.960785)
(0.382551,  0.445239,  -0.263792),  (0.475197,  0.929849)
(0.373101,  0.445239,  -0.239908),  (0.519938,  0.960786)
(0.364673,  0.445239,  -0.245539),  (0.528153,  0.940954)
(0.373101,  0.445239,  -0.239908),  (0.519938,  0.960786)
(0.382551,  0.445239,  -0.263792),  (0.475197,  0.929849)
(0.383042,  0.445239,  -0.237930),  (0.504760,  0.975964)
(0.382551,  0.445239,  -0.263792),  (0.475197,  0.929849)
(0.392983,  0.445239,  -0.287909),  (0.428454,  0.899658)
(0.401411,  0.445239,  -0.282277),  (0.420240,  0.919489)
(0.392983,  0.445239,  -0.287909),  (0.428454,  0.899658)
(0.382551,  0.445239,  -0.263792),  (0.475197,  0.929849)
(0.381536,  0.445239,  -0.290406),  (0.445673,  0.881792)
(0.409020,  0.342270,  -0.263908),  (0.200180,  0.216137)
(0.407054,  0.290986,  -0.254025),  (0.214427,  0.288244)
(0.407043,  0.342270,  -0.253967),  (0.214533,  0.216148)
(0.407054,  0.290986,  -0.254025),  (0.214427,  0.288244)
(0.409020,  0.342270,  -0.263908),  (0.200180,  0.216137)
(0.409020,  0.290786,  -0.263908),  (0.200058,  0.289071)
(0.382552,  0.290786,  -0.263792),  (0.258149,  0.293321)
(0.359042,  0.290786,  -0.270350),  (0.258077,  0.294535)
(0.357064,  0.290786,  -0.263908),  (0.258411,  0.294564)
(0.359042,  0.290786,  -0.270350),  (0.258077,  0.294535)
(0.382552,  0.290786,  -0.263792),  (0.258149,  0.293321)
(0.364673,  0.290786,  -0.281338),  (0.257482,  0.294376)
(0.382552,  0.290786,  -0.263792),  (0.258149,  0.293321)
(0.392983,  0.290786,  -0.287909),  (0.256864,  0.293066)
(0.381536,  0.290786,  -0.290406),  (0.256863,  0.293649)
(0.392983,  0.290786,  -0.287909),  (0.256864,  0.293066)
(0.382552,  0.290786,  -0.263792),  (0.258149,  0.293321)
(0.401411,  0.290786,  -0.282277),  (0.257050,  0.292596)
(0.382552,  0.290786,  -0.263792),  (0.258149,  0.293321)
(0.373101,  0.290786,  -0.239908),  (0.259413,  0.293530)
(0.383042,  0.290786,  -0.237930),  (0.259405,  0.293025)
(0.373101,  0.290786,  -0.239908),  (0.259413,  0.293530)
(0.382552,  0.290786,  -0.263792),  (0.258149,  0.293321)
(0.364673,  0.290786,  -0.245539),  (0.259227,  0.294000)
(0.382552,  0.290786,  -0.263792),  (0.258149,  0.293321)
(0.373101,  0.290786,  -0.288462),  (0.257046,  0.294040)
(0.364673,  0.290786,  -0.281338),  (0.257482,  0.294376)
(0.373101,  0.290786,  -0.288462),  (0.257046,  0.294040)
(0.382552,  0.290786,  -0.263792),  (0.258149,  0.293321)
(0.381536,  0.290786,  -0.290406),  (0.256863,  0.293649)
(0.382552,  0.290786,  -0.263792),  (0.258149,  0.293321)
(0.392983,  0.290786,  -0.239908),  (0.259204,  0.292561)
(0.401411,  0.290786,  -0.245539),  (0.258841,  0.292210)
(0.392983,  0.290786,  -0.239908),  (0.259204,  0.292561)
(0.382552,  0.290786,  -0.263792),  (0.258149,  0.293321)
(0.383042,  0.290786,  -0.237930),  (0.259405,  0.293025)
(0.382552,  0.290786,  -0.263792),  (0.258149,  0.293321)
(0.359042,  0.290786,  -0.253967),  (0.258875,  0.294363)
(0.364673,  0.290786,  -0.245539),  (0.259227,  0.294000)
(0.359042,  0.290786,  -0.253967),  (0.258875,  0.294363)
(0.382552,  0.290786,  -0.263792),  (0.258149,  0.293321)
(0.357064,  0.290786,  -0.263908),  (0.258411,  0.294564)
(0.382552,  0.290786,  -0.263792),  (0.258149,  0.293321)
(0.407043,  0.290786,  -0.273850),  (0.257402,  0.292233)
(0.401411,  0.290786,  -0.282277),  (0.257050,  0.292596)
(0.407043,  0.290786,  -0.273850),  (0.257402,  0.292233)
(0.382552,  0.290786,  -0.263792),  (0.258149,  0.293321)
(0.409020,  0.290786,  -0.263908),  (0.257866,  0.292032)
(0.405751,  0.014943,  0.225094),  (0.178726,  0.851309)
(0.393297,  0.002489,  0.225094),  (0.178726,  0.854623)
(0.393297,  0.014943,  0.237548),  (0.182040,  0.851309)
(0.405751,  0.014943,  -0.225094),  (0.058949,  0.851309)
(0.393519,  0.015157,  -0.237548),  (0.055635,  0.851252)
(0.393297,  0.002489,  -0.225094),  (0.058949,  0.854623)
(-0.392226,  0.015157,  -0.237548),  (0.527264,  0.851252)
(-0.404458,  0.014943,  -0.225094),  (0.524009,  0.851309)
(-0.392004,  0.002489,  -0.225094),  (0.525608,  0.852967)
(-0.404458,  0.014943,  0.225094),  (0.400918,  0.851309)
(-0.392004,  0.014943,  0.237548),  (0.397605,  0.851309)
(-0.392004,  0.002489,  0.225094),  (0.400918,  0.854623)
(0.393297,  1.506697,  0.237548),  (0.185353,  0.454412)
(0.393297,  1.519151,  0.225094),  (0.185353,  0.451099)
(0.405751,  1.506697,  0.225094),  (0.182040,  0.454412)
(0.393519,  1.506482,  -0.237548),  (0.052381,  0.454469)
(0.405751,  1.506697,  -0.225094),  (0.055635,  0.454412)
(0.393297,  1.519151,  -0.225094),  (0.054037,  0.452754)
(-0.404459,  1.506697,  -0.225094),  (0.520695,  0.454412)
(-0.392226,  1.506482,  -0.237548),  (0.524009,  0.454469)
(-0.392004,  1.519151,  -0.225094),  (0.520695,  0.451099)
(-0.392004,  1.506697,  0.237548),  (0.394291,  0.454412)
(-0.404458,  1.506697,  0.225094),  (0.397605,  0.454412)
(-0.392004,  1.519151,  0.225094),  (0.394291,  0.451099)
(0.393297,  0.002489,  -0.225094),  (0.058949,  0.854623)
(0.405751,  0.014943,  0.225094),  (0.178726,  0.851309)
(0.405751,  0.014943,  -0.225094),  (0.058949,  0.851309)
(0.405751,  0.014943,  0.225094),  (0.178726,  0.851309)
(0.393297,  0.002489,  -0.225094),  (0.058949,  0.854623)
(0.393297,  0.002489,  0.225094),  (0.178726,  0.854623)
(-0.392226,  0.015157,  -0.237548),  (0.394350,  0.984398)
(0.393297,  0.002489,  -0.225094),  (0.185353,  0.977714)
(0.393519,  0.015157,  -0.237548),  (0.185294,  0.984398)
(0.393297,  0.002489,  -0.225094),  (0.185353,  0.977714)
(-0.392226,  0.015157,  -0.237548),  (0.394350,  0.984398)
(-0.392004,  0.002489,  -0.225094),  (0.394291,  0.977714)
(-0.392004,  0.002489,  0.225094),  (0.400918,  0.854623)
(-0.404458,  0.014943,  -0.225094),  (0.520696,  0.851309)
(-0.404458,  0.014943,  0.225094),  (0.400918,  0.851309)
(-0.404458,  0.014943,  -0.225094),  (0.520696,  0.851309)
(-0.392004,  0.002489,  0.225094),  (0.400918,  0.854623)
(-0.392004,  0.002489,  -0.225094),  (0.520696,  0.854623)
(-0.392004,  0.002489,  0.225094),  (0.394291,  0.857936)
(0.393297,  0.014943,  0.237548),  (0.185353,  0.851309)
(0.393297,  0.002489,  0.225094),  (0.185353,  0.857936)
(0.393297,  0.014943,  0.237548),  (0.185353,  0.851309)
(-0.392004,  0.002489,  0.225094),  (0.394291,  0.857936)
(-0.392004,  0.014943,  0.237548),  (0.394291,  0.851309)
(0.393297,  1.506697,  0.237548),  (0.185353,  0.454412)
(-0.392004,  1.506697,  0.237548),  (0.394291,  0.454412)
(-0.392004,  1.519151,  0.225094),  (0.394291,  0.447785)
(0.393297,  1.506697,  0.237548),  (0.185353,  0.454412)
(-0.392004,  1.519151,  0.225094),  (0.394291,  0.447785)
(0.393297,  1.519151,  0.225094),  (0.185353,  0.447785)
(-0.392004,  1.519151,  -0.225094),  (0.520695,  0.451099)
(-0.392004,  1.519151,  0.225094),  (0.400918,  0.451099)
(-0.404458,  1.506697,  0.225094),  (0.400918,  0.454412)
(-0.404458,  1.506697,  0.225094),  (0.400918,  0.454412)
(-0.404459,  1.506697,  -0.225094),  (0.520695,  0.454412)
(-0.392004,  1.519151,  -0.225094),  (0.520695,  0.451099)
(0.393297,  1.519151,  -0.225094),  (0.185353,  0.328008)
(-0.392004,  1.519151,  -0.225094),  (0.394291,  0.328008)
(-0.392226,  1.506482,  -0.237548),  (0.394350,  0.321324)
(0.393297,  1.519151,  -0.225094),  (0.185353,  0.328008)
(-0.392226,  1.506482,  -0.237548),  (0.394350,  0.321324)
(0.393519,  1.506482,  -0.237548),  (0.185294,  0.321324)
(0.393297,  1.519151,  0.225094),  (0.178726,  0.451099)
(0.393297,  1.519151,  -0.225094),  (0.058949,  0.451099)
(0.405751,  1.506697,  -0.225094),  (0.058949,  0.454412)
(0.393297,  1.519151,  0.225094),  (0.178726,  0.451099)
(0.405751,  1.506697,  -0.225094),  (0.058949,  0.454412)
(0.405751,  1.506697,  0.225094),  (0.178726,  0.454412)
(0.393297,  1.506697,  0.237548),  (0.185353,  0.454412)
(0.405751,  0.014943,  0.225094),  (0.178726,  0.851309)
(0.393297,  0.014943,  0.237548),  (0.185353,  0.851309)
(0.405751,  0.014943,  0.225094),  (0.178726,  0.851309)
(0.393297,  1.506697,  0.237548),  (0.185353,  0.454412)
(0.405751,  1.506697,  0.225094),  (0.178726,  0.454412)
(0.405751,  1.506697,  -0.225094),  (0.058949,  0.454412)
(0.393519,  0.015157,  -0.237548),  (0.052381,  0.851252)
(0.405751,  0.014943,  -0.225094),  (0.058949,  0.851309)
(0.393519,  0.015157,  -0.237548),  (0.052381,  0.851252)
(0.405751,  1.506697,  -0.225094),  (0.058949,  0.454412)
(0.393519,  1.506482,  -0.237548),  (0.052381,  0.454469)
(-0.404459,  1.506697,  -0.225094),  (0.520695,  0.454412)
(-0.392226,  0.015157,  -0.237548),  (0.527264,  0.851252)
(-0.392226,  1.506482,  -0.237548),  (0.527264,  0.454469)
(-0.392226,  0.015157,  -0.237548),  (0.527264,  0.851252)
(-0.404459,  1.506697,  -0.225094),  (0.520695,  0.454412)
(-0.404458,  0.014943,  -0.225094),  (0.520696,  0.851309)
(-0.404458,  1.506697,  0.225094),  (0.400918,  0.454412)
(-0.392004,  0.014943,  0.237548),  (0.394291,  0.851309)
(-0.404458,  0.014943,  0.225094),  (0.400918,  0.851309)
(-0.392004,  0.014943,  0.237548),  (0.394291,  0.851309)
(-0.404458,  1.506697,  0.225094),  (0.400918,  0.454412)
(-0.392004,  1.506697,  0.237548),  (0.394291,  0.454412)
(0.405751,  1.506697,  0.225094),  (0.178726,  0.454412)
(0.405751,  0.014943,  -0.225094),  (0.058949,  0.851309)
(0.405751,  0.014943,  0.225094),  (0.178726,  0.851309)
(0.405751,  0.014943,  -0.225094),  (0.058949,  0.851309)
(0.405751,  1.506697,  0.225094),  (0.178726,  0.454412)
(0.405751,  1.506697,  -0.225094),  (0.058949,  0.454412)
(0.357291,  1.469422,  -0.261485),  (0.674901,  0.057744)
(0.348719,  0.060789,  -0.270057),  (0.670339,  0.432525)
(0.357291,  0.052217,  -0.261485),  (0.674900,  0.434806)
(0.348719,  0.060789,  -0.270057),  (0.670339,  0.432525)
(0.357291,  1.469422,  -0.261485),  (0.674901,  0.057744)
(0.348719,  1.460850,  -0.270057),  (0.670340,  0.060025)
(0.357291,  1.469422,  -0.261485),  (0.672620,  0.055464)
(-0.355998,  1.469422,  -0.261485),  (0.482843,  0.055463)
(-0.347426,  1.460850,  -0.270057),  (0.485123,  0.060025)
(0.357291,  1.469422,  -0.261485),  (0.672620,  0.055464)
(-0.347426,  1.460850,  -0.270057),  (0.485123,  0.060025)
(0.348719,  1.460850,  -0.270057),  (0.670340,  0.060025)
(0.348719,  0.060789,  -0.270057),  (0.670339,  0.432525)
(-0.347426,  0.060789,  -0.270057),  (0.485123,  0.432525)
(-0.355998,  0.052217,  -0.261485),  (0.482842,  0.437086)
(0.348719,  0.060789,  -0.270057),  (0.670339,  0.432525)
(-0.355998,  0.052217,  -0.261485),  (0.482842,  0.437086)
(0.357291,  0.052217,  -0.261485),  (0.672620,  0.437087)
(-0.355998,  1.469422,  -0.261485),  (0.480562,  0.057744)
(-0.347426,  0.060789,  -0.270057),  (0.485123,  0.432525)
(-0.347426,  1.460850,  -0.270057),  (0.485123,  0.060025)
(-0.355998,  1.469422,  -0.261485),  (0.480562,  0.057744)
(-0.355998,  0.052217,  -0.261485),  (0.480561,  0.434806)
(-0.347426,  0.060789,  -0.270057),  (0.485123,  0.432525)
(-0.355998,  1.469422,  -0.237548),  (0.474193,  0.057744)
(-0.355998,  0.052217,  -0.237548),  (0.474193,  0.434806)
(-0.355998,  1.469422,  -0.261485),  (0.480562,  0.057744)
(-0.355998,  1.469422,  -0.261485),  (0.480562,  0.057744)
(-0.355998,  0.052217,  -0.237548),  (0.474193,  0.434806)
(-0.355998,  0.052217,  -0.261485),  (0.480561,  0.434806)
(-0.357415,  0.051211,  -0.227556),  (0.688564,  0.942626)
(0.368522,  0.041047,  -0.237548),  (0.879096,  0.962938)
(0.358708,  0.051211,  -0.227556),  (0.879096,  0.942627)
(0.368522,  0.041047,  -0.237548),  (0.879096,  0.962938)
(-0.357415,  0.051211,  -0.227556),  (0.688564,  0.942626)
(-0.367229,  0.041047,  -0.237548),  (0.688564,  0.962938)
(0.368522,  1.480592,  -0.237548),  (0.045730,  0.461358)
(0.358708,  0.051211,  -0.227556),  (0.043119,  0.841659)
(0.368522,  0.041047,  -0.237548),  (0.045730,  0.844364)
(0.358708,  0.051211,  -0.227556),  (0.043119,  0.841659)
(0.368522,  1.480592,  -0.237548),  (0.045730,  0.461358)
(0.358708,  1.470428,  -0.227556),  (0.043119,  0.464062)
(0.368522,  1.480592,  -0.237548),  (0.879096,  0.357899)
(-0.367229,  1.480592,  -0.237548),  (0.688564,  0.357899)
(-0.357415,  1.470428,  -0.227556),  (0.688564,  0.378211)
(0.368522,  1.480592,  -0.237548),  (0.879096,  0.357899)
(-0.357415,  1.470428,  -0.227556),  (0.688564,  0.378211)
(0.358708,  1.470428,  -0.227556),  (0.879096,  0.378211)
(-0.367229,  1.480592,  -0.237548),  (0.574843,  0.471620)
(-0.357415,  0.051211,  -0.227556),  (0.595155,  0.849217)
(-0.357415,  1.470428,  -0.227556),  (0.595155,  0.471620)
(-0.367229,  1.480592,  -0.237548),  (0.574843,  0.471620)
(-0.367229,  0.041047,  -0.237548),  (0.574843,  0.849217)
(-0.357415,  0.051211,  -0.227556),  (0.595155,  0.849217)
(0.358708,  0.051211,  -0.181604),  (0.879096,  0.849217)
(-0.357415,  0.051211,  -0.181604),  (0.688564,  0.849217)
(-0.357415,  0.051211,  -0.227556),  (0.688564,  0.942626)
(0.358708,  0.051211,  -0.181604),  (0.879096,  0.849217)
(-0.357415,  0.051211,  -0.227556),  (0.688564,  0.942626)
(0.358708,  0.051211,  -0.227556),  (0.879096,  0.942627)
