(0.330496,  2.988947,  -0.838664),  (0.099134,  0.705751)
(0.330496,  2.988948,  -0.110791),  (0.166299,  0.707875)
(0.895478,  3.067192,  -0.110791),  (0.166733,  0.699904)
(0.895478,  3.067192,  -0.110791),  (0.166733,  0.699904)
(0.895478,  3.067191,  -0.838664),  (0.099445,  0.698595)
(0.330496,  2.988947,  -0.838664),  (0.099134,  0.705751)
(0.895477,  2.662093,  0.308825),  (0.206779,  0.733588)
(0.330495,  2.583850,  0.308825),  (0.206749,  0.740710)
(0.330495,  2.583850,  0.787450),  (0.250919,  0.741554)
(0.330495,  2.583850,  0.787450),  (0.250919,  0.741554)
(0.895477,  2.662093,  0.787450),  (0.250888,  0.733553)
(0.895477,  2.662093,  0.308825),  (0.206779,  0.733588)
(0.895478,  3.067192,  -0.110791),  (0.166733,  0.699904)
(0.330496,  2.988948,  -0.110791),  (0.166299,  0.707875)
(0.330495,  2.583850,  0.308825),  (0.206749,  0.740710)
(0.330495,  2.583850,  0.308825),  (0.206749,  0.740710)
(0.895477,  2.662093,  0.308825),  (0.206779,  0.733588)
(0.895478,  3.067192,  -0.110791),  (0.166733,  0.699904)
(0.895478,  4.265994,  -0.838664),  (0.099591,  0.594849)
(0.895477,  4.125753,  -0.436180),  (0.136864,  0.606963)
(0.895478,  4.125753,  0.397268),  (0.214285,  0.606633)
(0.895478,  4.125753,  0.397268),  (0.214285,  0.606633)
(0.895477,  4.265995,  0.787450),  (0.250423,  0.594515)
(0.895478,  4.265994,  -0.838664),  (0.099591,  0.594849)
(0.355774,  4.044709,  0.364582),  (0.211499,  0.614076)
(0.355774,  3.842930,  0.548613),  (0.228516,  0.631410)
(0.895478,  3.875592,  0.625427),  (0.235678,  0.628317)
(0.895478,  3.875592,  0.625427),  (0.235678,  0.628317)
(0.895478,  4.125753,  0.397268),  (0.214285,  0.606633)
(0.355774,  4.044709,  0.364582),  (0.211499,  0.614076)
(0.895477,  4.125753,  -0.436180),  (0.136864,  0.606963)
(0.895478,  4.265994,  -0.838664),  (0.099591,  0.594849)
(0.895478,  3.872842,  -0.668646),  (0.115281,  0.628864)
(0.895478,  3.190333,  -0.065453),  (0.171046,  0.689266)
(0.895478,  3.190332,  -0.668646),  (0.115280,  0.687885)
(0.895478,  3.067191,  -0.838664),  (0.099445,  0.698595)
(0.895478,  3.067191,  -0.838664),  (0.099445,  0.698595)
(0.895478,  3.067192,  -0.110791),  (0.166733,  0.699904)
(0.895478,  3.190333,  -0.065453),  (0.171046,  0.689266)
(0.895477,  2.785234,  0.354164),  (0.210706,  0.723248)
(0.895478,  3.190333,  -0.065453),  (0.171046,  0.689266)
(0.895478,  3.067192,  -0.110791),  (0.166733,  0.699904)
(0.895478,  3.067192,  -0.110791),  (0.166733,  0.699904)
(0.895477,  2.662093,  0.308825),  (0.206779,  0.733588)
(0.895477,  2.785234,  0.354164),  (0.210706,  0.723248)
(0.895477,  2.785234,  0.625427),  (0.235817,  0.722822)
(0.895477,  2.785234,  0.354164),  (0.210706,  0.723248)
(0.895477,  2.662093,  0.308825),  (0.206779,  0.733588)
(0.895477,  2.662093,  0.308825),  (0.206779,  0.733588)
(0.895477,  2.662093,  0.787450),  (0.250888,  0.733553)
(0.895477,  2.785234,  0.625427),  (0.235817,  0.722822)
(0.895478,  3.190332,  -0.668646),  (0.115280,  0.687885)
(0.895478,  3.872842,  -0.668646),  (0.115281,  0.628864)
(0.895478,  4.265994,  -0.838664),  (0.099591,  0.594849)
(0.895478,  4.265994,  -0.838664),  (0.099591,  0.594849)
(0.895478,  3.067191,  -0.838664),  (0.099445,  0.698595)
(0.895478,  3.190332,  -0.668646),  (0.115280,  0.687885)
(0.355774,  3.271377,  -0.591832),  (0.122674,  0.680726)
(0.355774,  3.839998,  -0.591832),  (0.123249,  0.631918)
(0.895478,  3.872842,  -0.668646),  (0.115281,  0.628864)
(0.895478,  3.872842,  -0.668646),  (0.115281,  0.628864)
(0.895478,  3.190332,  -0.668646),  (0.115280,  0.687885)
(0.355774,  3.271377,  -0.591832),  (0.122674,  0.680726)
(0.355774,  3.842930,  0.548613),  (0.228516,  0.631410)
(0.355773,  2.866279,  0.548613),  (0.229017,  0.715657)
(0.895477,  2.785234,  0.625427),  (0.235817,  0.722822)
(0.895477,  2.785234,  0.625427),  (0.235817,  0.722822)
(0.895478,  3.875592,  0.625427),  (0.235678,  0.628317)
(0.355774,  3.842930,  0.548613),  (0.228516,  0.631410)
(0.355774,  3.271377,  -0.035613),  (0.174556,  0.681560)
(0.355774,  3.271377,  -0.591832),  (0.122674,  0.680726)
(0.895478,  3.190332,  -0.668646),  (0.115280,  0.687885)
(0.895478,  3.190332,  -0.668646),  (0.115280,  0.687885)
(0.895478,  3.190333,  -0.065453),  (0.171046,  0.689266)
(0.355774,  3.271377,  -0.035613),  (0.174556,  0.681560)
(0.355774,  2.866279,  0.384003),  (0.213990,  0.715712)
(0.355774,  3.271377,  -0.035613),  (0.174556,  0.681560)
(0.895478,  3.190333,  -0.065453),  (0.171046,  0.689266)
(0.895478,  3.190333,  -0.065453),  (0.171046,  0.689266)
(0.895477,  2.785234,  0.354164),  (0.210706,  0.723248)
(0.355774,  2.866279,  0.384003),  (0.213990,  0.715712)
(0.355773,  2.866279,  0.548613),  (0.229017,  0.715657)
(0.355774,  2.866279,  0.384003),  (0.213990,  0.715712)
(0.895477,  2.785234,  0.354164),  (0.210706,  0.723248)
(0.895477,  2.785234,  0.354164),  (0.210706,  0.723248)
(0.895477,  2.785234,  0.625427),  (0.235817,  0.722822)
(0.355773,  2.866279,  0.548613),  (0.229017,  0.715657)
(0.355774,  3.839998,  -0.591832),  (0.123249,  0.631918)
(0.355774,  4.044708,  -0.403671),  (0.140544,  0.614428)
(0.895477,  4.125753,  -0.436180),  (0.136864,  0.606963)
(0.895477,  4.125753,  -0.436180),  (0.136864,  0.606963)
(0.895478,  3.872842,  -0.668646),  (0.115281,  0.628864)
(0.355774,  3.839998,  -0.591832),  (0.123249,  0.631918)
(0.355774,  4.044708,  -0.403671),  (0.140544,  0.614428)
(0.355774,  4.044709,  0.364582),  (0.211499,  0.614076)
(0.895478,  4.125753,  0.397268),  (0.214285,  0.606633)
(0.895478,  4.125753,  0.397268),  (0.214285,  0.606633)
(0.895477,  4.125753,  -0.436180),  (0.136864,  0.606963)
(0.355774,  4.044708,  -0.403671),  (0.140544,  0.614428)
(-1.138767,  2.988947,  -0.838664),  (0.921368,  0.225856)
(-1.703749,  3.067191,  -0.838664),  (0.921039,  0.217795)
(-1.703752,  3.067192,  -0.110791),  (0.853515,  0.221307)
(-1.703752,  3.067192,  -0.110791),  (0.853515,  0.221307)
(-1.138770,  2.988948,  -0.110791),  (0.854123,  0.229134)
(-1.138767,  2.988947,  -0.838664),  (0.921368,  0.225856)
(-1.703753,  2.662093,  0.308825),  (0.813371,  0.255296)
(-1.703755,  2.662093,  0.787450),  (0.768797,  0.254947)
(-1.138773,  2.583850,  0.787450),  (0.768860,  0.262469)
(-1.138773,  2.583850,  0.787450),  (0.768860,  0.262469)
(-1.138771,  2.583850,  0.308825),  (0.813160,  0.262108)
(-1.703753,  2.662093,  0.308825),  (0.813371,  0.255296)
(-1.703752,  3.067192,  -0.110791),  (0.853515,  0.221307)
(-1.703753,  2.662093,  0.308825),  (0.813371,  0.255296)
(-1.138771,  2.583850,  0.308825),  (0.813160,  0.262108)
(-1.138771,  2.583850,  0.308825),  (0.813160,  0.262108)
(-1.138770,  2.988948,  -0.110791),  (0.854123,  0.229134)
(-1.703752,  3.067192,  -0.110791),  (0.853515,  0.221307)
(-1.703751,  4.265994,  -0.838664),  (0.918309,  0.114118)
(-1.703759,  4.265995,  0.787450),  (0.768392,  0.116137)
(-1.703757,  4.125753,  0.397268),  (0.804136,  0.127974)
(-1.703757,  4.125753,  0.397268),  (0.804136,  0.127974)
(-1.703753,  4.125753,  -0.436180),  (0.881190,  0.126537)
(-1.703751,  4.265994,  -0.838664),  (0.918309,  0.114118)
(-1.703752,  3.190333,  -0.065453),  (0.848926,  0.210744)
(-1.703752,  3.067192,  -0.110791),  (0.853515,  0.221307)
(-1.703749,  3.067191,  -0.838664),  (0.921039,  0.217795)
(-1.703749,  3.067191,  -0.838664),  (0.921039,  0.217795)
(-1.703750,  3.190332,  -0.668646),  (0.904508,  0.207032)
(-1.703752,  3.190333,  -0.065453),  (0.848926,  0.210744)
(-1.703759,  4.265995,  0.787450),  (0.768392,  0.116137)
(-1.703755,  2.662093,  0.787450),  (0.768797,  0.254947)
(-1.703755,  2.785234,  0.625427),  (0.783901,  0.244637)
(-1.703755,  2.785234,  0.625427),  (0.783901,  0.244637)
(-1.703757,  3.875592,  0.625427),  (0.783324,  0.150159)
(-1.703759,  4.265995,  0.787450),  (0.768392,  0.116137)
(-1.703753,  2.785234,  0.354164),  (0.809664,  0.245240)
(-1.703753,  2.662093,  0.308825),  (0.813371,  0.255296)
(-1.703752,  3.067192,  -0.110791),  (0.853515,  0.221307)
(-1.703752,  3.067192,  -0.110791),  (0.853515,  0.221307)
(-1.703752,  3.190333,  -0.065453),  (0.848926,  0.210744)
(-1.703753,  2.785234,  0.354164),  (0.809664,  0.245240)
(-1.703755,  2.785234,  0.625427),  (0.783901,  0.244637)
(-1.703755,  2.662093,  0.787450),  (0.768797,  0.254947)
(-1.703753,  2.662093,  0.308825),  (0.813371,  0.255296)
(-1.703753,  2.662093,  0.308825),  (0.813371,  0.255296)
(-1.703753,  2.785234,  0.354164),  (0.809664,  0.245240)
(-1.703755,  2.785234,  0.625427),  (0.783901,  0.244637)
(-1.703757,  4.125753,  0.397268),  (0.804136,  0.127974)
(-1.703757,  3.875592,  0.625427),  (0.783324,  0.150159)
(-1.164053,  3.842930,  0.548613),  (0.789891,  0.153671)
(-1.164053,  3.842930,  0.548613),  (0.789891,  0.153671)
(-1.164052,  4.044709,  0.364582),  (0.806722,  0.136086)
(-1.703757,  4.125753,  0.397268),  (0.804136,  0.127974)
(-1.164046,  3.271377,  -0.591832),  (0.897322,  0.199180)
(-1.703750,  3.190332,  -0.668646),  (0.904508,  0.207032)
(-1.703751,  3.872842,  -0.668646),  (0.903012,  0.148032)
(-1.703751,  3.872842,  -0.668646),  (0.903012,  0.148032)
(-1.164047,  3.839998,  -0.591832),  (0.895125,  0.150463)
(-1.164046,  3.271377,  -0.591832),  (0.897322,  0.199180)
(-1.164053,  3.842930,  0.548613),  (0.789891,  0.153671)
(-1.703757,  3.875592,  0.625427),  (0.783324,  0.150159)
(-1.703755,  2.785234,  0.625427),  (0.783901,  0.244637)
(-1.703755,  2.785234,  0.625427),  (0.783901,  0.244637)
(-1.164050,  2.866279,  0.548613),  (0.792671,  0.237835)
(-1.164053,  3.842930,  0.548613),  (0.789891,  0.153671)
(-1.164049,  3.271377,  -0.035613),  (0.845857,  0.203638)
(-1.703752,  3.190333,  -0.065453),  (0.848926,  0.210744)
(-1.703750,  3.190332,  -0.668646),  (0.904508,  0.207032)
(-1.703750,  3.190332,  -0.668646),  (0.904508,  0.207032)
(-1.164046,  3.271377,  -0.591832),  (0.897322,  0.199180)
(-1.164049,  3.271377,  -0.035613),  (0.845857,  0.203638)
(-1.164050,  2.866279,  0.384003),  (0.807311,  0.238054)
(-1.703753,  2.785234,  0.354164),  (0.809664,  0.245240)
(-1.703752,  3.190333,  -0.065453),  (0.848926,  0.210744)
(-1.703752,  3.190333,  -0.065453),  (0.848926,  0.210744)
(-1.164049,  3.271377,  -0.035613),  (0.845857,  0.203638)
(-1.164050,  2.866279,  0.384003),  (0.807311,  0.238054)
(-1.164050,  2.866279,  0.548613),  (0.792671,  0.237835)
(-1.703755,  2.785234,  0.625427),  (0.783901,  0.244637)
(-1.703753,  2.785234,  0.354164),  (0.809664,  0.245240)
(-1.703753,  2.785234,  0.354164),  (0.809664,  0.245240)
(-1.164050,  2.866279,  0.384003),  (0.807311,  0.238054)
(-1.164050,  2.866279,  0.548613),  (0.792671,  0.237835)
(-1.164047,  3.839998,  -0.591832),  (0.895125,  0.150463)
(-1.703751,  3.872842,  -0.668646),  (0.903012,  0.148032)
(-1.703753,  4.125753,  -0.436180),  (0.881190,  0.126537)
(-1.703753,  4.125753,  -0.436180),  (0.881190,  0.126537)
(-1.164049,  4.044708,  -0.403671),  (0.877474,  0.133416)
(-1.164047,  3.839998,  -0.591832),  (0.895125,  0.150463)
(-1.164049,  3.271377,  -0.035613),  (0.894202,  0.708045)
(-1.164053,  3.842930,  0.548613),  (0.839105,  0.660085)
(-1.164050,  2.866279,  0.548613),  (0.841190,  0.744315)
(-1.164050,  2.866279,  0.548613),  (0.841190,  0.744315)
(-1.164050,  2.866279,  0.384003),  (0.856370,  0.743939)
(-1.164049,  3.271377,  -0.035613),  (0.894202,  0.708045)
(-1.164049,  4.044708,  -0.403671),  (0.877474,  0.133416)
(-1.703753,  4.125753,  -0.436180),  (0.881190,  0.126537)
(-1.703757,  4.125753,  0.397268),  (0.804136,  0.127974)
(-1.703757,  4.125753,  0.397268),  (0.804136,  0.127974)
(-1.164052,  4.044709,  0.364582),  (0.806722,  0.136086)
(-1.164049,  4.044708,  -0.403671),  (0.877474,  0.133416)
(-1.703753,  4.125753,  -0.436180),  (0.881190,  0.126537)
(-1.703751,  3.872842,  -0.668646),  (0.903012,  0.148032)
(-1.703751,  4.265994,  -0.838664),  (0.918309,  0.114118)
(-1.043698,  2.513573,  -0.838664),  (0.308354,  0.795698)
(-1.608680,  2.591817,  -0.838664),  (0.308428,  0.803232)
(-1.608682,  2.591817,  -0.110792),  (0.375722,  0.802586)
(-1.608682,  2.591817,  -0.110792),  (0.375722,  0.802586)
(-1.043700,  2.513574,  -0.110791),  (0.375417,  0.795045)
(-1.043698,  2.513573,  -0.838664),  (0.308354,  0.795698)
(-1.608682,  2.309226,  0.181928),  (0.403379,  0.778808)
(-1.608682,  2.186719,  0.308825),  (0.415146,  0.768435)
(-1.043700,  2.108475,  0.308825),  (0.414825,  0.760913)
(-1.043700,  2.108475,  0.308825),  (0.414825,  0.760913)
(-1.043700,  2.230982,  0.181928),  (0.402840,  0.771273)
(-1.608682,  2.309226,  0.181928),  (0.403379,  0.778808)
(-1.608682,  2.186719,  0.308825),  (0.415146,  0.768435)
(-1.608683,  2.186719,  0.787450),  (0.459212,  0.767762)
(-1.043700,  2.108476,  0.787450),  (0.459095,  0.760202)
(-1.043700,  2.108476,  0.787450),  (0.459095,  0.760202)
(-1.043700,  2.108475,  0.308825),  (0.414825,  0.760913)
(-1.608682,  2.186719,  0.308825),  (0.415146,  0.768435)
(-1.608682,  2.591817,  -0.110792),  (0.375722,  0.802586)
(-1.608682,  2.309226,  0.181928),  (0.403379,  0.778808)
(-1.043700,  2.230982,  0.181928),  (0.402840,  0.771273)
(-1.043700,  2.230982,  0.181928),  (0.402840,  0.771273)
(-1.043700,  2.513574,  -0.110791),  (0.375417,  0.795045)
(-1.608682,  2.591817,  -0.110792),  (0.375722,  0.802586)
(-1.608680,  2.591817,  -0.838664),  (0.308428,  0.803232)
(-1.608681,  2.775102,  -0.838664),  (0.308589,  0.819058)
(-1.608682,  2.775102,  -0.110792),  (0.375630,  0.818389)
(-1.608682,  2.775102,  -0.110792),  (0.375630,  0.818389)
(-1.608682,  2.591817,  -0.110792),  (0.375722,  0.802586)
(-1.608680,  2.591817,  -0.838664),  (0.308428,  0.803232)
(-1.608682,  2.591817,  -0.110792),  (0.375722,  0.802586)
(-1.608682,  2.775102,  -0.110792),  (0.375630,  0.818389)
(-1.608682,  2.492511,  0.181928),  (0.403083,  0.794626)
(-1.608682,  2.492511,  0.181928),  (0.403083,  0.794626)
(-1.608682,  2.309226,  0.181928),  (0.403379,  0.778808)
(-1.608682,  2.591817,  -0.110792),  (0.375722,  0.802586)
(-1.608682,  2.309226,  0.181928),  (0.403379,  0.778808)
(-1.608682,  2.492511,  0.181928),  (0.403083,  0.794626)
(-1.608682,  2.370004,  0.308825),  (0.415146,  0.784271)
(-1.608682,  2.370004,  0.308825),  (0.415146,  0.784271)
(-1.608682,  2.186719,  0.308825),  (0.415146,  0.768435)
(-1.608682,  2.309226,  0.181928),  (0.403379,  0.778808)
(-1.608682,  2.186719,  0.308825),  (0.415146,  0.768435)
(-1.608682,  2.370004,  0.308825),  (0.415146,  0.784271)
(-1.608683,  2.370004,  0.787450),  (0.459450,  0.783571)
(-1.608683,  2.370004,  0.787450),  (0.459450,  0.783571)
(-1.608683,  2.186719,  0.787450),  (0.459212,  0.767762)
(-1.608682,  2.186719,  0.308825),  (0.415146,  0.768435)
(-1.608681,  2.775102,  -0.838664),  (0.308589,  0.819058)
(-0.959348,  2.852465,  -0.838664),  (0.308684,  0.826792)
(-0.959350,  2.852466,  -0.110792),  (0.376024,  0.826070)
(-0.959350,  2.852466,  -0.110792),  (0.376024,  0.826070)
(-1.608682,  2.775102,  -0.110792),  (0.375630,  0.818389)
(-1.608681,  2.775102,  -0.838664),  (0.308589,  0.819058)
(-1.608682,  2.492511,  0.181928),  (0.403083,  0.794626)
(-0.959350,  2.569874,  0.181927),  (0.403775,  0.802305)
(-0.959350,  2.447367,  0.308825),  (0.415575,  0.792001)
(-0.959350,  2.447367,  0.308825),  (0.415575,  0.792001)
(-1.608682,  2.370004,  0.308825),  (0.415146,  0.784271)
(-1.608682,  2.492511,  0.181928),  (0.403083,  0.794626)
(-1.608682,  2.775102,  -0.110792),  (0.375630,  0.818389)
(-0.959350,  2.852466,  -0.110792),  (0.376024,  0.826070)
(-0.959350,  2.569874,  0.181927),  (0.403775,  0.802305)
(-0.959350,  2.569874,  0.181927),  (0.403775,  0.802305)
(-1.608682,  2.492511,  0.181928),  (0.403083,  0.794626)
(-1.608682,  2.775102,  -0.110792),  (0.375630,  0.818389)
(-1.608682,  2.370004,  0.308825),  (0.415146,  0.784271)
(-0.959350,  2.447367,  0.308825),  (0.415575,  0.792001)
(-0.959350,  2.447368,  0.787450),  (0.459591,  0.791261)
(-0.959350,  2.447368,  0.787450),  (0.459591,  0.791261)
(-1.608683,  2.370004,  0.787450),  (0.459450,  0.783571)
(-1.608682,  2.370004,  0.308825),  (0.415146,  0.784271)
(-1.043697,  2.043272,  -0.838664),  (0.307414,  0.754159)
(-1.608679,  2.121516,  -0.838664),  (0.307532,  0.761692)
(-1.608681,  2.121517,  -0.110791),  (0.374821,  0.760654)
(-1.608681,  2.121517,  -0.110791),  (0.374821,  0.760654)
(-1.043698,  2.043273,  -0.110791),  (0.374472,  0.753115)
(-1.043697,  2.043272,  -0.838664),  (0.307414,  0.754159)
(-1.608681,  1.838925,  0.181928),  (0.402339,  0.736715)
(-1.608681,  1.716418,  0.308825),  (0.414045,  0.726274)
(-1.043698,  1.638175,  0.308825),  (0.413681,  0.718754)
(-1.043698,  1.638175,  0.308825),  (0.413681,  0.718754)
(-1.043698,  1.760682,  0.181928),  (0.401756,  0.729184)
(-1.608681,  1.838925,  0.181928),  (0.402339,  0.736715)
(-1.608681,  1.716418,  0.308825),  (0.414045,  0.726274)
(-1.608682,  1.716419,  0.787450),  (0.458108,  0.725346)
(-1.043699,  1.638175,  0.787450),  (0.457946,  0.717786)
(-1.043699,  1.638175,  0.787450),  (0.457946,  0.717786)
(-1.043698,  1.638175,  0.308825),  (0.413681,  0.718754)
(-1.608681,  1.716418,  0.308825),  (0.414045,  0.726274)
(-1.608681,  2.121517,  -0.110791),  (0.374821,  0.760654)
(-1.608681,  1.838925,  0.181928),  (0.402339,  0.736715)
(-1.043698,  1.760682,  0.181928),  (0.401756,  0.729184)
(-1.043698,  1.760682,  0.181928),  (0.401756,  0.729184)
(-1.043698,  2.043273,  -0.110791),  (0.374472,  0.753115)
(-1.608681,  2.121517,  -0.110791),  (0.374821,  0.760654)
(-1.608679,  2.121516,  -0.838664),  (0.307532,  0.761692)
(-1.608680,  2.304801,  -0.838664),  (0.307785,  0.777517)
(-1.608681,  2.304802,  -0.110791),  (0.374821,  0.776458)
(-1.608681,  2.304802,  -0.110791),  (0.374821,  0.776458)
(-1.608681,  2.121517,  -0.110791),  (0.374821,  0.760654)
(-1.608679,  2.121516,  -0.838664),  (0.307532,  0.761692)
(-1.608681,  2.121517,  -0.110791),  (0.374821,  0.760654)
(-1.608681,  2.304802,  -0.110791),  (0.374821,  0.776458)
(-1.608681,  2.022210,  0.181928),  (0.402135,  0.752536)
(-1.608681,  2.022210,  0.181928),  (0.402135,  0.752536)
(-1.608681,  1.838925,  0.181928),  (0.402339,  0.736715)
(-1.608681,  2.121517,  -0.110791),  (0.374821,  0.760654)
(-1.608681,  1.838925,  0.181928),  (0.402339,  0.736715)
(-1.608681,  2.022210,  0.181928),  (0.402135,  0.752536)
(-1.608681,  1.899703,  0.308825),  (0.414138,  0.742110)
(-1.608681,  1.899703,  0.308825),  (0.414138,  0.742110)
(-1.608681,  1.716418,  0.308825),  (0.414045,  0.726274)
(-1.608681,  1.838925,  0.181928),  (0.402339,  0.736715)
(-1.608681,  1.716418,  0.308825),  (0.414045,  0.726274)
(-1.608681,  1.899703,  0.308825),  (0.414138,  0.742110)
(-1.608682,  1.899704,  0.787450),  (0.458437,  0.741153)
(-1.608682,  1.899704,  0.787450),  (0.458437,  0.741153)
(-1.608682,  1.716419,  0.787450),  (0.458108,  0.725346)
(-1.608681,  1.716418,  0.308825),  (0.414045,  0.726274)
(-1.608680,  2.304801,  -0.838664),  (0.307785,  0.777517)
(-0.959347,  2.382165,  -0.838664),  (0.307924,  0.785250)
(-0.959349,  2.382165,  -0.110791),  (0.375260,  0.784137)
(-0.959349,  2.382165,  -0.110791),  (0.375260,  0.784137)
(-1.608681,  2.304802,  -0.110791),  (0.374821,  0.776458)
(-1.608680,  2.304801,  -0.838664),  (0.307785,  0.777517)
(-1.608681,  2.022210,  0.181928),  (0.402135,  0.752536)
(-0.959348,  2.099574,  0.181928),  (0.402872,  0.760210)
(-0.959348,  1.977067,  0.308825),  (0.414611,  0.749837)
(-0.959348,  1.977067,  0.308825),  (0.414611,  0.749837)
(-1.608681,  1.899703,  0.308825),  (0.414138,  0.742110)
(-1.608681,  2.022210,  0.181928),  (0.402135,  0.752536)
(-1.608681,  2.304802,  -0.110791),  (0.374821,  0.776458)
(-0.959349,  2.382165,  -0.110791),  (0.375260,  0.784137)
(-0.959348,  2.099574,  0.181928),  (0.402872,  0.760210)
(-0.959348,  2.099574,  0.181928),  (0.402872,  0.760210)
(-1.608681,  2.022210,  0.181928),  (0.402135,  0.752536)
(-1.608681,  2.304802,  -0.110791),  (0.374821,  0.776458)
(-1.608681,  1.899703,  0.308825),  (0.414138,  0.742110)
(-0.959348,  1.977067,  0.308825),  (0.414611,  0.749837)
(-0.959349,  1.977067,  0.787450),  (0.458622,  0.748843)
(-0.959349,  1.977067,  0.787450),  (0.458622,  0.748843)
(-1.608682,  1.899704,  0.787450),  (0.458437,  0.741153)
(-1.608681,  1.899703,  0.308825),  (0.414138,  0.742110)
(-1.043696,  1.569963,  -0.838664),  (0.310372,  0.837384)
(-1.608678,  1.648207,  -0.838664),  (0.310447,  0.844918)
(-1.608680,  1.648207,  -0.110791),  (0.377740,  0.844271)
(-1.608680,  1.648207,  -0.110791),  (0.377740,  0.844271)
(-1.043697,  1.569964,  -0.110791),  (0.377435,  0.836730)
(-1.043696,  1.569963,  -0.838664),  (0.310372,  0.837384)
(-1.608680,  1.365616,  0.181928),  (0.405397,  0.820492)
(-1.608680,  1.243109,  0.308825),  (0.417164,  0.810119)
(-1.043697,  1.164866,  0.308825),  (0.416843,  0.802597)
(-1.043697,  1.164866,  0.308825),  (0.416843,  0.802597)
(-1.043697,  1.287373,  0.181928),  (0.404858,  0.812957)
(-1.608680,  1.365616,  0.181928),  (0.405397,  0.820492)
(-1.608680,  1.243109,  0.308825),  (0.417164,  0.810119)
(-1.608681,  1.243109,  0.787450),  (0.461230,  0.809447)
(-1.043698,  1.164866,  0.787450),  (0.461113,  0.801886)
(-1.043698,  1.164866,  0.787450),  (0.461113,  0.801886)
(-1.043697,  1.164866,  0.308825),  (0.416843,  0.802597)
(-1.608680,  1.243109,  0.308825),  (0.417164,  0.810119)
(-1.608680,  1.648207,  -0.110791),  (0.377740,  0.844271)
(-1.608680,  1.365616,  0.181928),  (0.405397,  0.820492)
(-1.043697,  1.287373,  0.181928),  (0.404858,  0.812957)
(-1.043697,  1.287373,  0.181928),  (0.404858,  0.812957)
(-1.043697,  1.569964,  -0.110791),  (0.377435,  0.836730)
(-1.608680,  1.648207,  -0.110791),  (0.377740,  0.844271)
(-1.608678,  1.648207,  -0.838664),  (0.310447,  0.844918)
(-1.608679,  1.831492,  -0.838664),  (0.310608,  0.860744)
(-1.608680,  1.831492,  -0.110791),  (0.377648,  0.860074)
(-1.608680,  1.831492,  -0.110791),  (0.377648,  0.860074)
(-1.608680,  1.648207,  -0.110791),  (0.377740,  0.844271)
(-1.608678,  1.648207,  -0.838664),  (0.310447,  0.844918)
(-1.608680,  1.648207,  -0.110791),  (0.377740,  0.844271)
(-1.608680,  1.831492,  -0.110791),  (0.377648,  0.860074)
(-1.608680,  1.548901,  0.181928),  (0.405102,  0.836311)
(-1.608680,  1.548901,  0.181928),  (0.405102,  0.836311)
(-1.608680,  1.365616,  0.181928),  (0.405397,  0.820492)
(-1.608680,  1.648207,  -0.110791),  (0.377740,  0.844271)
(-1.608680,  1.365616,  0.181928),  (0.405397,  0.820492)
(-1.608680,  1.548901,  0.181928),  (0.405102,  0.836311)
(-1.608680,  1.426394,  0.308825),  (0.417164,  0.825955)
(-1.608680,  1.426394,  0.308825),  (0.417164,  0.825955)
(-1.608680,  1.243109,  0.308825),  (0.417164,  0.810119)
(-1.608680,  1.365616,  0.181928),  (0.405397,  0.820492)
(-1.608680,  1.243109,  0.308825),  (0.417164,  0.810119)
(-1.608680,  1.426394,  0.308825),  (0.417164,  0.825955)
(-1.608681,  1.426394,  0.787450),  (0.461468,  0.825256)
(-1.608681,  1.426394,  0.787450),  (0.461468,  0.825256)
(-1.608681,  1.243109,  0.787450),  (0.461230,  0.809447)
(-1.608680,  1.243109,  0.308825),  (0.417164,  0.810119)
(-1.608679,  1.831492,  -0.838664),  (0.310608,  0.860744)
(-0.959346,  1.908855,  -0.838664),  (0.310702,  0.868478)
(-0.959347,  1.908856,  -0.110791),  (0.378043,  0.867755)
(-0.959347,  1.908856,  -0.110791),  (0.378043,  0.867755)
(-1.608680,  1.831492,  -0.110791),  (0.377648,  0.860074)
(-1.608679,  1.831492,  -0.838664),  (0.310608,  0.860744)
(-1.608680,  1.548901,  0.181928),  (0.405102,  0.836311)
(-0.959347,  1.626265,  0.181928),  (0.405794,  0.843990)
(-0.959347,  1.503758,  0.308825),  (0.417593,  0.833686)
(-0.959347,  1.503758,  0.308825),  (0.417593,  0.833686)
(-1.608680,  1.426394,  0.308825),  (0.417164,  0.825955)
(-1.608680,  1.548901,  0.181928),  (0.405102,  0.836311)
(-1.608680,  1.831492,  -0.110791),  (0.377648,  0.860074)
(-0.959347,  1.908856,  -0.110791),  (0.378043,  0.867755)
(-0.959347,  1.626265,  0.181928),  (0.405794,  0.843990)
(-0.959347,  1.626265,  0.181928),  (0.405794,  0.843990)
(-1.608680,  1.548901,  0.181928),  (0.405102,  0.836311)
(-1.608680,  1.831492,  -0.110791),  (0.377648,  0.860074)
(-1.608680,  1.426394,  0.308825),  (0.417164,  0.825955)
(-0.959347,  1.503758,  0.308825),  (0.417593,  0.833686)
(-0.959348,  1.503758,  0.787450),  (0.461609,  0.832946)
(-0.959348,  1.503758,  0.787450),  (0.461609,  0.832946)
(-1.608681,  1.426394,  0.787450),  (0.461468,  0.825256)
(-1.608680,  1.426394,  0.308825),  (0.417164,  0.825955)
(1.442194,  2.746729,  -1.122177),  (0.365675,  0.619851)
(1.442194,  2.746729,  -0.992360),  (0.379806,  0.619316)
(0.884387,  2.746729,  -0.992360),  (0.380792,  0.616437)
(0.884387,  2.746729,  -0.992360),  (0.380792,  0.616437)
(0.884387,  2.746729,  -1.122177),  (0.364213,  0.618351)
(1.442194,  2.746729,  -1.122177),  (0.365675,  0.619851)
(2.000000,  2.640783,  -0.939788),  (0.384237,  0.630636)
(2.000000,  2.708862,  -1.011335),  (0.377493,  0.623747)
(2.000000,  2.242427,  -1.011335),  (0.377493,  0.670594)
(2.000000,  2.242427,  -1.011335),  (0.377493,  0.670594)
(2.000000,  2.310506,  -0.939788),  (0.384237,  0.663706)
(2.000000,  2.640783,  -0.939788),  (0.384237,  0.630636)
(1.442194,  2.746729,  -0.992360),  (0.379806,  0.619316)
(2.000000,  2.708862,  -1.011335),  (0.377493,  0.623747)
(2.000000,  2.640783,  -0.939788),  (0.384237,  0.630636)
(2.000000,  2.640783,  -0.939788),  (0.384237,  0.630636)
(1.442194,  2.667596,  -0.909195),  (0.388394,  0.627732)
(1.442194,  2.746729,  -0.992360),  (0.379806,  0.619316)
(1.442194,  2.204560,  -0.992360),  (0.379806,  0.675025)
(0.884387,  2.204560,  -0.992360),  (0.380792,  0.677904)
(0.884387,  2.283692,  -0.909195),  (0.391289,  0.667867)
(0.884387,  2.283692,  -0.909195),  (0.391289,  0.667867)
(1.442194,  2.283692,  -0.909195),  (0.388394,  0.666609)
(1.442194,  2.204560,  -0.992360),  (0.379806,  0.675025)
(1.442193,  2.204560,  -1.122176),  (0.365675,  0.674490)
(1.442194,  2.204560,  -0.992360),  (0.379806,  0.675025)
(2.000000,  2.242427,  -1.011335),  (0.377493,  0.670594)
(2.000000,  2.242427,  -1.011335),  (0.377493,  0.670594)
(2.000000,  2.242427,  -1.122177),  (0.366756,  0.670474)
(1.442193,  2.204560,  -1.122176),  (0.365675,  0.674490)
(0.884387,  2.204560,  -1.122176),  (0.364213,  0.675991)
(0.884387,  2.204560,  -0.992360),  (0.380792,  0.677904)
(1.442194,  2.204560,  -0.992360),  (0.379806,  0.675025)
(1.442194,  2.204560,  -0.992360),  (0.379806,  0.675025)
(1.442193,  2.204560,  -1.122176),  (0.365675,  0.674490)
(0.884387,  2.204560,  -1.122176),  (0.364213,  0.675991)
(2.000000,  2.242427,  -1.011335),  (0.377493,  0.670594)
(1.442194,  2.204560,  -0.992360),  (0.379806,  0.675025)
(1.442194,  2.283692,  -0.909195),  (0.388394,  0.666609)
(1.442194,  2.283692,  -0.909195),  (0.388394,  0.666609)
(2.000000,  2.310506,  -0.939788),  (0.384237,  0.663706)
(2.000000,  2.242427,  -1.011335),  (0.377493,  0.670594)
(0.884387,  2.746729,  -0.992360),  (0.380792,  0.616437)
(1.442194,  2.746729,  -0.992360),  (0.379806,  0.619316)
(1.442194,  2.667596,  -0.909195),  (0.388394,  0.627732)
(1.442194,  2.667596,  -0.909195),  (0.388394,  0.627732)
(0.884387,  2.667596,  -0.909195),  (0.391289,  0.626475)
(0.884387,  2.746729,  -0.992360),  (0.380792,  0.616437)
(2.000000,  2.708862,  -1.122177),  (0.366756,  0.623868)
(2.000000,  2.708862,  -1.011335),  (0.377493,  0.623747)
(1.442194,  2.746729,  -0.992360),  (0.379806,  0.619316)
(1.442194,  2.746729,  -0.992360),  (0.379806,  0.619316)
(1.442194,  2.746729,  -1.122177),  (0.365675,  0.619851)
(2.000000,  2.708862,  -1.122177),  (0.366756,  0.623868)
(2.000000,  2.708862,  -1.122177),  (0.366756,  0.623868)
(2.000000,  2.242427,  -1.122177),  (0.366756,  0.670474)
(2.000000,  2.242427,  -1.011335),  (0.377493,  0.670594)
(2.000000,  2.242427,  -1.011335),  (0.377493,  0.670594)
(2.000000,  2.708862,  -1.011335),  (0.377493,  0.623747)
(2.000000,  2.708862,  -1.122177),  (0.366756,  0.623868)
(1.442194,  2.667596,  -0.909195),  (0.388394,  0.627732)
(1.442194,  2.283692,  -0.909195),  (0.388394,  0.666609)
(0.884387,  2.283692,  -0.909195),  (0.391289,  0.667867)
(0.884387,  2.283692,  -0.909195),  (0.391289,  0.667867)
(0.884387,  2.667596,  -0.909195),  (0.391289,  0.626475)
(1.442194,  2.667596,  -0.909195),  (0.388394,  0.627732)
(2.000000,  2.640783,  -0.939788),  (0.384237,  0.630636)
(2.000000,  2.310506,  -0.939788),  (0.384237,  0.663706)
(1.442194,  2.283692,  -0.909195),  (0.388394,  0.666609)
(1.442194,  2.283692,  -0.909195),  (0.388394,  0.666609)
(1.442194,  2.667596,  -0.909195),  (0.388394,  0.627732)
(2.000000,  2.640783,  -0.939788),  (0.384237,  0.630636)
(1.278887,  0.438999,  0.322528),  (0.690899,  0.951306)
(1.278887,  0.275194,  0.322528),  (0.690243,  0.965811)
(1.278887,  0.000001,  0.687682),  (0.724232,  0.989626)
(1.278887,  0.000001,  0.687682),  (0.724232,  0.989626)
(1.278887,  0.325530,  0.687682),  (0.724510,  0.961097)
(1.278887,  0.438999,  0.322528),  (0.690899,  0.951306)
(1.278887,  0.946547,  0.759846),  (0.731353,  0.906910)
(1.278887,  0.438999,  0.322528),  (0.690899,  0.951306)
(1.278887,  0.325530,  0.687682),  (0.724510,  0.961097)
(1.278887,  0.325530,  0.687682),  (0.724510,  0.961097)
(1.278887,  0.833078,  1.125000),  (0.765108,  0.916689)
(1.278887,  0.946547,  0.759846),  (0.731353,  0.906910)
(1.278888,  4.252324,  0.482956),  (0.704909,  0.619354)
(1.278888,  3.960249,  0.759844),  (0.731178,  0.645049)
(1.278888,  4.174083,  1.124998),  (0.764865,  0.626576)
(1.278888,  4.174083,  1.124998),  (0.764865,  0.626576)
(1.278888,  4.500000,  0.764612),  (0.730979,  0.597930)
(1.278888,  4.252324,  0.482956),  (0.704909,  0.619354)
(1.278888,  3.960249,  0.759844),  (0.731178,  0.645049)
(1.278887,  0.946547,  0.759846),  (0.731353,  0.906910)
(1.278887,  0.833078,  1.125000),  (0.765108,  0.916689)
(1.278887,  0.833078,  1.125000),  (0.765108,  0.916689)
(1.278888,  4.174083,  1.124998),  (0.764865,  0.626576)
(1.278888,  3.960249,  0.759844),  (0.731178,  0.645049)
(1.278887,  0.275193,  -1.124998),  (0.555825,  0.966116)
(1.278887,  0.000000,  -1.124998),  (0.556019,  0.989757)
(1.278887,  0.000001,  0.687682),  (0.724232,  0.989626)
(1.278887,  0.000001,  0.687682),  (0.724232,  0.989626)
(1.278887,  0.275194,  0.322528),  (0.690243,  0.965811)
(1.278887,  0.275193,  -1.124998),  (0.555825,  0.966116)
(1.278887,  0.946546,  -1.124999),  (0.554892,  0.905295)
(0.384425,  0.880733,  -1.124999),  (0.555228,  0.912682)
(0.384425,  0.880817,  -0.889622),  (0.577193,  0.912345)
(0.384425,  0.880817,  -0.889622),  (0.577193,  0.912345)
(1.278887,  0.946546,  -0.918644),  (0.573799,  0.905209)
(1.278887,  0.946546,  -1.124999),  (0.554892,  0.905295)
(1.278887,  3.960248,  -0.796948),  (0.585005,  0.644270)
(1.278887,  4.499999,  -1.125000),  (0.555108,  0.597561)
(1.278887,  0.946546,  -1.124999),  (0.554892,  0.905295)
(1.278887,  0.946546,  -1.124999),  (0.554892,  0.905295)
(1.278887,  0.946546,  -0.918644),  (0.573799,  0.905209)
(1.278887,  3.960248,  -0.796948),  (0.585005,  0.644270)
(0.384425,  0.461584,  0.249847),  (0.682820,  0.948488)
(0.384425,  0.340924,  0.249847),  (0.682679,  0.958855)
(1.278887,  0.275194,  0.322528),  (0.690243,  0.965811)
(1.278887,  0.275194,  0.322528),  (0.690243,  0.965811)
(1.278887,  0.438999,  0.322528),  (0.690899,  0.951306)
(0.384425,  0.461584,  0.249847),  (0.682820,  0.948488)
(0.384425,  0.969132,  0.687165),  (0.723227,  0.904407)
(0.384425,  0.461584,  0.249847),  (0.682820,  0.948488)
(1.278887,  0.438999,  0.322528),  (0.690899,  0.951306)
(1.278887,  0.438999,  0.322528),  (0.690899,  0.951306)
(1.278887,  0.946547,  0.759846),  (0.731353,  0.906910)
(0.384425,  0.969132,  0.687165),  (0.723227,  0.904407)
(0.384426,  4.186594,  0.449532),  (0.701184,  0.626786)
(0.384426,  3.935930,  0.687163),  (0.722989,  0.647829)
(1.278888,  3.960249,  0.759844),  (0.731178,  0.645049)
(1.278888,  3.960249,  0.759844),  (0.731178,  0.645049)
(1.278888,  4.252324,  0.482956),  (0.704909,  0.619354)
(0.384426,  4.186594,  0.449532),  (0.701184,  0.626786)
(0.384425,  0.880817,  -0.889622),  (0.577193,  0.912345)
(0.384425,  1.022897,  -0.724266),  (0.592752,  0.899773)
(1.278887,  1.051113,  -0.796948),  (0.584741,  0.896476)
(1.278887,  1.051113,  -0.796948),  (0.584741,  0.896476)
(1.278887,  0.946546,  -0.918644),  (0.573799,  0.905209)
(0.384425,  0.880817,  -0.889622),  (0.577193,  0.912345)
(0.384426,  3.935930,  0.687163),  (0.722989,  0.647829)
(0.384426,  2.668714,  0.687164),  (0.723186,  0.757181)
(0.384425,  0.969132,  0.687165),  (0.723227,  0.904407)
(0.384426,  3.935930,  0.687163),  (0.722989,  0.647829)
(0.384425,  0.969132,  0.687165),  (0.723227,  0.904407)
(1.278887,  0.946547,  0.759846),  (0.731353,  0.906910)
(0.384426,  3.935930,  0.687163),  (0.722989,  0.647829)
(1.278887,  0.946547,  0.759846),  (0.731353,  0.906910)
(1.278888,  3.960249,  0.759844),  (0.731178,  0.645049)
(0.384425,  0.340695,  -1.124998),  (0.555423,  0.958917)
(1.278887,  0.275193,  -1.124998),  (0.555825,  0.966116)
(1.278887,  0.275194,  0.322528),  (0.690243,  0.965811)
(1.278887,  0.275194,  0.322528),  (0.690243,  0.965811)
(0.384425,  0.340924,  0.249847),  (0.682679,  0.958855)
(0.384425,  0.340695,  -1.124998),  (0.555423,  0.958917)
(0.384425,  0.461584,  0.249847),  (0.682820,  0.948488)
(0.384425,  0.340695,  -1.124998),  (0.555423,  0.958917)
(0.384425,  0.340924,  0.249847),  (0.682679,  0.958855)
(1.278888,  4.500000,  0.764612),  (0.730979,  0.597930)
(1.278887,  4.499999,  -1.125000),  (0.555108,  0.597561)
(1.278887,  4.252322,  -0.505712),  (0.612706,  0.619159)
(1.278887,  4.252322,  -0.505712),  (0.612706,  0.619159)
(1.278888,  4.252324,  0.482956),  (0.704909,  0.619354)
(1.278888,  4.500000,  0.764612),  (0.730979,  0.597930)
(1.278887,  3.960248,  -0.796948),  (0.585005,  0.644270)
(1.278887,  0.946546,  -0.918644),  (0.573799,  0.905209)
(1.278887,  1.051113,  -0.796948),  (0.584741,  0.896476)
(0.876158,  1.044248,  -0.109332),  (0.830673,  0.399196)
(0.876158,  1.044248,  0.792459),  (0.913972,  0.398938)
(0.124517,  1.139723,  0.792459),  (0.913841,  0.389518)
(0.124517,  1.139723,  0.792459),  (0.913841,  0.389518)
(0.124517,  1.139722,  -0.149426),  (0.826536,  0.390049)
(0.876158,  1.044248,  -0.109332),  (0.830673,  0.399196)
(0.876158,  1.044248,  0.792459),  (0.913972,  0.398938)
(0.876158,  1.044248,  -0.109332),  (0.830673,  0.399196)
(0.876158,  0.799882,  -0.340941),  (0.809435,  0.420220)
(0.876158,  1.044248,  0.792459),  (0.913972,  0.398938)
(0.876158,  0.799882,  -0.340941),  (0.809435,  0.420220)
(0.876158,  0.152827,  -0.340941),  (0.809361,  0.476094)
(0.876158,  1.044248,  0.792459),  (0.913972,  0.398938)
(0.876158,  0.152827,  -0.340941),  (0.809361,  0.476094)
(0.876158,  0.152827,  0.290729),  (0.867780,  0.476094)
(0.876158,  1.044248,  -0.109332),  (0.830673,  0.399196)
(0.124517,  1.139722,  -0.149426),  (0.826536,  0.390049)
(0.124517,  0.843413,  -0.429939),  (0.800311,  0.416042)
(0.124517,  0.843413,  -0.429939),  (0.800311,  0.416042)
(0.876158,  0.799882,  -0.340941),  (0.809435,  0.420220)
(0.876158,  1.044248,  -0.109332),  (0.830673,  0.399196)
(0.876158,  0.799882,  -0.340941),  (0.809435,  0.420220)
(0.124517,  0.843413,  -0.429939),  (0.800311,  0.416042)
(0.124517,  0.152827,  -0.429939),  (0.799966,  0.475976)
(0.124517,  0.152827,  -0.429939),  (0.799966,  0.475976)
(0.876158,  0.152827,  -0.340941),  (0.809361,  0.476094)
(0.876158,  0.799882,  -0.340941),  (0.809435,  0.420220)
(-1.413093,  1.561015,  -0.846777),  (0.287529,  0.675734)
(-1.413091,  1.001836,  -0.137466),  (0.288569,  0.594448)
(-1.413091,  0.807011,  -0.275438),  (0.267486,  0.594449)
(-1.413091,  0.807011,  -0.275438),  (0.267486,  0.594449)
(-1.413092,  1.366190,  -0.984748),  (0.266447,  0.675735)
(-1.413093,  1.561015,  -0.846777),  (0.287529,  0.675734)
(-1.001029,  1.597305,  -0.821077),  (0.292160,  0.675743)
(-1.001027,  1.038127,  -0.111766),  (0.293199,  0.594457)
(-1.413091,  1.001836,  -0.137466),  (0.288569,  0.594448)
(-1.413091,  1.001836,  -0.137466),  (0.288569,  0.594448)
(-1.413093,  1.561015,  -0.846777),  (0.287529,  0.675734)
(-1.001029,  1.597305,  -0.821077),  (0.292160,  0.675743)
(-1.413092,  1.366190,  -0.984748),  (0.266447,  0.675735)
(-1.413091,  0.807011,  -0.275438),  (0.267486,  0.594449)
(-1.001027,  0.770158,  -0.301536),  (0.262803,  0.594440)
(-1.001027,  0.770158,  -0.301536),  (0.262803,  0.594440)
(-1.001028,  1.329337,  -1.010847),  (0.261764,  0.675726)
(-1.413092,  1.366190,  -0.984748),  (0.266447,  0.675735)
(-1.999990,  0.438999,  0.322528),  (0.853133,  0.951803)
(-1.999990,  0.325530,  0.687682),  (0.819444,  0.961059)
(-1.999989,  0.000001,  0.687682),  (0.819377,  0.989354)
(-1.999989,  0.000001,  0.687682),  (0.819377,  0.989354)
(-1.999989,  0.275194,  0.322528),  (0.853723,  0.966071)
(-1.999990,  0.438999,  0.322528),  (0.853133,  0.951803)
(-1.999991,  0.946547,  0.759846),  (0.813656,  0.906773)
(-1.999991,  0.833078,  1.125000),  (0.779695,  0.916239)
(-1.999990,  0.325530,  0.687682),  (0.819444,  0.961059)
(-1.999990,  0.325530,  0.687682),  (0.819444,  0.961059)
(-1.999990,  0.438999,  0.322528),  (0.853133,  0.951803)
(-1.999991,  0.946547,  0.759846),  (0.813656,  0.906773)
(-1.999999,  4.252324,  0.482956),  (0.840307,  0.620660)
(-2.000000,  4.500000,  0.764612),  (0.814405,  0.598992)
(-2.000000,  4.174083,  1.124998),  (0.780022,  0.626528)
(-2.000000,  4.174083,  1.124998),  (0.780022,  0.626528)
(-1.999999,  3.960249,  0.759844),  (0.813356,  0.645361)
(-1.999999,  4.252324,  0.482956),  (0.840307,  0.620660)
(-1.999999,  3.960249,  0.759844),  (0.813356,  0.645361)
(-2.000000,  4.174083,  1.124998),  (0.780022,  0.626528)
(-1.999991,  0.833078,  1.125000),  (0.779695,  0.916239)
(-1.999991,  0.833078,  1.125000),  (0.779695,  0.916239)
(-1.999991,  0.946547,  0.759846),  (0.813656,  0.906773)
(-1.999999,  3.960249,  0.759844),  (0.813356,  0.645361)
(-1.999989,  0.000001,  0.687682),  (0.819377,  0.989354)
(-1.999989,  0.000000,  -1.124998),  (0.987419,  0.992351)
(-1.999989,  0.275193,  -1.124998),  (0.988031,  0.968494)
(-1.999989,  0.275193,  -1.124998),  (0.988031,  0.968494)
(-1.999989,  0.275194,  0.322528),  (0.853723,  0.966071)
(-1.999989,  0.000001,  0.687682),  (0.819377,  0.989354)
(-1.999998,  3.960248,  -0.796948),  (0.960169,  0.645091)
(-1.999991,  0.946546,  -0.918644),  (0.970988,  0.906025)
(-1.999991,  0.946546,  -1.124999),  (0.989879,  0.906177)
(-1.999991,  0.946546,  -1.124999),  (0.989879,  0.906177)
(-1.999999,  4.499999,  -1.125000),  (0.989878,  0.598144)
(-1.999998,  3.960248,  -0.796948),  (0.960169,  0.645091)
(-1.105528,  0.461584,  0.249847),  (0.861366,  0.948928)
(-1.999990,  0.438999,  0.322528),  (0.853133,  0.951803)
(-1.999989,  0.275194,  0.322528),  (0.853723,  0.966071)
(-1.999989,  0.275194,  0.322528),  (0.853723,  0.966071)
(-1.105528,  0.340924,  0.249847),  (0.861374,  0.959209)
(-1.105528,  0.461584,  0.249847),  (0.861366,  0.948928)
(-1.105529,  0.969132,  0.687165),  (0.821787,  0.904469)
(-1.999991,  0.946547,  0.759846),  (0.813656,  0.906773)
(-1.999990,  0.438999,  0.322528),  (0.853133,  0.951803)
(-1.999990,  0.438999,  0.322528),  (0.853133,  0.951803)
(-1.105528,  0.461584,  0.249847),  (0.861366,  0.948928)
(-1.105529,  0.969132,  0.687165),  (0.821787,  0.904469)
(-1.105537,  4.186594,  0.449532),  (0.843981,  0.628173)
(-1.999999,  4.252324,  0.482956),  (0.840307,  0.620660)
(-1.999999,  3.960249,  0.759844),  (0.813356,  0.645361)
(-1.999999,  3.960249,  0.759844),  (0.813356,  0.645361)
(-1.105537,  3.935930,  0.687163),  (0.821376,  0.648236)
(-1.105537,  4.186594,  0.449532),  (0.843981,  0.628173)
(-1.105529,  0.880817,  -0.889622),  (0.967481,  0.913390)
(-1.999991,  0.946546,  -0.918644),  (0.970988,  0.906025)
(-1.999991,  1.051113,  -0.796948),  (0.960077,  0.897196)
(-1.999991,  1.051113,  -0.796948),  (0.960077,  0.897196)
(-1.105529,  1.022896,  -0.724266),  (0.952027,  0.900434)
(-1.105529,  0.880817,  -0.889622),  (0.967481,  0.913390)
(-1.105537,  3.935930,  0.687163),  (0.821376,  0.648236)
(-1.999999,  3.960249,  0.759844),  (0.813356,  0.645361)
(-1.999991,  0.946547,  0.759846),  (0.813656,  0.906773)
(-1.105537,  3.935930,  0.687163),  (0.821376,  0.648236)
(-1.999991,  0.946547,  0.759846),  (0.813656,  0.906773)
(-1.105529,  0.969132,  0.687165),  (0.821787,  0.904469)
(-1.105537,  3.935930,  0.687163),  (0.821376,  0.648236)
(-1.105529,  0.969132,  0.687165),  (0.821787,  0.904469)
(-1.105533,  2.668714,  0.687164),  (0.821666,  0.757483)
(-2.000000,  4.500000,  0.764612),  (0.814405,  0.598992)
(-1.999999,  4.252324,  0.482956),  (0.840307,  0.620660)
(-1.999999,  4.252322,  -0.505712),  (0.932450,  0.620005)
(-1.999999,  4.252322,  -0.505712),  (0.932450,  0.620005)
(-1.999999,  4.499999,  -1.125000),  (0.989878,  0.598144)
(-2.000000,  4.500000,  0.764612),  (0.814405,  0.598992)
(-1.633651,  1.044248,  -0.109332),  (0.621530,  0.372025)
(-0.882010,  1.139722,  -0.149426),  (0.625668,  0.362878)
(-0.882010,  1.139723,  0.792459),  (0.538363,  0.362347)
(-0.882010,  1.139723,  0.792459),  (0.538363,  0.362347)
(-1.633651,  1.044248,  0.792459),  (0.538232,  0.371767)
(-1.633651,  1.044248,  -0.109332),  (0.621530,  0.372025)
(-1.633651,  1.044248,  0.792459),  (0.538232,  0.371767)
(-1.633649,  0.152827,  0.290729),  (0.584424,  0.448923)
(-1.633649,  0.152827,  -0.340941),  (0.642843,  0.448923)
(-1.633651,  1.044248,  0.792459),  (0.538232,  0.371767)
(-1.633649,  0.152827,  -0.340941),  (0.642843,  0.448923)
(-1.633651,  0.799882,  -0.340941),  (0.642769,  0.393049)
(-1.633651,  1.044248,  0.792459),  (0.538232,  0.371767)
(-1.633651,  0.799882,  -0.340941),  (0.642769,  0.393049)
(-1.633651,  1.044248,  -0.109332),  (0.621530,  0.372025)
(-1.633651,  1.044248,  -0.109332),  (0.621530,  0.372025)
(-1.633651,  0.799882,  -0.340941),  (0.642769,  0.393049)
(-0.882010,  0.843413,  -0.429939),  (0.651893,  0.388871)
(-0.882010,  0.843413,  -0.429939),  (0.651893,  0.388871)
(-0.882010,  1.139722,  -0.149426),  (0.625668,  0.362878)
(-1.633651,  1.044248,  -0.109332),  (0.621530,  0.372025)
(-1.633651,  0.799882,  -0.340941),  (0.642769,  0.393049)
(-1.633649,  0.152827,  -0.340941),  (0.642843,  0.448923)
(-0.882008,  0.152827,  -0.429939),  (0.652238,  0.448805)
(-0.882008,  0.152827,  -0.429939),  (0.652238,  0.448805)
(-0.882010,  0.843413,  -0.429939),  (0.651893,  0.388871)
(-1.633651,  0.799882,  -0.340941),  (0.642769,  0.393049)
(0.384425,  0.880817,  -0.889622),  (0.577193,  0.912345)
(0.384425,  0.880733,  -1.124999),  (0.555228,  0.912682)
(0.384425,  0.340695,  -1.124998),  (0.555423,  0.958917)
(0.384425,  3.934989,  -0.724267),  (0.593029,  0.647354)
(0.384425,  4.186593,  -0.473385),  (0.616339,  0.626709)
(1.278887,  4.252322,  -0.505712),  (0.612706,  0.619159)
(1.278887,  4.252322,  -0.505712),  (0.612706,  0.619159)
(1.278887,  3.960248,  -0.796948),  (0.585005,  0.644270)
(0.384425,  3.934989,  -0.724267),  (0.593029,  0.647354)
(0.384425,  4.186593,  -0.473385),  (0.616339,  0.626709)
(0.384426,  4.186594,  0.449532),  (0.701184,  0.626786)
(1.278888,  4.252324,  0.482956),  (0.704909,  0.619354)
(1.278888,  4.252324,  0.482956),  (0.704909,  0.619354)
(1.278887,  4.252322,  -0.505712),  (0.612706,  0.619159)
(0.384425,  4.186593,  -0.473385),  (0.616339,  0.626709)
(0.384425,  3.029989,  -0.724267),  (0.592848,  0.725561)
(0.384425,  3.934989,  -0.724267),  (0.593029,  0.647354)
(1.278887,  3.960248,  -0.796948),  (0.585005,  0.644270)
(0.384425,  1.022897,  -0.724266),  (0.592752,  0.899773)
(0.384425,  3.029989,  -0.724267),  (0.592848,  0.725561)
(1.278887,  3.960248,  -0.796948),  (0.585005,  0.644270)
(0.384425,  1.022897,  -0.724266),  (0.592752,  0.899773)
(1.278887,  3.960248,  -0.796948),  (0.585005,  0.644270)
(1.278887,  1.051113,  -0.796948),  (0.584741,  0.896476)
(1.278887,  3.960248,  -0.796948),  (0.585005,  0.644270)
(1.278887,  4.252322,  -0.505712),  (0.612706,  0.619159)
(1.278887,  4.499999,  -1.125000),  (0.555108,  0.597561)
(-1.999991,  1.051113,  -0.796948),  (0.960077,  0.897196)
(-1.999998,  3.960248,  -0.796948),  (0.960169,  0.645091)
(-1.105536,  3.934989,  -0.724267),  (0.952143,  0.648157)
(-1.999991,  1.051113,  -0.796948),  (0.960077,  0.897196)
(-1.105536,  3.934989,  -0.724267),  (0.952143,  0.648157)
(-1.105534,  3.029989,  -0.724267),  (0.952141,  0.726197)
(-1.105529,  1.022896,  -0.724266),  (0.952027,  0.900434)
(-1.999991,  1.051113,  -0.796948),  (0.960077,  0.897196)
(-1.105534,  3.029989,  -0.724267),  (0.952141,  0.726197)
(-1.105536,  3.934989,  -0.724267),  (0.952143,  0.648157)
(-1.999998,  3.960248,  -0.796948),  (0.960169,  0.645091)
(-1.999999,  4.252322,  -0.505712),  (0.932450,  0.620005)
(-1.999999,  4.252322,  -0.505712),  (0.932450,  0.620005)
(-1.105536,  4.186593,  -0.473385),  (0.928839,  0.627502)
(-1.105536,  3.934989,  -0.724267),  (0.952143,  0.648157)
(-1.105536,  4.186593,  -0.473385),  (0.928839,  0.627502)
(-1.999999,  4.252322,  -0.505712),  (0.932450,  0.620005)
(-1.999999,  4.252324,  0.482956),  (0.840307,  0.620660)
(-1.999999,  4.252324,  0.482956),  (0.840307,  0.620660)
(-1.105537,  4.186594,  0.449532),  (0.843981,  0.628173)
(-1.105536,  4.186593,  -0.473385),  (0.928839,  0.627502)
(-1.105528,  0.340695,  -1.124998),  (0.988510,  0.960648)
(-1.105529,  0.880733,  -1.124999),  (0.989515,  0.913977)
(-1.105529,  0.880817,  -0.889622),  (0.967481,  0.913390)
(-1.999998,  3.960248,  -0.796948),  (0.960169,  0.645091)
(-1.999991,  1.051113,  -0.796948),  (0.960077,  0.897196)
(-1.999991,  0.946546,  -0.918644),  (0.970988,  0.906025)
(-1.105528,  0.461584,  0.249847),  (0.861366,  0.948928)
(-1.105528,  0.340924,  0.249847),  (0.861374,  0.959209)
(-1.105528,  0.340695,  -1.124998),  (0.988510,  0.960648)
(-1.105528,  0.340924,  0.249847),  (0.861374,  0.959209)
(-1.999989,  0.275194,  0.322528),  (0.853723,  0.966071)
(-1.999989,  0.275193,  -1.124998),  (0.988031,  0.968494)
(-1.999989,  0.275193,  -1.124998),  (0.988031,  0.968494)
(-1.105528,  0.340695,  -1.124998),  (0.988510,  0.960648)
(-1.105528,  0.340924,  0.249847),  (0.861374,  0.959209)
(-1.105529,  0.969132,  0.687165),  (0.821787,  0.904469)
(-1.105528,  0.461584,  0.249847),  (0.861366,  0.948928)
(-1.105529,  0.880817,  -0.889622),  (0.967481,  0.913390)
(-1.105529,  0.880817,  -0.889622),  (0.967481,  0.913390)
(-1.105529,  1.022896,  -0.724266),  (0.952027,  0.900434)
(-1.105529,  0.969132,  0.687165),  (0.821787,  0.904469)
(-1.105528,  0.461584,  0.249847),  (0.861366,  0.948928)
(-1.105528,  0.340695,  -1.124998),  (0.988510,  0.960648)
(-1.105529,  0.880817,  -0.889622),  (0.967481,  0.913390)
(-1.105529,  0.880817,  -0.889622),  (0.967481,  0.913390)
(-1.105529,  0.880733,  -1.124999),  (0.989515,  0.913977)
(-1.999991,  0.946546,  -1.124999),  (0.989879,  0.906177)
(-1.999991,  0.946546,  -1.124999),  (0.989879,  0.906177)
(-1.999991,  0.946546,  -0.918644),  (0.970988,  0.906025)
(-1.105529,  0.880817,  -0.889622),  (0.967481,  0.913390)
(-1.999998,  3.960248,  -0.796948),  (0.960169,  0.645091)
(-1.999999,  4.499999,  -1.125000),  (0.989878,  0.598144)
(-1.999999,  4.252322,  -0.505712),  (0.932450,  0.620005)
(0.384425,  0.461584,  0.249847),  (0.682820,  0.948488)
(0.384425,  0.969132,  0.687165),  (0.723227,  0.904407)
(0.384425,  1.022897,  -0.724266),  (0.592752,  0.899773)
(0.384425,  1.022897,  -0.724266),  (0.592752,  0.899773)
(0.384425,  0.880817,  -0.889622),  (0.577193,  0.912345)
(0.384425,  0.461584,  0.249847),  (0.682820,  0.948488)
(0.384425,  0.340695,  -1.124998),  (0.555423,  0.958917)
(0.384425,  0.461584,  0.249847),  (0.682820,  0.948488)
(0.384425,  0.880817,  -0.889622),  (0.577193,  0.912345)
(0.653368,  1.366190,  -0.984628),  (0.805010,  0.184890)
(0.241304,  1.329337,  -1.010726),  (0.805019,  0.189004)
(0.241302,  0.770158,  -0.301416),  (0.886304,  0.187964)
(0.241302,  0.770158,  -0.301416),  (0.886304,  0.187964)
(0.653365,  0.807011,  -0.275317),  (0.886296,  0.183850)
(0.653368,  1.366190,  -0.984628),  (0.805010,  0.184890)
(0.241304,  1.597305,  -0.820956),  (0.805002,  0.158608)
(0.653368,  1.561015,  -0.846656),  (0.805011,  0.163807)
(0.653366,  1.001836,  -0.137345),  (0.886297,  0.162767)
(0.653366,  1.001836,  -0.137345),  (0.886297,  0.162767)
(0.241301,  1.038127,  -0.111645),  (0.886288,  0.157568)
(0.241304,  1.597305,  -0.820956),  (0.805002,  0.158608)
(0.653368,  1.561015,  -0.846656),  (0.805011,  0.163807)
(0.653368,  1.366190,  -0.984628),  (0.805010,  0.184890)
(0.653365,  0.807011,  -0.275317),  (0.886296,  0.183850)
(0.653365,  0.807011,  -0.275317),  (0.886296,  0.183850)
(0.653366,  1.001836,  -0.137345),  (0.886297,  0.162767)
(0.653368,  1.561015,  -0.846656),  (0.805011,  0.163807)
(0.330496,  2.513573,  -0.838664),  (0.540095,  0.296123)
(0.330496,  2.513574,  -0.110791),  (0.607153,  0.297166)
(0.895478,  2.591817,  -0.110792),  (0.606960,  0.289491)
(0.895478,  2.591817,  -0.110792),  (0.606960,  0.289491)
(0.895478,  2.591816,  -0.838664),  (0.540214,  0.288589)
(0.330496,  2.513573,  -0.838664),  (0.540095,  0.296123)
(0.895478,  2.309226,  0.181928),  (0.635021,  0.313566)
(0.330496,  2.230982,  0.181928),  (0.634438,  0.321097)
(0.330496,  2.108475,  0.308825),  (0.646362,  0.331526)
(0.330496,  2.108475,  0.308825),  (0.646362,  0.331526)
(0.895478,  2.186718,  0.308825),  (0.646727,  0.324006)
(0.895478,  2.309226,  0.181928),  (0.635021,  0.313566)
(0.895478,  2.186718,  0.308825),  (0.646727,  0.324006)
(0.330496,  2.108475,  0.308825),  (0.646362,  0.331526)
(0.330496,  2.108475,  0.787450),  (0.690627,  0.332495)
(0.330496,  2.108475,  0.787450),  (0.690627,  0.332495)
(0.895477,  2.186719,  0.787450),  (0.690789,  0.324935)
(0.895478,  2.186718,  0.308825),  (0.646727,  0.324006)
(0.895478,  2.591817,  -0.110792),  (0.606960,  0.289491)
(0.330496,  2.513574,  -0.110791),  (0.607153,  0.297166)
(0.330496,  2.230982,  0.181928),  (0.634438,  0.321097)
(0.330496,  2.230982,  0.181928),  (0.634438,  0.321097)
(0.895478,  2.309226,  0.181928),  (0.635021,  0.313566)
(0.895478,  2.591817,  -0.110792),  (0.606960,  0.289491)
(0.895478,  2.591816,  -0.838664),  (0.540214,  0.288589)
(0.895478,  2.591817,  -0.110792),  (0.606960,  0.289491)
(0.895478,  2.775102,  -0.110792),  (0.606960,  0.273688)
(0.895478,  2.775102,  -0.110792),  (0.606960,  0.273688)
(0.895478,  2.775102,  -0.838664),  (0.540466,  0.272764)
(0.895478,  2.591816,  -0.838664),  (0.540214,  0.288589)
(0.895478,  2.591817,  -0.110792),  (0.606960,  0.289491)
(0.895478,  2.309226,  0.181928),  (0.635021,  0.313566)
(0.895478,  2.492511,  0.181928),  (0.634817,  0.297745)
(0.895478,  2.492511,  0.181928),  (0.634817,  0.297745)
(0.895478,  2.775102,  -0.110792),  (0.606960,  0.273688)
(0.895478,  2.591817,  -0.110792),  (0.606960,  0.289491)
(0.895478,  2.309226,  0.181928),  (0.635021,  0.313566)
(0.895478,  2.186718,  0.308825),  (0.646727,  0.324006)
(0.895478,  2.370003,  0.308825),  (0.646819,  0.308171)
(0.895478,  2.370003,  0.308825),  (0.646819,  0.308171)
(0.895478,  2.492511,  0.181928),  (0.634817,  0.297745)
(0.895478,  2.309226,  0.181928),  (0.635021,  0.313566)
(0.895478,  2.186718,  0.308825),  (0.646727,  0.324006)
(0.895477,  2.186719,  0.787450),  (0.690789,  0.324935)
(0.895477,  2.370004,  0.787450),  (0.691118,  0.309128)
(0.895477,  2.370004,  0.787450),  (0.691118,  0.309128)
(0.895478,  2.370003,  0.308825),  (0.646819,  0.308171)
(0.895478,  2.186718,  0.308825),  (0.646727,  0.324006)
(0.895478,  2.775102,  -0.838664),  (0.540466,  0.272764)
(0.895478,  2.775102,  -0.110792),  (0.606960,  0.273688)
(0.246145,  2.852466,  -0.110792),  (0.607941,  0.266144)
(0.246145,  2.852466,  -0.110792),  (0.607941,  0.266144)
(0.246145,  2.852465,  -0.838664),  (0.540606,  0.265031)
(0.895478,  2.775102,  -0.838664),  (0.540466,  0.272764)
(0.895478,  2.492511,  0.181928),  (0.634817,  0.297745)
(0.895478,  2.370003,  0.308825),  (0.646819,  0.308171)
(0.246145,  2.447367,  0.308825),  (0.647293,  0.300443)
(0.246145,  2.447367,  0.308825),  (0.647293,  0.300443)
(0.246145,  2.569874,  0.181927),  (0.635554,  0.290070)
(0.895478,  2.492511,  0.181928),  (0.634817,  0.297745)
(0.895478,  2.775102,  -0.110792),  (0.606960,  0.273688)
(0.895478,  2.492511,  0.181928),  (0.634817,  0.297745)
(0.246145,  2.569874,  0.181927),  (0.635554,  0.290070)
(0.246145,  2.569874,  0.181927),  (0.635554,  0.290070)
(0.246145,  2.852466,  -0.110792),  (0.607941,  0.266144)
(0.895478,  2.775102,  -0.110792),  (0.606960,  0.273688)
(0.895478,  2.370003,  0.308825),  (0.646819,  0.308171)
(0.895477,  2.370004,  0.787450),  (0.691118,  0.309128)
(0.246145,  2.447367,  0.787450),  (0.691303,  0.301439)
(0.246145,  2.447367,  0.787450),  (0.691303,  0.301439)
(0.246145,  2.447367,  0.308825),  (0.647293,  0.300443)
(0.895478,  2.370003,  0.308825),  (0.646819,  0.308171)
(0.330496,  2.043272,  -0.838664),  (0.540056,  0.254132)
(0.330496,  2.043273,  -0.110791),  (0.607114,  0.255176)
(0.895478,  2.121517,  -0.110791),  (0.607463,  0.247636)
(0.895478,  2.121517,  -0.110791),  (0.607463,  0.247636)
(0.895478,  2.121516,  -0.838664),  (0.540175,  0.246598)
(0.330496,  2.043272,  -0.838664),  (0.540056,  0.254132)
(0.895478,  1.838925,  0.181928),  (0.634982,  0.271575)
(0.330496,  1.760682,  0.181928),  (0.634399,  0.279107)
(0.330496,  1.638175,  0.308825),  (0.646323,  0.289536)
(0.330496,  1.638175,  0.308825),  (0.646323,  0.289536)
(0.895478,  1.716418,  0.308825),  (0.646688,  0.282016)
(0.895478,  1.838925,  0.181928),  (0.634982,  0.271575)
(0.895478,  1.716418,  0.308825),  (0.646688,  0.282016)
(0.330496,  1.638175,  0.308825),  (0.646323,  0.289536)
(0.330496,  1.638175,  0.787450),  (0.690588,  0.290505)
(0.330496,  1.638175,  0.787450),  (0.690588,  0.290505)
(0.895477,  1.716419,  0.787450),  (0.690749,  0.282945)
(0.895478,  1.716418,  0.308825),  (0.646688,  0.282016)
(0.895478,  2.121517,  -0.110791),  (0.607463,  0.247636)
(0.330496,  2.043273,  -0.110791),  (0.607114,  0.255176)
(0.330496,  1.760682,  0.181928),  (0.634399,  0.279107)
(0.330496,  1.760682,  0.181928),  (0.634399,  0.279107)
(0.895478,  1.838925,  0.181928),  (0.634982,  0.271575)
(0.895478,  2.121517,  -0.110791),  (0.607463,  0.247636)
(0.895478,  2.121516,  -0.838664),  (0.540175,  0.246598)
(0.895478,  2.121517,  -0.110791),  (0.607463,  0.247636)
(0.895478,  2.304802,  -0.110791),  (0.607463,  0.231833)
(0.895478,  2.304802,  -0.110791),  (0.607463,  0.231833)
(0.895478,  2.304801,  -0.838664),  (0.540428,  0.230774)
(0.895478,  2.121516,  -0.838664),  (0.540175,  0.246598)
(0.895478,  2.121517,  -0.110791),  (0.607463,  0.247636)
(0.895478,  1.838925,  0.181928),  (0.634982,  0.271575)
(0.895478,  2.022210,  0.181928),  (0.634778,  0.255755)
(0.895478,  2.022210,  0.181928),  (0.634778,  0.255755)
(0.895478,  2.304802,  -0.110791),  (0.607463,  0.231833)
(0.895478,  2.121517,  -0.110791),  (0.607463,  0.247636)
(0.895478,  1.838925,  0.181928),  (0.634982,  0.271575)
(0.895478,  1.716418,  0.308825),  (0.646688,  0.282016)
(0.895478,  1.899703,  0.308825),  (0.646780,  0.266181)
(0.895478,  1.899703,  0.308825),  (0.646780,  0.266181)
(0.895478,  2.022210,  0.181928),  (0.634778,  0.255755)
(0.895478,  1.838925,  0.181928),  (0.634982,  0.271575)
(0.895478,  1.716418,  0.308825),  (0.646688,  0.282016)
(0.895477,  1.716419,  0.787450),  (0.690749,  0.282945)
(0.895477,  1.899704,  0.787450),  (0.691079,  0.267138)
(0.895477,  1.899704,  0.787450),  (0.691079,  0.267138)
(0.895478,  1.899703,  0.308825),  (0.646780,  0.266181)
(0.895478,  1.716418,  0.308825),  (0.646688,  0.282016)
(0.895478,  2.304801,  -0.838664),  (0.540428,  0.230774)
(0.895478,  2.304802,  -0.110791),  (0.607463,  0.231833)
(0.246145,  2.382165,  -0.110791),  (0.607902,  0.224154)
(0.246145,  2.382165,  -0.110791),  (0.607902,  0.224154)
(0.246145,  2.382165,  -0.838664),  (0.540567,  0.223040)
(0.895478,  2.304801,  -0.838664),  (0.540428,  0.230774)
(0.895478,  2.022210,  0.181928),  (0.634778,  0.255755)
(0.895478,  1.899703,  0.308825),  (0.646780,  0.266181)
(0.246145,  1.977067,  0.308825),  (0.647254,  0.258453)
(0.246145,  1.977067,  0.308825),  (0.647254,  0.258453)
(0.246145,  2.099574,  0.181928),  (0.635514,  0.248080)
(0.895478,  2.022210,  0.181928),  (0.634778,  0.255755)
(0.895478,  2.304802,  -0.110791),  (0.607463,  0.231833)
(0.895478,  2.022210,  0.181928),  (0.634778,  0.255755)
(0.246145,  2.099574,  0.181928),  (0.635514,  0.248080)
(0.246145,  2.099574,  0.181928),  (0.635514,  0.248080)
(0.246145,  2.382165,  -0.110791),  (0.607902,  0.224154)
(0.895478,  2.304802,  -0.110791),  (0.607463,  0.231833)
(0.895478,  1.899703,  0.308825),  (0.646780,  0.266181)
(0.895477,  1.899704,  0.787450),  (0.691079,  0.267138)
(0.246145,  1.977067,  0.787450),  (0.691265,  0.259448)
(0.246145,  1.977067,  0.787450),  (0.691265,  0.259448)
(0.246145,  1.977067,  0.308825),  (0.647254,  0.258453)
(0.895478,  1.899703,  0.308825),  (0.646780,  0.266181)
(0.330496,  1.569963,  -0.838664),  (0.549203,  0.343984)
(0.330496,  1.569964,  -0.110791),  (0.616262,  0.345027)
(0.895477,  1.648207,  -0.110791),  (0.616611,  0.337488)
(0.895477,  1.648207,  -0.110791),  (0.616611,  0.337488)
(0.895478,  1.648207,  -0.838664),  (0.549322,  0.336451)
(0.330496,  1.569963,  -0.838664),  (0.549203,  0.343984)
(0.895478,  1.365616,  0.181928),  (0.644130,  0.361427)
(0.330496,  1.287373,  0.181928),  (0.643547,  0.368959)
(0.330496,  1.164866,  0.308825),  (0.655472,  0.379388)
(0.330496,  1.164866,  0.308825),  (0.655472,  0.379388)
(0.895477,  1.243109,  0.308825),  (0.655836,  0.371868)
(0.895478,  1.365616,  0.181928),  (0.644130,  0.361427)
(0.895477,  1.243109,  0.308825),  (0.655836,  0.371868)
(0.330496,  1.164866,  0.308825),  (0.655472,  0.379388)
(0.330495,  1.164866,  0.787450),  (0.699736,  0.380356)
(0.330495,  1.164866,  0.787450),  (0.699736,  0.380356)
(0.895478,  1.243109,  0.787450),  (0.699898,  0.372796)
(0.895477,  1.243109,  0.308825),  (0.655836,  0.371868)
(0.895477,  1.648207,  -0.110791),  (0.616611,  0.337488)
(0.330496,  1.569964,  -0.110791),  (0.616262,  0.345027)
(0.330496,  1.287373,  0.181928),  (0.643547,  0.368959)
(0.330496,  1.287373,  0.181928),  (0.643547,  0.368959)
(0.895478,  1.365616,  0.181928),  (0.644130,  0.361427)
(0.895477,  1.648207,  -0.110791),  (0.616611,  0.337488)
(0.895478,  1.648207,  -0.838664),  (0.549322,  0.336451)
(0.895477,  1.648207,  -0.110791),  (0.616611,  0.337488)
(0.895477,  1.831492,  -0.110791),  (0.616611,  0.321685)
(0.895477,  1.831492,  -0.110791),  (0.616611,  0.321685)
(0.895478,  1.831492,  -0.838664),  (0.549575,  0.320626)
(0.895478,  1.648207,  -0.838664),  (0.549322,  0.336451)
(0.895477,  1.648207,  -0.110791),  (0.616611,  0.337488)
(0.895478,  1.365616,  0.181928),  (0.644130,  0.361427)
(0.895478,  1.548901,  0.181928),  (0.643926,  0.345606)
(0.895478,  1.548901,  0.181928),  (0.643926,  0.345606)
(0.895477,  1.831492,  -0.110791),  (0.616611,  0.321685)
(0.895477,  1.648207,  -0.110791),  (0.616611,  0.337488)
(0.895478,  1.365616,  0.181928),  (0.644130,  0.361427)
(0.895477,  1.243109,  0.308825),  (0.655836,  0.371868)
(0.895477,  1.426394,  0.308825),  (0.655928,  0.356033)
(0.895477,  1.426394,  0.308825),  (0.655928,  0.356033)
(0.895478,  1.548901,  0.181928),  (0.643926,  0.345606)
(0.895478,  1.365616,  0.181928),  (0.644130,  0.361427)
(0.895477,  1.243109,  0.308825),  (0.655836,  0.371868)
(0.895478,  1.243109,  0.787450),  (0.699898,  0.372796)
(0.895478,  1.426394,  0.787450),  (0.700227,  0.356989)
(0.895478,  1.426394,  0.787450),  (0.700227,  0.356989)
(0.895477,  1.426394,  0.308825),  (0.655928,  0.356033)
(0.895477,  1.243109,  0.308825),  (0.655836,  0.371868)
(0.895478,  1.831492,  -0.838664),  (0.549575,  0.320626)
(0.895477,  1.831492,  -0.110791),  (0.616611,  0.321685)
(0.246145,  1.908856,  -0.110791),  (0.617050,  0.314006)
(0.246145,  1.908856,  -0.110791),  (0.617050,  0.314006)
(0.246145,  1.908855,  -0.838664),  (0.549714,  0.312893)
(0.895478,  1.831492,  -0.838664),  (0.549575,  0.320626)
(0.895478,  1.548901,  0.181928),  (0.643926,  0.345606)
(0.895477,  1.426394,  0.308825),  (0.655928,  0.356033)
(0.246145,  1.503758,  0.308825),  (0.656402,  0.348305)
(0.246145,  1.503758,  0.308825),  (0.656402,  0.348305)
(0.246145,  1.626265,  0.181928),  (0.644662,  0.337932)
(0.895478,  1.548901,  0.181928),  (0.643926,  0.345606)
(0.895477,  1.831492,  -0.110791),  (0.616611,  0.321685)
(0.895478,  1.548901,  0.181928),  (0.643926,  0.345606)
(0.246145,  1.626265,  0.181928),  (0.644662,  0.337932)
(0.246145,  1.626265,  0.181928),  (0.644662,  0.337932)
(0.246145,  1.908856,  -0.110791),  (0.617050,  0.314006)
(0.895477,  1.831492,  -0.110791),  (0.616611,  0.321685)
(0.895477,  1.426394,  0.308825),  (0.655928,  0.356033)
(0.895478,  1.426394,  0.787450),  (0.700227,  0.356989)
(0.246145,  1.503758,  0.787450),  (0.700413,  0.349300)
(0.246145,  1.503758,  0.787450),  (0.700413,  0.349300)
(0.246145,  1.503758,  0.308825),  (0.656402,  0.348305)
(0.895477,  1.426394,  0.308825),  (0.655928,  0.356033)
(0.895478,  4.125753,  0.397268),  (0.214285,  0.606633)
(0.895478,  3.875592,  0.625427),  (0.235678,  0.628317)
(0.895477,  4.265995,  0.787450),  (0.250423,  0.594515)
(0.384431,  2.668714,  0.340895),  (0.691326,  0.757050)
(0.384423,  3.029989,  -0.031210),  (0.656830,  0.725728)
(0.384425,  3.029989,  -0.724267),  (0.592848,  0.725561)
(0.384431,  2.668714,  0.340895),  (0.691326,  0.757050)
(0.384425,  3.029989,  -0.724267),  (0.592848,  0.725561)
(0.384425,  1.022897,  -0.724266),  (0.592752,  0.899773)
(0.384426,  2.668714,  0.687164),  (0.723186,  0.757181)
(0.384431,  2.668714,  0.340895),  (0.691326,  0.757050)
(0.384425,  1.022897,  -0.724266),  (0.592752,  0.899773)
(0.384426,  2.668714,  0.687164),  (0.723186,  0.757181)
(0.384425,  1.022897,  -0.724266),  (0.592752,  0.899773)
(0.384425,  0.969132,  0.687165),  (0.723227,  0.904407)
(-1.105529,  0.969132,  0.687165),  (0.821787,  0.904469)
(-1.105529,  1.022896,  -0.724266),  (0.952027,  0.900434)
(-1.105534,  3.029989,  -0.724267),  (0.952141,  0.726197)
(-1.105534,  3.029989,  -0.724267),  (0.952141,  0.726197)
(-1.105536,  3.029989,  -0.034902),  (0.888484,  0.726209)
(-1.105535,  2.668714,  0.342642),  (0.853486,  0.757487)
(-1.105529,  0.969132,  0.687165),  (0.821787,  0.904469)
(-1.105534,  3.029989,  -0.724267),  (0.952141,  0.726197)
(-1.105535,  2.668714,  0.342642),  (0.853486,  0.757487)
(-1.105533,  2.668714,  0.687164),  (0.821666,  0.757483)
(-1.105529,  0.969132,  0.687165),  (0.821787,  0.904469)
(-1.105535,  2.668714,  0.342642),  (0.853486,  0.757487)
(0.895477,  4.265995,  0.787450),  (0.250423,  0.594515)
(0.895478,  3.875592,  0.625427),  (0.235678,  0.628317)
(0.895477,  2.785234,  0.625427),  (0.235817,  0.722822)
(0.895477,  2.785234,  0.625427),  (0.235817,  0.722822)
(0.895477,  2.662093,  0.787450),  (0.250888,  0.733553)
(0.895477,  4.265995,  0.787450),  (0.250423,  0.594515)
(-1.703750,  3.190332,  -0.668646),  (0.904508,  0.207032)
(-1.703749,  3.067191,  -0.838664),  (0.921039,  0.217795)
(-1.703751,  4.265994,  -0.838664),  (0.918309,  0.114118)
(-1.703751,  4.265994,  -0.838664),  (0.918309,  0.114118)
(-1.703751,  3.872842,  -0.668646),  (0.903012,  0.148032)
(-1.703750,  3.190332,  -0.668646),  (0.904508,  0.207032)
(-1.703759,  4.265995,  0.787450),  (0.768392,  0.116137)
(-1.703757,  3.875592,  0.625427),  (0.783324,  0.150159)
(-1.703757,  4.125753,  0.397268),  (0.804136,  0.127974)
(-1.164049,  3.271377,  -0.035613),  (0.894202,  0.708045)
(-1.164046,  3.271377,  -0.591832),  (0.945496,  0.706776)
(-1.164047,  3.839998,  -0.591832),  (0.944282,  0.657736)
(-1.164047,  3.839998,  -0.591832),  (0.944282,  0.657736)
(-1.164053,  3.842930,  0.548613),  (0.839105,  0.660085)
(-1.164049,  3.271377,  -0.035613),  (0.894202,  0.708045)
(-1.164052,  4.044709,  0.364582),  (0.855645,  0.642263)
(-1.164053,  3.842930,  0.548613),  (0.839105,  0.660085)
(-1.164047,  3.839998,  -0.591832),  (0.944282,  0.657736)
(-1.164047,  3.839998,  -0.591832),  (0.944282,  0.657736)
(-1.164049,  4.044708,  -0.403671),  (0.926493,  0.640510)
(-1.164052,  4.044709,  0.364582),  (0.855645,  0.642263)
(0.355774,  3.842930,  0.548613),  (0.713894,  0.657732)
(0.355774,  3.271377,  -0.035613),  (0.659619,  0.707165)
(0.355774,  2.866279,  0.384003),  (0.698442,  0.742375)
(0.355774,  2.866279,  0.384003),  (0.698442,  0.742375)
(0.355773,  2.866279,  0.548613),  (0.713702,  0.742410)
(0.355774,  3.842930,  0.548613),  (0.713894,  0.657732)
(0.355774,  3.271377,  -0.591832),  (0.608052,  0.707048)
(0.355774,  3.271377,  -0.035613),  (0.659619,  0.707165)
(0.355774,  3.842930,  0.548613),  (0.713894,  0.657732)
(0.355774,  3.842930,  0.548613),  (0.713894,  0.657732)
(0.355774,  3.839998,  -0.591832),  (0.608163,  0.657747)
(0.355774,  3.271377,  -0.591832),  (0.608052,  0.707048)
(0.355774,  4.044709,  0.364582),  (0.696872,  0.640199)
(0.355774,  4.044708,  -0.403671),  (0.625648,  0.640038)
(0.355774,  3.839998,  -0.591832),  (0.608163,  0.657747)
(0.355774,  3.839998,  -0.591832),  (0.608163,  0.657747)
(0.355774,  3.842930,  0.548613),  (0.713894,  0.657732)
(0.355774,  4.044709,  0.364582),  (0.696872,  0.640199)
(0.384425,  0.340695,  -1.124998),  (0.745633,  0.125742)
(0.384425,  0.880733,  -1.124999),  (0.745633,  0.172331)
(-1.105529,  0.880733,  -1.124999),  (0.754505,  0.172331)
(-1.105529,  0.880733,  -1.124999),  (0.754505,  0.172331)
(-1.105528,  0.340695,  -1.124998),  (0.754505,  0.125742)
(0.384425,  0.340695,  -1.124998),  (0.745633,  0.125742)
(1.278887,  0.275193,  -1.124998),  (0.740307,  0.120091)
(0.384425,  0.340695,  -1.124998),  (0.745633,  0.125742)
(-1.105528,  0.340695,  -1.124998),  (0.754505,  0.125742)
(-1.105528,  0.340695,  -1.124998),  (0.754505,  0.125742)
(-1.999989,  0.275193,  -1.124998),  (0.759831,  0.120091)
(1.278887,  0.275193,  -1.124998),  (0.740307,  0.120091)
(1.278887,  0.000000,  -1.124998),  (0.740307,  0.096350)
(1.278887,  0.275193,  -1.124998),  (0.740307,  0.120091)
(-1.999989,  0.275193,  -1.124998),  (0.759831,  0.120091)
(-1.999989,  0.275193,  -1.124998),  (0.759831,  0.120091)
(-1.999989,  0.000000,  -1.124998),  (0.759831,  0.096350)
(1.278887,  0.000000,  -1.124998),  (0.740307,  0.096350)
(0.384425,  0.880733,  -1.124999),  (0.745633,  0.172331)
(1.278887,  0.946546,  -1.124999),  (0.740307,  0.178009)
(-1.999991,  0.946546,  -1.124999),  (0.759831,  0.178009)
(-1.999991,  0.946546,  -1.124999),  (0.759831,  0.178009)
(-1.105529,  0.880733,  -1.124999),  (0.754505,  0.172331)
(0.384425,  0.880733,  -1.124999),  (0.745633,  0.172331)
(1.278887,  0.946546,  -1.124999),  (0.740307,  0.178009)
(1.278887,  4.499999,  -1.125000),  (0.740307,  0.484564)
(-1.999999,  4.499999,  -1.125000),  (0.759831,  0.484564)
(-1.999999,  4.499999,  -1.125000),  (0.759831,  0.484564)
(-1.999991,  0.946546,  -1.124999),  (0.759831,  0.178009)
(1.278887,  0.946546,  -1.124999),  (0.740307,  0.178009)
(2.000000,  2.708862,  -1.122177),  (0.366756,  0.623868)
(1.442194,  2.746729,  -1.122177),  (0.365675,  0.619851)
(1.442193,  2.204560,  -1.122176),  (0.365675,  0.674490)
(1.442193,  2.204560,  -1.122176),  (0.365675,  0.674490)
(2.000000,  2.242427,  -1.122177),  (0.366756,  0.670474)
(2.000000,  2.708862,  -1.122177),  (0.366756,  0.623868)
(0.884387,  2.204560,  -1.122176),  (0.364213,  0.675991)
(1.442193,  2.204560,  -1.122176),  (0.365675,  0.674490)
(1.442194,  2.746729,  -1.122177),  (0.365675,  0.619851)
(1.442194,  2.746729,  -1.122177),  (0.365675,  0.619851)
(0.884387,  2.746729,  -1.122177),  (0.364213,  0.618351)
(0.884387,  2.204560,  -1.122176),  (0.364213,  0.675991)
