(1.500000,  2.551051,  -2.325864),  (0.117855,  0.237919)
(-1.500000,  2.551051,  -2.325864),  (0.117855,  0.191848)
(-1.500000,  0.000000,  -2.325864),  (0.146199,  0.191848)
(1.500000,  2.551051,  -2.325864),  (0.117855,  0.237919)
(-1.500000,  0.000000,  -2.325864),  (0.146199,  0.191848)
(1.500000,  0.000000,  -2.325864),  (0.146199,  0.237919)
(-1.500000,  2.551051,  2.700000),  (0.452793,  0.372269)
(-1.500000,  0.000000,  -2.325864),  (0.995813,  0.219274)
(-1.500000,  2.551051,  -2.325864),  (0.995813,  0.372269)
(-1.500000,  0.000000,  -2.325864),  (0.995813,  0.219274)
(-1.500000,  2.551051,  2.700000),  (0.452793,  0.372269)
(-1.500000,  0.000000,  2.700000),  (0.452793,  0.219274)
(1.500000,  2.551051,  2.700000),  (0.454145,  0.209829)
(1.500000,  2.551051,  -2.325864),  (0.997166,  0.209829)
(1.500000,  0.000000,  -2.325864),  (0.997166,  0.056833)
(1.500000,  2.551051,  2.700000),  (0.454145,  0.209829)
(1.500000,  0.000000,  -2.325864),  (0.997166,  0.056833)
(1.500000,  0.000000,  2.700000),  (0.454145,  0.056833)
(1.500000,  0.000000,  2.700000),  (0.109915,  0.044437)
(1.500000,  0.000000,  -2.325864),  (0.109915,  0.150912)
(-1.500000,  0.000000,  -2.325864),  (0.063845,  0.150912)
(-1.500000,  0.000000,  -2.325864),  (0.063845,  0.150912)
(-1.500000,  0.000000,  2.700000),  (0.063845,  0.044437)
(1.500000,  0.000000,  2.700000),  (0.109915,  0.044437)
(1.500000,  2.551051,  2.700000),  (0.399795,  0.321388)
(-1.500000,  0.000000,  2.700000),  (0.164838,  0.176833)
(-1.500000,  2.551051,  2.700000),  (0.164838,  0.321388)
(-1.500000,  0.000000,  2.700000),  (0.164838,  0.176833)
(1.500000,  2.551051,  2.700000),  (0.399795,  0.321388)
(1.500000,  0.000000,  2.700000),  (0.399795,  0.176833)
(0.009110,  2.700000,  2.697675),  (0.469767,  0.388972)
(0.009110,  2.700000,  -2.325864),  (0.469767,  0.988944)
(0.395271,  2.694914,  2.697675),  (0.506864,  0.388972)
(0.395271,  2.694914,  2.697675),  (0.506864,  0.388972)
(0.009110,  2.700000,  -2.325864),  (0.469767,  0.988944)
(0.395271,  2.694914,  -2.325864),  (0.506864,  0.988944)
(0.395271,  2.694914,  2.697675),  (0.506864,  0.388972)
(0.395271,  2.694914,  -2.325864),  (0.506864,  0.988944)
(0.755113,  2.680018,  2.697675),  (0.541432,  0.388972)
(0.755113,  2.680018,  2.697675),  (0.541432,  0.388972)
(0.395271,  2.694914,  -2.325864),  (0.506864,  0.988944)
(0.755113,  2.680018,  -2.325864),  (0.541432,  0.988944)
(0.755113,  2.680018,  2.697675),  (0.541432,  0.388972)
(0.755113,  2.680018,  -2.325864),  (0.541432,  0.988944)
(1.064129,  2.656315,  2.697675),  (0.571118,  0.388972)
(1.064129,  2.656315,  2.697675),  (0.571118,  0.388972)
(0.755113,  2.680018,  -2.325864),  (0.541432,  0.988944)
(1.064129,  2.656315,  -2.325864),  (0.571118,  0.988944)
(1.064129,  2.656315,  2.697675),  (0.571118,  0.388972)
(1.064129,  2.656315,  -2.325864),  (0.571118,  0.988944)
(1.301236,  2.625430,  2.697675),  (0.593897,  0.388972)
(1.301236,  2.625430,  2.697675),  (0.593897,  0.388972)
(1.064129,  2.656315,  -2.325864),  (0.571118,  0.988944)
(1.301236,  2.625430,  -2.325864),  (0.593897,  0.988944)
(1.301236,  2.625430,  2.697675),  (0.593897,  0.388972)
(1.301236,  2.625430,  -2.325864),  (0.593897,  0.988944)
(1.450289,  2.589459,  2.697675),  (0.608216,  0.388972)
(1.450289,  2.589459,  2.697675),  (0.608216,  0.388972)
(1.301236,  2.625430,  -2.325864),  (0.593897,  0.988944)
(1.450289,  2.589459,  -2.325864),  (0.608216,  0.988944)
(1.450289,  2.589459,  2.697675),  (0.608216,  0.388972)
(1.500000,  2.551051,  -2.325864),  (0.612991,  0.988944)
(1.500000,  2.551051,  2.700000),  (0.612991,  0.388694)
(1.500000,  2.551051,  -2.325864),  (0.612991,  0.988944)
(1.450289,  2.589459,  2.697675),  (0.608216,  0.388972)
(1.450289,  2.589459,  -2.325864),  (0.608216,  0.988944)
(-1.500000,  2.551051,  2.700000),  (0.324791,  0.388694)
(-1.500000,  2.551051,  -2.325864),  (0.324791,  0.988944)
(-1.432076,  2.589459,  2.697675),  (0.331317,  0.388972)
(-1.432076,  2.589459,  2.697675),  (0.331317,  0.388972)
(-1.500000,  2.551051,  -2.325864),  (0.324791,  0.988944)
(-1.432076,  2.589459,  -2.325864),  (0.331317,  0.988944)
(-1.432076,  2.589459,  2.697675),  (0.331317,  0.388972)
(-1.432076,  2.589459,  -2.325864),  (0.331317,  0.988944)
(-1.283023,  2.625430,  2.697675),  (0.345635,  0.388972)
(-1.283023,  2.625430,  2.697675),  (0.345635,  0.388972)
(-1.432076,  2.589459,  -2.325864),  (0.331317,  0.988944)
(-1.283023,  2.625430,  -2.325864),  (0.345635,  0.988944)
(-1.283023,  2.625430,  2.697675),  (0.345635,  0.388972)
(-1.283023,  2.625430,  -2.325864),  (0.345635,  0.988944)
(-1.045916,  2.656315,  2.697675),  (0.368414,  0.388972)
(-1.045916,  2.656315,  2.697675),  (0.368414,  0.388972)
(-1.283023,  2.625430,  -2.325864),  (0.345635,  0.988944)
(-1.045916,  2.656315,  -2.325864),  (0.368414,  0.988944)
(-1.045916,  2.656315,  2.697675),  (0.368414,  0.388972)
(-1.045916,  2.656315,  -2.325864),  (0.368414,  0.988944)
(-0.736907,  2.680018,  2.697675),  (0.398099,  0.388972)
(-0.736907,  2.680018,  2.697675),  (0.398099,  0.388972)
(-1.045916,  2.656315,  -2.325864),  (0.368414,  0.988944)
(-0.736907,  2.680018,  -2.325864),  (0.398099,  0.988944)
(-0.736907,  2.680018,  2.697675),  (0.398099,  0.388972)
(-0.736907,  2.680018,  -2.325864),  (0.398099,  0.988944)
(-0.377058,  2.694914,  2.697675),  (0.432669,  0.388972)
(-0.377058,  2.694914,  2.697675),  (0.432669,  0.388972)
(-0.736907,  2.680018,  -2.325864),  (0.398099,  0.988944)
(-0.377058,  2.694914,  -2.325864),  (0.432669,  0.988944)
(-0.377058,  2.694914,  2.697675),  (0.432669,  0.388972)
(-0.377058,  2.694914,  -2.325864),  (0.432669,  0.988944)
(0.009110,  2.700000,  2.697675),  (0.469767,  0.388972)
(0.009110,  2.700000,  2.697675),  (0.469767,  0.388972)
(-0.377058,  2.694914,  -2.325864),  (0.432669,  0.988944)
(0.009110,  2.700000,  -2.325864),  (0.469767,  0.988944)
(-1.243678,  0.452566,  -2.325864),  (0.426003,  0.293965)
(-1.219584,  0.397547,  -2.700000),  (0.430732,  0.373037)
(-1.213719,  0.446618,  -2.325864),  (0.431883,  0.293965)
(-1.219584,  0.397547,  -2.700000),  (0.430732,  0.373037)
(-1.243678,  0.452566,  -2.325864),  (0.426003,  0.293965)
(-1.240559,  0.401709,  -2.700000),  (0.426615,  0.373037)
(-1.213719,  0.446618,  -2.325864),  (0.431883,  0.293965)
(-1.200041,  0.385349,  -2.700000),  (0.434566,  0.373037)
(-1.185798,  0.429184,  -2.325864),  (0.437362,  0.293965)
(-1.200041,  0.385349,  -2.700000),  (0.434566,  0.373037)
(-1.213719,  0.446618,  -2.325864),  (0.431883,  0.293965)
(-1.219584,  0.397547,  -2.700000),  (0.430732,  0.373037)
(-1.185798,  0.429184,  -2.325864),  (0.437362,  0.293965)
(-1.183258,  0.365929,  -2.700000),  (0.437858,  0.373037)
(-1.161826,  0.401449,  -2.325864),  (0.442064,  0.293965)
(-1.183258,  0.365929,  -2.700000),  (0.437858,  0.373037)
(-1.185798,  0.429184,  -2.325864),  (0.437362,  0.293965)
(-1.200041,  0.385349,  -2.700000),  (0.434566,  0.373037)
(-1.170382,  0.340621,  -2.700000),  (0.961447,  0.988381)
(-1.143427,  0.365297,  -2.325864),  (0.958235,  0.909309)
(-1.183258,  0.365929,  -2.700000),  (0.958153,  0.988381)
(-1.161826,  0.401449,  -2.325864),  (0.953531,  0.909309)
(-1.183258,  0.365929,  -2.700000),  (0.958153,  0.988381)
(-1.143427,  0.365297,  -2.325864),  (0.958235,  0.909309)
(-1.162284,  0.311150,  -2.700000),  (0.965282,  0.988381)
(-1.131859,  0.323197,  -2.325864),  (0.963714,  0.909309)
(-1.170382,  0.340621,  -2.700000),  (0.961447,  0.988381)
(-1.143427,  0.365297,  -2.325864),  (0.958235,  0.909309)
(-1.170382,  0.340621,  -2.700000),  (0.961447,  0.988381)
(-1.131859,  0.323197,  -2.325864),  (0.963714,  0.909309)
(-1.159523,  0.279532,  -2.700000),  (0.969396,  0.988381)
(-1.127918,  0.278028,  -2.325864),  (0.969593,  0.909309)
(-1.162284,  0.311150,  -2.700000),  (0.965282,  0.988381)
(-1.131859,  0.323197,  -2.325864),  (0.963714,  0.909309)
(-1.162284,  0.311150,  -2.700000),  (0.965282,  0.988381)
(-1.127918,  0.278028,  -2.325864),  (0.969593,  0.909309)
(-1.127918,  0.278028,  -2.325864),  (0.969593,  0.909309)
(-1.159523,  0.279532,  -2.700000),  (0.969396,  0.988381)
(-1.162284,  0.247915,  -2.700000),  (0.973511,  0.988381)
(-1.127918,  0.278028,  -2.325864),  (0.969593,  0.909309)
(-1.162284,  0.247915,  -2.700000),  (0.973511,  0.988381)
(-1.131859,  0.232848,  -2.325864),  (0.975473,  0.909309)
(-1.131859,  0.232848,  -2.325864),  (0.975473,  0.909309)
(-1.162284,  0.247915,  -2.700000),  (0.973511,  0.988381)
(-1.170382,  0.218444,  -2.700000),  (0.977348,  0.988381)
(-1.131859,  0.232848,  -2.325864),  (0.975473,  0.909309)
(-1.170382,  0.218444,  -2.700000),  (0.977348,  0.988381)
(-1.143427,  0.190759,  -2.325864),  (0.980949,  0.909309)
(-1.143427,  0.190759,  -2.325864),  (0.980949,  0.909309)
(-1.170382,  0.218444,  -2.700000),  (0.977348,  0.988381)
(-1.183258,  0.193146,  -2.700000),  (0.980639,  0.988381)
(-1.143427,  0.190759,  -2.325864),  (0.980949,  0.909309)
(-1.183258,  0.193146,  -2.700000),  (0.980639,  0.988381)
(-1.161826,  0.154607,  -2.325864),  (0.985655,  0.909309)
(-1.183258,  0.193146,  -2.700000),  (0.982247,  0.632572)
(-1.185798,  0.126871,  -2.325864),  (0.981747,  0.553500)
(-1.161826,  0.154607,  -2.325864),  (0.986450,  0.553500)
(-1.185798,  0.126871,  -2.325864),  (0.981747,  0.553500)
(-1.183258,  0.193146,  -2.700000),  (0.982247,  0.632572)
(-1.200041,  0.173726,  -2.700000),  (0.978953,  0.632572)
(-1.200041,  0.173726,  -2.700000),  (0.978953,  0.632572)
(-1.213719,  0.109438,  -2.325864),  (0.976269,  0.553500)
(-1.185798,  0.126871,  -2.325864),  (0.981747,  0.553500)
(-1.213719,  0.109438,  -2.325864),  (0.976269,  0.553500)
(-1.200041,  0.173726,  -2.700000),  (0.978953,  0.632572)
(-1.219584,  0.161518,  -2.700000),  (0.975118,  0.632572)
(-1.219584,  0.161518,  -2.700000),  (0.975118,  0.632572)
(-1.243678,  0.103489,  -2.325864),  (0.970390,  0.553500)
(-1.213719,  0.109438,  -2.325864),  (0.976269,  0.553500)
(-1.243678,  0.103489,  -2.325864),  (0.970390,  0.553500)
(-1.219584,  0.161518,  -2.700000),  (0.975118,  0.632572)
(-1.240559,  0.157355,  -2.700000),  (0.971002,  0.632572)
(-1.243678,  0.103489,  -2.325864),  (0.970390,  0.553500)
(-1.240559,  0.157355,  -2.700000),  (0.971002,  0.632572)
(-1.261533,  0.161518,  -2.700000),  (0.966887,  0.632572)
(-1.261533,  0.161518,  -2.700000),  (0.966887,  0.632572)
(-1.273645,  0.109438,  -2.325864),  (0.964510,  0.553500)
(-1.243678,  0.103489,  -2.325864),  (0.970390,  0.553500)
(-1.273645,  0.109438,  -2.325864),  (0.964510,  0.553500)
(-1.261533,  0.161518,  -2.700000),  (0.966887,  0.632572)
(-1.281070,  0.173726,  -2.700000),  (0.963054,  0.632572)
(-1.281070,  0.173726,  -2.700000),  (0.963054,  0.632572)
(-1.301558,  0.126871,  -2.325864),  (0.959033,  0.553500)
(-1.273645,  0.109438,  -2.325864),  (0.964510,  0.553500)
(-1.301558,  0.126871,  -2.325864),  (0.959033,  0.553500)
(-1.281070,  0.173726,  -2.700000),  (0.963054,  0.632572)
(-1.297860,  0.193146,  -2.700000),  (0.959758,  0.632572)
(-1.297860,  0.193146,  -2.700000),  (0.959758,  0.632572)
(-1.325537,  0.154607,  -2.325864),  (0.954328,  0.553500)
(-1.301558,  0.126871,  -2.325864),  (0.959033,  0.553500)
(-1.343929,  0.190759,  -2.325864),  (0.982550,  0.380039)
(-1.297860,  0.193146,  -2.700000),  (0.982239,  0.459111)
(-1.310736,  0.218444,  -2.700000),  (0.978947,  0.459111)
(-1.297860,  0.193146,  -2.700000),  (0.982239,  0.459111)
(-1.343929,  0.190759,  -2.325864),  (0.982550,  0.380039)
(-1.325537,  0.154607,  -2.325864),  (0.987253,  0.380039)
(-1.355489,  0.232848,  -2.325864),  (0.977072,  0.380039)
(-1.310736,  0.218444,  -2.700000),  (0.978947,  0.459111)
(-1.318827,  0.247915,  -2.700000),  (0.975111,  0.459111)
(-1.310736,  0.218444,  -2.700000),  (0.978947,  0.459111)
(-1.355489,  0.232848,  -2.325864),  (0.977072,  0.380039)
(-1.343929,  0.190759,  -2.325864),  (0.982550,  0.380039)
(-1.359438,  0.278028,  -2.325864),  (0.971193,  0.380039)
(-1.318827,  0.247915,  -2.700000),  (0.975111,  0.459111)
(-1.321588,  0.279532,  -2.700000),  (0.970998,  0.459111)
(-1.318827,  0.247915,  -2.700000),  (0.975111,  0.459111)
(-1.359438,  0.278028,  -2.325864),  (0.971193,  0.380039)
(-1.355489,  0.232848,  -2.325864),  (0.977072,  0.380039)
(-1.318827,  0.311150,  -2.700000),  (0.966882,  0.459111)
(-1.359438,  0.278028,  -2.325864),  (0.971193,  0.380039)
(-1.321588,  0.279532,  -2.700000),  (0.970998,  0.459111)
(-1.359438,  0.278028,  -2.325864),  (0.971193,  0.380039)
(-1.318827,  0.311150,  -2.700000),  (0.966882,  0.459111)
(-1.355489,  0.323197,  -2.325864),  (0.965315,  0.380039)
(-1.310736,  0.340621,  -2.700000),  (0.963047,  0.459111)
(-1.355489,  0.323197,  -2.325864),  (0.965315,  0.380039)
(-1.318827,  0.311150,  -2.700000),  (0.966882,  0.459111)
(-1.355489,  0.323197,  -2.325864),  (0.965315,  0.380039)
(-1.310736,  0.340621,  -2.700000),  (0.963047,  0.459111)
(-1.343929,  0.365297,  -2.325864),  (0.959836,  0.380039)
(-1.297860,  0.365929,  -2.700000),  (0.959754,  0.459111)
(-1.343929,  0.365297,  -2.325864),  (0.959836,  0.380039)
(-1.310736,  0.340621,  -2.700000),  (0.963047,  0.459111)
(-1.343929,  0.365297,  -2.325864),  (0.959836,  0.380039)
(-1.297860,  0.365929,  -2.700000),  (0.959754,  0.459111)
(-1.325537,  0.401449,  -2.325864),  (0.955132,  0.380039)
(-1.281070,  0.385349,  -2.700000),  (0.418667,  0.373037)
(-1.301558,  0.429184,  -2.325864),  (0.414647,  0.293965)
(-1.297860,  0.365929,  -2.700000),  (0.415373,  0.373037)
(-1.325537,  0.401449,  -2.325864),  (0.409942,  0.293965)
(-1.297860,  0.365929,  -2.700000),  (0.415373,  0.373037)
(-1.301558,  0.429184,  -2.325864),  (0.414647,  0.293965)
(-1.301558,  0.429184,  -2.325864),  (0.414647,  0.293965)
(-1.281070,  0.385349,  -2.700000),  (0.418667,  0.373037)
(-1.273645,  0.446618,  -2.325864),  (0.420123,  0.293965)
(-1.281070,  0.385349,  -2.700000),  (0.418667,  0.373037)
(-1.261533,  0.397547,  -2.700000),  (0.422499,  0.373037)
(-1.273645,  0.446618,  -2.325864),  (0.420123,  0.293965)
(-1.273645,  0.446618,  -2.325864),  (0.420123,  0.293965)
(-1.261533,  0.397547,  -2.700000),  (0.422499,  0.373037)
(-1.243678,  0.452566,  -2.325864),  (0.426003,  0.293965)
(-1.243678,  0.452566,  -2.325864),  (0.426003,  0.293965)
(-1.261533,  0.397547,  -2.700000),  (0.422499,  0.373037)
(-1.240559,  0.401709,  -2.700000),  (0.426615,  0.373037)
(1.264466,  0.452566,  -2.325864),  (0.426003,  0.206643)
(1.288560,  0.397547,  -2.700000),  (0.430732,  0.285716)
(1.294426,  0.446618,  -2.325864),  (0.431883,  0.206643)
(1.288560,  0.397547,  -2.700000),  (0.430732,  0.285716)
(1.264466,  0.452566,  -2.325864),  (0.426003,  0.206643)
(1.267585,  0.401709,  -2.700000),  (0.426615,  0.285716)
(1.294426,  0.446618,  -2.325864),  (0.431883,  0.206643)
(1.308104,  0.385349,  -2.700000),  (0.434566,  0.285716)
(1.322346,  0.429184,  -2.325864),  (0.437362,  0.206643)
(1.308104,  0.385349,  -2.700000),  (0.434566,  0.285716)
(1.294426,  0.446618,  -2.325864),  (0.431883,  0.206643)
(1.288560,  0.397547,  -2.700000),  (0.430732,  0.285716)
(1.322346,  0.429184,  -2.325864),  (0.437362,  0.206643)
(1.324879,  0.365929,  -2.700000),  (0.437858,  0.285716)
(1.346318,  0.401449,  -2.325864),  (0.442064,  0.206643)
(1.324879,  0.365929,  -2.700000),  (0.437858,  0.285716)
(1.322346,  0.429184,  -2.325864),  (0.437362,  0.206643)
(1.308104,  0.385349,  -2.700000),  (0.434566,  0.285716)
(1.337763,  0.340621,  -2.700000),  (0.017005,  0.331309)
(1.364717,  0.365297,  -2.325864),  (0.013794,  0.252237)
(1.324879,  0.365929,  -2.700000),  (0.013711,  0.331309)
(1.346318,  0.401449,  -2.325864),  (0.009090,  0.252237)
(1.324879,  0.365929,  -2.700000),  (0.013711,  0.331309)
(1.364717,  0.365297,  -2.325864),  (0.013794,  0.252237)
(1.345860,  0.311150,  -2.700000),  (0.020840,  0.331309)
(1.376285,  0.323197,  -2.325864),  (0.019272,  0.252237)
(1.337763,  0.340621,  -2.700000),  (0.017005,  0.331309)
(1.364717,  0.365297,  -2.325864),  (0.013794,  0.252237)
(1.337763,  0.340621,  -2.700000),  (0.017005,  0.331309)
(1.376285,  0.323197,  -2.325864),  (0.019272,  0.252237)
(1.348622,  0.279532,  -2.700000),  (0.024954,  0.331309)
(1.380227,  0.278028,  -2.325864),  (0.025151,  0.252237)
(1.345860,  0.311150,  -2.700000),  (0.020840,  0.331309)
(1.376285,  0.323197,  -2.325864),  (0.019272,  0.252237)
(1.345860,  0.311150,  -2.700000),  (0.020840,  0.331309)
(1.380227,  0.278028,  -2.325864),  (0.025151,  0.252237)
(1.380227,  0.278028,  -2.325864),  (0.025151,  0.252237)
(1.348622,  0.279532,  -2.700000),  (0.024954,  0.331309)
(1.345860,  0.247915,  -2.700000),  (0.029069,  0.331309)
(1.380227,  0.278028,  -2.325864),  (0.025151,  0.252237)
(1.345860,  0.247915,  -2.700000),  (0.029069,  0.331309)
(1.376285,  0.232848,  -2.325864),  (0.031030,  0.252237)
(1.376285,  0.232848,  -2.325864),  (0.031030,  0.252237)
(1.345860,  0.247915,  -2.700000),  (0.029069,  0.331309)
(1.337763,  0.218444,  -2.700000),  (0.032906,  0.331309)
(1.376285,  0.232848,  -2.325864),  (0.031030,  0.252237)
(1.337763,  0.218444,  -2.700000),  (0.032906,  0.331309)
(1.364717,  0.190759,  -2.325864),  (0.036508,  0.252237)
(1.364717,  0.190759,  -2.325864),  (0.036508,  0.252237)
(1.337763,  0.218444,  -2.700000),  (0.032906,  0.331309)
(1.324879,  0.193146,  -2.700000),  (0.036197,  0.331309)
(1.364717,  0.190759,  -2.325864),  (0.036508,  0.252237)
(1.324879,  0.193146,  -2.700000),  (0.036197,  0.331309)
(1.346318,  0.154607,  -2.325864),  (0.041213,  0.252237)
(1.324879,  0.193146,  -2.700000),  (0.982251,  0.899241)
(1.322346,  0.126871,  -2.325864),  (0.981753,  0.820169)
(1.346318,  0.154607,  -2.325864),  (0.986458,  0.820169)
(1.322346,  0.126871,  -2.325864),  (0.981753,  0.820169)
(1.324879,  0.193146,  -2.700000),  (0.982251,  0.899241)
(1.308104,  0.173726,  -2.700000),  (0.978960,  0.899241)
(1.308104,  0.173726,  -2.700000),  (0.978960,  0.899241)
(1.294426,  0.109438,  -2.325864),  (0.976276,  0.820169)
(1.322346,  0.126871,  -2.325864),  (0.981753,  0.820169)
(1.294426,  0.109438,  -2.325864),  (0.976276,  0.820169)
(1.308104,  0.173726,  -2.700000),  (0.978960,  0.899241)
(1.288560,  0.161518,  -2.700000),  (0.975124,  0.899241)
(1.288560,  0.161518,  -2.700000),  (0.975124,  0.899241)
(1.264466,  0.103489,  -2.325864),  (0.970397,  0.820169)
(1.294426,  0.109438,  -2.325864),  (0.976276,  0.820169)
(1.264466,  0.103489,  -2.325864),  (0.970397,  0.820169)
(1.288560,  0.161518,  -2.700000),  (0.975124,  0.899241)
(1.267585,  0.157355,  -2.700000),  (0.971009,  0.899241)
(1.264466,  0.103489,  -2.325864),  (0.970397,  0.820169)
(1.267585,  0.157355,  -2.700000),  (0.971009,  0.899241)
(1.246611,  0.161518,  -2.700000),  (0.966894,  0.899241)
(1.246611,  0.161518,  -2.700000),  (0.966894,  0.899241)
(1.234500,  0.109438,  -2.325864),  (0.964516,  0.820169)
(1.264466,  0.103489,  -2.325864),  (0.970397,  0.820169)
(1.234500,  0.109438,  -2.325864),  (0.964516,  0.820169)
(1.246611,  0.161518,  -2.700000),  (0.966894,  0.899241)
(1.227074,  0.173726,  -2.700000),  (0.963059,  0.899241)
(1.227074,  0.173726,  -2.700000),  (0.963059,  0.899241)
(1.206586,  0.126871,  -2.325864),  (0.959039,  0.820169)
(1.234500,  0.109438,  -2.325864),  (0.964516,  0.820169)
(1.206586,  0.126871,  -2.325864),  (0.959039,  0.820169)
(1.227074,  0.173726,  -2.700000),  (0.963059,  0.899241)
(1.210285,  0.193146,  -2.700000),  (0.959765,  0.899241)
(1.210285,  0.193146,  -2.700000),  (0.959765,  0.899241)
(1.182607,  0.154607,  -2.325864),  (0.954334,  0.820169)
(1.206586,  0.126871,  -2.325864),  (0.959039,  0.820169)
(1.164215,  0.190759,  -2.325864),  (0.139683,  0.255264)
(1.210285,  0.193146,  -2.700000),  (0.139372,  0.334336)
(1.197408,  0.218444,  -2.700000),  (0.136080,  0.334336)
(1.210285,  0.193146,  -2.700000),  (0.139372,  0.334336)
(1.164215,  0.190759,  -2.325864),  (0.139683,  0.255264)
(1.182607,  0.154607,  -2.325864),  (0.144387,  0.255264)
(1.152655,  0.232848,  -2.325864),  (0.134204,  0.255264)
(1.197408,  0.218444,  -2.700000),  (0.136080,  0.334336)
(1.189317,  0.247915,  -2.700000),  (0.132245,  0.334336)
(1.197408,  0.218444,  -2.700000),  (0.136080,  0.334336)
(1.152655,  0.232848,  -2.325864),  (0.134204,  0.255264)
(1.164215,  0.190759,  -2.325864),  (0.139683,  0.255264)
(1.148706,  0.278028,  -2.325864),  (0.128327,  0.255264)
(1.189317,  0.247915,  -2.700000),  (0.132245,  0.334336)
(1.186556,  0.279532,  -2.700000),  (0.128130,  0.334336)
(1.189317,  0.247915,  -2.700000),  (0.132245,  0.334336)
(1.148706,  0.278028,  -2.325864),  (0.128327,  0.255264)
(1.152655,  0.232848,  -2.325864),  (0.134204,  0.255264)
(1.189317,  0.311150,  -2.700000),  (0.124015,  0.334336)
(1.148706,  0.278028,  -2.325864),  (0.128327,  0.255264)
(1.186556,  0.279532,  -2.700000),  (0.128130,  0.334336)
(1.148706,  0.278028,  -2.325864),  (0.128327,  0.255264)
(1.189317,  0.311150,  -2.700000),  (0.124015,  0.334336)
(1.152655,  0.323197,  -2.325864),  (0.122448,  0.255264)
(1.197408,  0.340621,  -2.700000),  (0.120180,  0.334336)
(1.152655,  0.323197,  -2.325864),  (0.122448,  0.255264)
(1.189317,  0.311150,  -2.700000),  (0.124015,  0.334336)
(1.152655,  0.323197,  -2.325864),  (0.122448,  0.255264)
(1.197408,  0.340621,  -2.700000),  (0.120180,  0.334336)
(1.164215,  0.365297,  -2.325864),  (0.116969,  0.255264)
(1.210285,  0.365929,  -2.700000),  (0.116887,  0.334336)
(1.164215,  0.365297,  -2.325864),  (0.116969,  0.255264)
(1.197408,  0.340621,  -2.700000),  (0.120180,  0.334336)
(1.164215,  0.365297,  -2.325864),  (0.116969,  0.255264)
(1.210285,  0.365929,  -2.700000),  (0.116887,  0.334336)
(1.182607,  0.401449,  -2.325864),  (0.112264,  0.255264)
(1.227074,  0.385349,  -2.700000),  (0.418667,  0.285716)
(1.206586,  0.429184,  -2.325864),  (0.414647,  0.206643)
(1.210285,  0.365929,  -2.700000),  (0.415373,  0.285716)
(1.182607,  0.401449,  -2.325864),  (0.409942,  0.206643)
(1.210285,  0.365929,  -2.700000),  (0.415373,  0.285716)
(1.206586,  0.429184,  -2.325864),  (0.414647,  0.206643)
(1.206586,  0.429184,  -2.325864),  (0.414647,  0.206643)
(1.227074,  0.385349,  -2.700000),  (0.418667,  0.285716)
(1.234500,  0.446618,  -2.325864),  (0.420123,  0.206643)
(1.227074,  0.385349,  -2.700000),  (0.418667,  0.285716)
(1.246611,  0.397547,  -2.700000),  (0.422499,  0.285716)
(1.234500,  0.446618,  -2.325864),  (0.420123,  0.206643)
(1.234500,  0.446618,  -2.325864),  (0.420123,  0.206643)
(1.246611,  0.397547,  -2.700000),  (0.422499,  0.285716)
(1.264466,  0.452566,  -2.325864),  (0.426003,  0.206643)
(1.264466,  0.452566,  -2.325864),  (0.426003,  0.206643)
(1.246611,  0.397547,  -2.700000),  (0.422499,  0.285716)
(1.267585,  0.401709,  -2.700000),  (0.426615,  0.285716)
(-1.243678,  2.315995,  -2.325864),  (0.076549,  0.252237)
(-1.219584,  2.260976,  -2.700000),  (0.081276,  0.331309)
(-1.213719,  2.310047,  -2.325864),  (0.082426,  0.252237)
(-1.219584,  2.260976,  -2.700000),  (0.081276,  0.331309)
(-1.243678,  2.315995,  -2.325864),  (0.076549,  0.252237)
(-1.240559,  2.265138,  -2.700000),  (0.077161,  0.331309)
(-1.213719,  2.310047,  -2.325864),  (0.082426,  0.252237)
(-1.200041,  2.248778,  -2.700000),  (0.085111,  0.331309)
(-1.185798,  2.292613,  -2.325864),  (0.087905,  0.252237)
(-1.200041,  2.248778,  -2.700000),  (0.085111,  0.331309)
(-1.213719,  2.310047,  -2.325864),  (0.082426,  0.252237)
(-1.219584,  2.260976,  -2.700000),  (0.081276,  0.331309)
(-1.185798,  2.292613,  -2.325864),  (0.087905,  0.252237)
(-1.183258,  2.229358,  -2.700000),  (0.088405,  0.331309)
(-1.161826,  2.264878,  -2.325864),  (0.092609,  0.252237)
(-1.183258,  2.229358,  -2.700000),  (0.088405,  0.331309)
(-1.185798,  2.292613,  -2.325864),  (0.087905,  0.252237)
(-1.200041,  2.248778,  -2.700000),  (0.085111,  0.331309)
(-1.170382,  2.204050,  -2.700000),  (0.963053,  0.809298)
(-1.143427,  2.228726,  -2.325864),  (0.959841,  0.730226)
(-1.183258,  2.229358,  -2.700000),  (0.959759,  0.809298)
(-1.161826,  2.264878,  -2.325864),  (0.955137,  0.730226)
(-1.183258,  2.229358,  -2.700000),  (0.959759,  0.809298)
(-1.143427,  2.228726,  -2.325864),  (0.959841,  0.730226)
(-1.162284,  2.174579,  -2.700000),  (0.966888,  0.809298)
(-1.131859,  2.186626,  -2.325864),  (0.965320,  0.730226)
(-1.170382,  2.204050,  -2.700000),  (0.963053,  0.809298)
(-1.143427,  2.228726,  -2.325864),  (0.959841,  0.730226)
(-1.170382,  2.204050,  -2.700000),  (0.963053,  0.809298)
(-1.131859,  2.186626,  -2.325864),  (0.965320,  0.730226)
(-1.159523,  2.142962,  -2.700000),  (0.971003,  0.809298)
(-1.127918,  2.141457,  -2.325864),  (0.971200,  0.730226)
(-1.162284,  2.174579,  -2.700000),  (0.966888,  0.809298)
(-1.131859,  2.186626,  -2.325864),  (0.965320,  0.730226)
(-1.162284,  2.174579,  -2.700000),  (0.966888,  0.809298)
(-1.127918,  2.141457,  -2.325864),  (0.971200,  0.730226)
(-1.127918,  2.141457,  -2.325864),  (0.971200,  0.730226)
(-1.159523,  2.142962,  -2.700000),  (0.971003,  0.809298)
(-1.162284,  2.111344,  -2.700000),  (0.975117,  0.809298)
(-1.127918,  2.141457,  -2.325864),  (0.971200,  0.730226)
(-1.162284,  2.111344,  -2.700000),  (0.975117,  0.809298)
(-1.131859,  2.096277,  -2.325864),  (0.977079,  0.730226)
(-1.131859,  2.096277,  -2.325864),  (0.977079,  0.730226)
(-1.162284,  2.111344,  -2.700000),  (0.975117,  0.809298)
(-1.170382,  2.081873,  -2.700000),  (0.978954,  0.809298)
(-1.131859,  2.096277,  -2.325864),  (0.977079,  0.730226)
(-1.170382,  2.081873,  -2.700000),  (0.978954,  0.809298)
(-1.143427,  2.054188,  -2.325864),  (0.982555,  0.730226)
(-1.143427,  2.054188,  -2.325864),  (0.982555,  0.730226)
(-1.170382,  2.081873,  -2.700000),  (0.978954,  0.809298)
(-1.183258,  2.056575,  -2.700000),  (0.982245,  0.809298)
(-1.143427,  2.054188,  -2.325864),  (0.982555,  0.730226)
(-1.183258,  2.056575,  -2.700000),  (0.982245,  0.809298)
(-1.161826,  2.018036,  -2.325864),  (0.987261,  0.730226)
(-1.183258,  2.056575,  -2.700000),  (0.088405,  0.244302)
(-1.185798,  1.990301,  -2.325864),  (0.087905,  0.165229)
(-1.161826,  2.018036,  -2.325864),  (0.092609,  0.165229)
(-1.185798,  1.990301,  -2.325864),  (0.087905,  0.165229)
(-1.183258,  2.056575,  -2.700000),  (0.088405,  0.244302)
(-1.200041,  2.037155,  -2.700000),  (0.085111,  0.244302)
(-1.200041,  2.037155,  -2.700000),  (0.085111,  0.244302)
(-1.213719,  1.972867,  -2.325864),  (0.082426,  0.165229)
(-1.185798,  1.990301,  -2.325864),  (0.087905,  0.165229)
(-1.213719,  1.972867,  -2.325864),  (0.082426,  0.165229)
(-1.200041,  2.037155,  -2.700000),  (0.085111,  0.244302)
(-1.219584,  2.024947,  -2.700000),  (0.081276,  0.244302)
(-1.219584,  2.024947,  -2.700000),  (0.081276,  0.244302)
(-1.243678,  1.966918,  -2.325864),  (0.076549,  0.165229)
(-1.213719,  1.972867,  -2.325864),  (0.082426,  0.165229)
(-1.243678,  1.966918,  -2.325864),  (0.076549,  0.165229)
(-1.219584,  2.024947,  -2.700000),  (0.081276,  0.244302)
(-1.240559,  2.020785,  -2.700000),  (0.077161,  0.244302)
(-1.243678,  1.966918,  -2.325864),  (0.076549,  0.165229)
(-1.240559,  2.020785,  -2.700000),  (0.077161,  0.244302)
(-1.261533,  2.024947,  -2.700000),  (0.073046,  0.244302)
(-1.261533,  2.024947,  -2.700000),  (0.073046,  0.244302)
(-1.273645,  1.972867,  -2.325864),  (0.070670,  0.165229)
(-1.243678,  1.966918,  -2.325864),  (0.076549,  0.165229)
(-1.273645,  1.972867,  -2.325864),  (0.070670,  0.165229)
(-1.261533,  2.024947,  -2.700000),  (0.073046,  0.244302)
(-1.281070,  2.037155,  -2.700000),  (0.069212,  0.244302)
(-1.281070,  2.037155,  -2.700000),  (0.069212,  0.244302)
(-1.301558,  1.990301,  -2.325864),  (0.065191,  0.165229)
(-1.273645,  1.972867,  -2.325864),  (0.070670,  0.165229)
(-1.301558,  1.990301,  -2.325864),  (0.065191,  0.165229)
(-1.281070,  2.037155,  -2.700000),  (0.069212,  0.244302)
(-1.297860,  2.056575,  -2.700000),  (0.065917,  0.244302)
(-1.297860,  2.056575,  -2.700000),  (0.065917,  0.244302)
(-1.325537,  2.018036,  -2.325864),  (0.060486,  0.165229)
(-1.301558,  1.990301,  -2.325864),  (0.065191,  0.165229)
(-1.343929,  2.054188,  -2.325864),  (0.980944,  0.465163)
(-1.297860,  2.056575,  -2.700000),  (0.980633,  0.544235)
(-1.310736,  2.081873,  -2.700000),  (0.977341,  0.544235)
(-1.297860,  2.056575,  -2.700000),  (0.980633,  0.544235)
(-1.343929,  2.054188,  -2.325864),  (0.980944,  0.465163)
(-1.325537,  2.018036,  -2.325864),  (0.985647,  0.465163)
(-1.355489,  2.096277,  -2.325864),  (0.975466,  0.465163)
(-1.310736,  2.081873,  -2.700000),  (0.977341,  0.544235)
(-1.318827,  2.111344,  -2.700000),  (0.973504,  0.544235)
(-1.310736,  2.081873,  -2.700000),  (0.977341,  0.544235)
(-1.355489,  2.096277,  -2.325864),  (0.975466,  0.465163)
(-1.343929,  2.054188,  -2.325864),  (0.980944,  0.465163)
(-1.359438,  2.141457,  -2.325864),  (0.969586,  0.465163)
(-1.318827,  2.111344,  -2.700000),  (0.973504,  0.544235)
(-1.321588,  2.142962,  -2.700000),  (0.969391,  0.544235)
(-1.318827,  2.111344,  -2.700000),  (0.973504,  0.544235)
(-1.359438,  2.141457,  -2.325864),  (0.969586,  0.465163)
(-1.355489,  2.096277,  -2.325864),  (0.975466,  0.465163)
(-1.318827,  2.174579,  -2.700000),  (0.965276,  0.544235)
(-1.359438,  2.141457,  -2.325864),  (0.969586,  0.465163)
(-1.321588,  2.142962,  -2.700000),  (0.969391,  0.544235)
(-1.359438,  2.141457,  -2.325864),  (0.969586,  0.465163)
(-1.318827,  2.174579,  -2.700000),  (0.965276,  0.544235)
(-1.355489,  2.186626,  -2.325864),  (0.963709,  0.465163)
(-1.310736,  2.204050,  -2.700000),  (0.961441,  0.544235)
(-1.355489,  2.186626,  -2.325864),  (0.963709,  0.465163)
(-1.318827,  2.174579,  -2.700000),  (0.965276,  0.544235)
(-1.355489,  2.186626,  -2.325864),  (0.963709,  0.465163)
(-1.310736,  2.204050,  -2.700000),  (0.961441,  0.544235)
(-1.343929,  2.228726,  -2.325864),  (0.958230,  0.465163)
(-1.297860,  2.229358,  -2.700000),  (0.958148,  0.544235)
(-1.343929,  2.228726,  -2.325864),  (0.958230,  0.465163)
(-1.310736,  2.204050,  -2.700000),  (0.961441,  0.544235)
(-1.343929,  2.228726,  -2.325864),  (0.958230,  0.465163)
(-1.297860,  2.229358,  -2.700000),  (0.958148,  0.544235)
(-1.325537,  2.264878,  -2.325864),  (0.953525,  0.465163)
(-1.281070,  2.248778,  -2.700000),  (0.069212,  0.331309)
(-1.301558,  2.292613,  -2.325864),  (0.065191,  0.252237)
(-1.297860,  2.229358,  -2.700000),  (0.065917,  0.331309)
(-1.325537,  2.264878,  -2.325864),  (0.060486,  0.252237)
(-1.297860,  2.229358,  -2.700000),  (0.065917,  0.331309)
(-1.301558,  2.292613,  -2.325864),  (0.065191,  0.252237)
(-1.301558,  2.292613,  -2.325864),  (0.065191,  0.252237)
(-1.281070,  2.248778,  -2.700000),  (0.069212,  0.331309)
(-1.273645,  2.310047,  -2.325864),  (0.070670,  0.252237)
(-1.281070,  2.248778,  -2.700000),  (0.069212,  0.331309)
(-1.261533,  2.260976,  -2.700000),  (0.073046,  0.331309)
(-1.273645,  2.310047,  -2.325864),  (0.070670,  0.252237)
(-1.273645,  2.310047,  -2.325864),  (0.070670,  0.252237)
(-1.261533,  2.260976,  -2.700000),  (0.073046,  0.331309)
(-1.243678,  2.315995,  -2.325864),  (0.076549,  0.252237)
(-1.243678,  2.315995,  -2.325864),  (0.076549,  0.252237)
(-1.261533,  2.260976,  -2.700000),  (0.073046,  0.331309)
(-1.240559,  2.265138,  -2.700000),  (0.077161,  0.331309)
(1.264466,  2.315995,  -2.325864),  (0.426003,  0.120795)
(1.288560,  2.260976,  -2.700000),  (0.430732,  0.199868)
(1.294426,  2.310047,  -2.325864),  (0.431883,  0.120795)
(1.288560,  2.260976,  -2.700000),  (0.430732,  0.199868)
(1.264466,  2.315995,  -2.325864),  (0.426003,  0.120795)
(1.267585,  2.265138,  -2.700000),  (0.426615,  0.199868)
(1.294426,  2.310047,  -2.325864),  (0.431883,  0.120795)
(1.308104,  2.248778,  -2.700000),  (0.434566,  0.199868)
(1.322346,  2.292613,  -2.325864),  (0.437362,  0.120795)
(1.308104,  2.248778,  -2.700000),  (0.434566,  0.199868)
(1.294426,  2.310047,  -2.325864),  (0.431883,  0.120795)
(1.288560,  2.260976,  -2.700000),  (0.430732,  0.199868)
(1.322346,  2.292613,  -2.325864),  (0.437362,  0.120795)
(1.324879,  2.229358,  -2.700000),  (0.437858,  0.199868)
(1.346318,  2.264878,  -2.325864),  (0.442064,  0.120795)
(1.324879,  2.229358,  -2.700000),  (0.437858,  0.199868)
(1.322346,  2.292613,  -2.325864),  (0.437362,  0.120795)
(1.308104,  2.248778,  -2.700000),  (0.434566,  0.199868)
(1.337763,  2.204050,  -2.700000),  (0.417679,  0.110741)
(1.364717,  2.228726,  -2.325864),  (0.414468,  0.031668)
(1.324879,  2.229358,  -2.700000),  (0.414385,  0.110741)
(1.346318,  2.264878,  -2.325864),  (0.409764,  0.031668)
(1.324879,  2.229358,  -2.700000),  (0.414385,  0.110741)
(1.364717,  2.228726,  -2.325864),  (0.414468,  0.031668)
(1.345860,  2.174579,  -2.700000),  (0.421514,  0.110741)
(1.376285,  2.186626,  -2.325864),  (0.419946,  0.031668)
(1.337763,  2.204050,  -2.700000),  (0.417679,  0.110741)
(1.364717,  2.228726,  -2.325864),  (0.414468,  0.031668)
(1.337763,  2.204050,  -2.700000),  (0.417679,  0.110741)
(1.376285,  2.186626,  -2.325864),  (0.419946,  0.031668)
(1.348622,  2.142962,  -2.700000),  (0.425629,  0.110741)
(1.380227,  2.141457,  -2.325864),  (0.425826,  0.031668)
(1.345860,  2.174579,  -2.700000),  (0.421514,  0.110741)
(1.376285,  2.186626,  -2.325864),  (0.419946,  0.031668)
(1.345860,  2.174579,  -2.700000),  (0.421514,  0.110741)
(1.380227,  2.141457,  -2.325864),  (0.425826,  0.031668)
(1.380227,  2.141457,  -2.325864),  (0.425826,  0.031668)
(1.348622,  2.142962,  -2.700000),  (0.425629,  0.110741)
(1.345860,  2.111344,  -2.700000),  (0.429743,  0.110741)
(1.380227,  2.141457,  -2.325864),  (0.425826,  0.031668)
(1.345860,  2.111344,  -2.700000),  (0.429743,  0.110741)
(1.376285,  2.096277,  -2.325864),  (0.431704,  0.031668)
(1.376285,  2.096277,  -2.325864),  (0.431704,  0.031668)
(1.345860,  2.111344,  -2.700000),  (0.429743,  0.110741)
(1.337763,  2.081873,  -2.700000),  (0.433580,  0.110741)
(1.376285,  2.096277,  -2.325864),  (0.431704,  0.031668)
(1.337763,  2.081873,  -2.700000),  (0.433580,  0.110741)
(1.364717,  2.054188,  -2.325864),  (0.437182,  0.031668)
(1.364717,  2.054188,  -2.325864),  (0.437182,  0.031668)
(1.337763,  2.081873,  -2.700000),  (0.433580,  0.110741)
(1.324879,  2.056575,  -2.700000),  (0.436871,  0.110741)
(1.364717,  2.054188,  -2.325864),  (0.437182,  0.031668)
(1.324879,  2.056575,  -2.700000),  (0.436871,  0.110741)
(1.346318,  2.018036,  -2.325864),  (0.441887,  0.031668)
(1.324879,  2.056575,  -2.700000),  (0.982251,  0.721764)
(1.322346,  1.990301,  -2.325864),  (0.981753,  0.642692)
(1.346318,  2.018036,  -2.325864),  (0.986458,  0.642692)
(1.322346,  1.990301,  -2.325864),  (0.981753,  0.642692)
(1.324879,  2.056575,  -2.700000),  (0.982251,  0.721764)
(1.308104,  2.037155,  -2.700000),  (0.978960,  0.721764)
(1.308104,  2.037155,  -2.700000),  (0.978960,  0.721764)
(1.294426,  1.972867,  -2.325864),  (0.976276,  0.642692)
(1.322346,  1.990301,  -2.325864),  (0.981753,  0.642692)
(1.294426,  1.972867,  -2.325864),  (0.976276,  0.642692)
(1.308104,  2.037155,  -2.700000),  (0.978960,  0.721764)
(1.288560,  2.024947,  -2.700000),  (0.975124,  0.721764)
(1.288560,  2.024947,  -2.700000),  (0.975124,  0.721764)
(1.264466,  1.966918,  -2.325864),  (0.970397,  0.642692)
(1.294426,  1.972867,  -2.325864),  (0.976276,  0.642692)
(1.264466,  1.966918,  -2.325864),  (0.970397,  0.642692)
(1.288560,  2.024947,  -2.700000),  (0.975124,  0.721764)
(1.267585,  2.020785,  -2.700000),  (0.971009,  0.721764)
(1.264466,  1.966918,  -2.325864),  (0.970397,  0.642692)
(1.267585,  2.020785,  -2.700000),  (0.971009,  0.721764)
(1.246611,  2.024947,  -2.700000),  (0.966894,  0.721764)
(1.246611,  2.024947,  -2.700000),  (0.966894,  0.721764)
(1.234500,  1.972867,  -2.325864),  (0.964516,  0.642692)
(1.264466,  1.966918,  -2.325864),  (0.970397,  0.642692)
(1.234500,  1.972867,  -2.325864),  (0.964516,  0.642692)
(1.246611,  2.024947,  -2.700000),  (0.966894,  0.721764)
(1.227074,  2.037155,  -2.700000),  (0.963059,  0.721764)
(1.227074,  2.037155,  -2.700000),  (0.963059,  0.721764)
(1.206586,  1.990301,  -2.325864),  (0.959039,  0.642692)
(1.234500,  1.972867,  -2.325864),  (0.964516,  0.642692)
(1.206586,  1.990301,  -2.325864),  (0.959039,  0.642692)
(1.227074,  2.037155,  -2.700000),  (0.963059,  0.721764)
(1.210285,  2.056575,  -2.700000),  (0.959765,  0.721764)
(1.210285,  2.056575,  -2.700000),  (0.959765,  0.721764)
(1.182607,  2.018036,  -2.325864),  (0.954334,  0.642692)
(1.206586,  1.990301,  -2.325864),  (0.959039,  0.642692)
(1.164215,  2.054188,  -2.325864),  (0.036508,  0.165229)
(1.210285,  2.056575,  -2.700000),  (0.036197,  0.244302)
(1.197408,  2.081873,  -2.700000),  (0.032906,  0.244302)
(1.210285,  2.056575,  -2.700000),  (0.036197,  0.244302)
(1.164215,  2.054188,  -2.325864),  (0.036508,  0.165229)
(1.182607,  2.018036,  -2.325864),  (0.041213,  0.165229)
(1.152655,  2.096277,  -2.325864),  (0.031030,  0.165229)
(1.197408,  2.081873,  -2.700000),  (0.032906,  0.244302)
(1.189317,  2.111344,  -2.700000),  (0.029069,  0.244302)
(1.197408,  2.081873,  -2.700000),  (0.032906,  0.244302)
(1.152655,  2.096277,  -2.325864),  (0.031030,  0.165229)
(1.164215,  2.054188,  -2.325864),  (0.036508,  0.165229)
(1.148706,  2.141457,  -2.325864),  (0.025151,  0.165229)
(1.189317,  2.111344,  -2.700000),  (0.029069,  0.244302)
(1.186556,  2.142962,  -2.700000),  (0.024954,  0.244302)
(1.189317,  2.111344,  -2.700000),  (0.029069,  0.244302)
(1.148706,  2.141457,  -2.325864),  (0.025151,  0.165229)
(1.152655,  2.096277,  -2.325864),  (0.031030,  0.165229)
(1.189317,  2.174579,  -2.700000),  (0.020840,  0.244302)
(1.148706,  2.141457,  -2.325864),  (0.025151,  0.165229)
(1.186556,  2.142962,  -2.700000),  (0.024954,  0.244302)
(1.148706,  2.141457,  -2.325864),  (0.025151,  0.165229)
(1.189317,  2.174579,  -2.700000),  (0.020840,  0.244302)
(1.152655,  2.186626,  -2.325864),  (0.019272,  0.165229)
(1.197408,  2.204050,  -2.700000),  (0.017005,  0.244302)
(1.152655,  2.186626,  -2.325864),  (0.019272,  0.165229)
(1.189317,  2.174579,  -2.700000),  (0.020840,  0.244302)
(1.152655,  2.186626,  -2.325864),  (0.019272,  0.165229)
(1.197408,  2.204050,  -2.700000),  (0.017005,  0.244302)
(1.164215,  2.228726,  -2.325864),  (0.013794,  0.165229)
(1.210285,  2.229358,  -2.700000),  (0.013711,  0.244302)
(1.164215,  2.228726,  -2.325864),  (0.013794,  0.165229)
(1.197408,  2.204050,  -2.700000),  (0.017005,  0.244302)
(1.164215,  2.228726,  -2.325864),  (0.013794,  0.165229)
(1.210285,  2.229358,  -2.700000),  (0.013711,  0.244302)
(1.182607,  2.264878,  -2.325864),  (0.009090,  0.165229)
(1.227074,  2.248778,  -2.700000),  (0.418667,  0.199868)
(1.206586,  2.292613,  -2.325864),  (0.414647,  0.120795)
(1.210285,  2.229358,  -2.700000),  (0.415373,  0.199868)
(1.182607,  2.264878,  -2.325864),  (0.409942,  0.120795)
(1.210285,  2.229358,  -2.700000),  (0.415373,  0.199868)
(1.206586,  2.292613,  -2.325864),  (0.414647,  0.120795)
(1.206586,  2.292613,  -2.325864),  (0.414647,  0.120795)
(1.227074,  2.248778,  -2.700000),  (0.418667,  0.199868)
(1.234500,  2.310047,  -2.325864),  (0.420123,  0.120795)
(1.227074,  2.248778,  -2.700000),  (0.418667,  0.199868)
(1.246611,  2.260976,  -2.700000),  (0.422499,  0.199868)
(1.234500,  2.310047,  -2.325864),  (0.420123,  0.120795)
(1.234500,  2.310047,  -2.325864),  (0.420123,  0.120795)
(1.246611,  2.260976,  -2.700000),  (0.422499,  0.199868)
(1.264466,  2.315995,  -2.325864),  (0.426003,  0.120795)
(1.264466,  2.315995,  -2.325864),  (0.426003,  0.120795)
(1.246611,  2.260976,  -2.700000),  (0.422499,  0.199868)
(1.267585,  2.265138,  -2.700000),  (0.426615,  0.199868)
(1.301236,  2.625430,  -2.325864),  (0.126934,  0.037483)
(1.500000,  2.551051,  -2.325864),  (0.125565,  0.032429)
(1.450289,  2.589459,  -2.325864),  (0.126272,  0.033693)
(-1.432076,  2.589459,  -2.325864),  (0.126272,  0.106986)
(-1.500000,  2.551051,  -2.325864),  (0.125565,  0.108714)
(-1.283023,  2.625430,  -2.325864),  (0.126934,  0.103196)
(1.064129,  2.656315,  -2.325864),  (0.127502,  0.043512)
(1.500000,  2.551051,  -2.325864),  (0.125565,  0.032429)
(1.301236,  2.625430,  -2.325864),  (0.126934,  0.037483)
(-1.283023,  2.625430,  -2.325864),  (0.126934,  0.103196)
(-1.500000,  2.551051,  -2.325864),  (0.125565,  0.108714)
(-1.045916,  2.656315,  -2.325864),  (0.127502,  0.097167)
(0.755113,  2.680018,  -2.325864),  (0.127938,  0.051370)
(1.500000,  2.551051,  -2.325864),  (0.125565,  0.032429)
(1.064129,  2.656315,  -2.325864),  (0.127502,  0.043512)
(0.755113,  2.680018,  -2.325864),  (0.127938,  0.051370)
(-1.500000,  2.551051,  -2.325864),  (0.125565,  0.108714)
(1.500000,  2.551051,  -2.325864),  (0.125565,  0.032429)
(-1.045916,  2.656315,  -2.325864),  (0.127502,  0.097167)
(-1.500000,  2.551051,  -2.325864),  (0.125565,  0.108714)
(-0.736907,  2.680018,  -2.325864),  (0.127938,  0.089309)
(-0.736907,  2.680018,  -2.325864),  (0.127938,  0.089309)
(-1.500000,  2.551051,  -2.325864),  (0.125565,  0.108714)
(-0.377058,  2.694914,  -2.325864),  (0.128212,  0.080159)
(-0.377058,  2.694914,  -2.325864),  (0.128212,  0.080159)
(-1.500000,  2.551051,  -2.325864),  (0.125565,  0.108714)
(0.009110,  2.700000,  -2.325864),  (0.128306,  0.070339)
(0.009110,  2.700000,  -2.325864),  (0.128306,  0.070339)
(-1.500000,  2.551051,  -2.325864),  (0.125565,  0.108714)
(0.395271,  2.694914,  -2.325864),  (0.128212,  0.060520)
(0.395271,  2.694914,  -2.325864),  (0.128212,  0.060520)
(-1.500000,  2.551051,  -2.325864),  (0.125565,  0.108714)
(0.755113,  2.680018,  -2.325864),  (0.127938,  0.051370)
(1.301236,  2.625430,  2.697675),  (0.384229,  0.325603)
(1.450289,  2.589459,  2.697675),  (0.395902,  0.323564)
(1.500000,  2.551051,  2.700000),  (0.399795,  0.321388)
(-1.432076,  2.589459,  2.697675),  (0.170157,  0.323564)
(-1.283023,  2.625430,  2.697675),  (0.181831,  0.325603)
(-1.500000,  2.551051,  2.700000),  (0.164838,  0.321388)
(1.064129,  2.656315,  2.697675),  (0.365659,  0.327353)
(1.301236,  2.625430,  2.697675),  (0.384229,  0.325603)
(1.500000,  2.551051,  2.700000),  (0.399795,  0.321388)
(-1.283023,  2.625430,  2.697675),  (0.181831,  0.325603)
(-1.045916,  2.656315,  2.697675),  (0.200401,  0.327353)
(-1.500000,  2.551051,  2.700000),  (0.164838,  0.321388)
(0.755113,  2.680018,  2.697675),  (0.341457,  0.328696)
(1.064129,  2.656315,  2.697675),  (0.365659,  0.327353)
(1.500000,  2.551051,  2.700000),  (0.399795,  0.321388)
(0.755113,  2.680018,  2.697675),  (0.341457,  0.328696)
(1.500000,  2.551051,  2.700000),  (0.399795,  0.321388)
(-1.500000,  2.551051,  2.700000),  (0.164838,  0.321388)
(-1.045916,  2.656315,  2.697675),  (0.200401,  0.327353)
(-0.736907,  2.680018,  2.697675),  (0.224603,  0.328696)
(-1.500000,  2.551051,  2.700000),  (0.164838,  0.321388)
(-0.736907,  2.680018,  2.697675),  (0.224603,  0.328696)
(-0.377058,  2.694914,  2.697675),  (0.252786,  0.329540)
(-1.500000,  2.551051,  2.700000),  (0.164838,  0.321388)
(-0.377058,  2.694914,  2.697675),  (0.252786,  0.329540)
(0.009110,  2.700000,  2.697675),  (0.283030,  0.329828)
(-1.500000,  2.551051,  2.700000),  (0.164838,  0.321388)
(0.009110,  2.700000,  2.697675),  (0.283030,  0.329828)
(0.395271,  2.694914,  2.697675),  (0.313274,  0.329540)
(-1.500000,  2.551051,  2.700000),  (0.164838,  0.321388)
(0.395271,  2.694914,  2.697675),  (0.313274,  0.329540)
(0.755113,  2.680018,  2.697675),  (0.341457,  0.328696)
(-1.500000,  2.551051,  2.700000),  (0.164838,  0.321388)
