(1.909825,  2.187905,  -0.043792),  (0.802011,  0.650382)
(1.618033,  1.805287,  -0.043792),  (0.842643,  0.620285)
(0.990278,  2.393872,  0.800000),  (0.669607,  0.430737)
(0.990278,  2.393872,  0.800000),  (0.669607,  0.430737)
(1.618033,  1.805287,  -0.043792),  (0.842643,  0.620285)
(0.838979,  2.195477,  0.800000),  (0.690675,  0.415133)
(-0.000001,  1.231365,  -0.043792),  (0.951767,  0.515625)
(-0.000001,  1.897889,  0.800000),  (0.747221,  0.360919)
(0.618033,  1.304434,  -0.043792),  (0.917521,  0.552907)
(0.618033,  1.304434,  -0.043792),  (0.917521,  0.552907)
(-0.000001,  1.897889,  0.800000),  (0.747221,  0.360919)
(0.320462,  1.935776,  0.800000),  (0.729482,  0.380223)
(-1.180336,  1.495747,  -0.043792),  (0.149203,  0.569657)
(-0.612027,  2.034975,  0.800000),  (0.331125,  0.388878)
(-0.618035,  1.304434,  -0.043792),  (0.117092,  0.530513)
(-0.618035,  1.304434,  -0.043792),  (0.117092,  0.530513)
(-0.612027,  2.034975,  0.800000),  (0.331125,  0.388878)
(-0.320463,  1.935776,  0.800000),  (0.314494,  0.368611)
(-1.180336,  1.495747,  -0.043792),  (0.149203,  0.569657)
(-1.618034,  1.805287,  -0.043792),  (0.188088,  0.601978)
(-0.612027,  2.034975,  0.800000),  (0.331125,  0.388878)
(-0.612027,  2.034975,  0.800000),  (0.331125,  0.388878)
(-1.618034,  1.805287,  -0.043792),  (0.188088,  0.601978)
(-0.838982,  2.195477,  0.800000),  (0.351287,  0.405637)
(-1.909824,  3.043460,  -0.043792),  (0.315560,  0.683079)
(-0.990280,  2.837493,  0.800000),  (0.417382,  0.447688)
(-2.000000,  2.615683,  -0.043792),  (0.271267,  0.658689)
(-2.000000,  2.615683,  -0.043792),  (0.271267,  0.658689)
(-0.990280,  2.837493,  0.800000),  (0.417382,  0.447688)
(-1.037038,  2.615683,  0.800000),  (0.394416,  0.435042)
(-1.909824,  3.043460,  -0.043792),  (0.315560,  0.683079)
(-1.618034,  3.426079,  -0.043792),  (0.363664,  0.698657)
(-0.990280,  2.837493,  0.800000),  (0.417382,  0.447688)
(-0.990280,  2.837493,  0.800000),  (0.417382,  0.447688)
(-1.618034,  3.426079,  -0.043792),  (0.363664,  0.698657)
(-0.838982,  3.035888,  0.800000),  (0.442324,  0.455765)
(-1.180336,  3.735619,  -0.043792),  (0.411769,  0.714236)
(-0.618035,  3.926931,  -0.043792),  (0.461951,  0.720442)
(-0.612027,  3.196390,  0.800000),  (0.467266,  0.463843)
(-0.612027,  3.196390,  0.800000),  (0.467266,  0.463843)
(-0.618035,  3.926931,  -0.043792),  (0.461951,  0.720442)
(-0.320463,  3.295589,  0.800000),  (0.493286,  0.467060)
(-0.000001,  4.000000,  -0.043792),  (0.512133,  0.726647)
(0.618032,  3.926931,  -0.043792),  (0.562583,  0.723257)
(-0.000001,  3.333477,  0.800000),  (0.519305,  0.470278)
(-0.000001,  3.333477,  0.800000),  (0.519305,  0.470278)
(0.618032,  3.926931,  -0.043792),  (0.562583,  0.723257)
(0.320462,  3.295589,  0.800000),  (0.545464,  0.468520)
(1.180334,  3.735619,  -0.043792),  (0.613034,  0.719867)
(1.618033,  3.426079,  -0.043792),  (0.661934,  0.707001)
(0.612026,  3.196390,  0.800000),  (0.571623,  0.466762)
(0.612026,  3.196390,  0.800000),  (0.571623,  0.466762)
(1.618033,  3.426079,  -0.043792),  (0.661934,  0.707001)
(0.838979,  3.035888,  0.800000),  (0.596977,  0.460092)
(1.909823,  3.043460,  -0.043792),  (0.710835,  0.694136)
(2.000000,  2.615683,  -0.043792),  (0.756423,  0.672259)
(0.990278,  2.837493,  0.800000),  (0.622332,  0.453421)
(0.990278,  2.837493,  0.800000),  (0.622332,  0.453421)
(2.000000,  2.615683,  -0.043792),  (0.756423,  0.672259)
(1.037035,  2.615683,  0.800000),  (0.645970,  0.442079)
(1.977147,  2.615683,  -0.043792),  (0.759678,  0.679042)
(2.000000,  2.615683,  -0.043792),  (0.756423,  0.672259)
(1.888001,  3.038573,  -0.043792),  (0.713443,  0.701229)
(1.888001,  3.038573,  -0.043792),  (0.713443,  0.701229)
(2.000000,  2.615683,  -0.043792),  (0.756423,  0.672259)
(1.909823,  3.043460,  -0.043792),  (0.710835,  0.694136)
(1.599545,  3.416820,  -0.043792),  (0.663849,  0.714277)
(1.618033,  3.426079,  -0.043792),  (0.661934,  0.707001)
(1.166849,  3.722823,  -0.043792),  (0.614254,  0.727325)
(1.166849,  3.722823,  -0.043792),  (0.614254,  0.727325)
(1.618033,  3.426079,  -0.043792),  (0.661934,  0.707001)
(1.180334,  3.735619,  -0.043792),  (0.613034,  0.719867)
(0.610972,  3.911950,  -0.043792),  (0.563088,  0.730763)
(0.618032,  3.926931,  -0.043792),  (0.562583,  0.723257)
(0.000000,  3.984184,  -0.043792),  (0.511921,  0.734202)
(0.000000,  3.984184,  -0.043792),  (0.511921,  0.734202)
(0.618032,  3.926931,  -0.043792),  (0.562583,  0.723257)
(-0.000001,  4.000000,  -0.043792),  (0.512133,  0.726647)
(-0.610972,  3.911950,  -0.043792),  (0.461028,  0.727908)
(-0.618035,  3.926931,  -0.043792),  (0.461951,  0.720442)
(-1.166851,  3.722823,  -0.043792),  (0.410134,  0.721614)
(-1.166851,  3.722823,  -0.043792),  (0.410134,  0.721614)
(-0.618035,  3.926931,  -0.043792),  (0.461951,  0.720442)
(-1.180336,  3.735619,  -0.043792),  (0.411769,  0.714236)
(-1.599548,  3.416820,  -0.043792),  (0.361347,  0.705814)
(-1.618034,  3.426079,  -0.043792),  (0.363664,  0.698657)
(-1.888005,  3.038573,  -0.043792),  (0.312559,  0.690015)
(-1.888005,  3.038573,  -0.043792),  (0.312559,  0.690015)
(-1.618034,  3.426079,  -0.043792),  (0.363664,  0.698657)
(-1.909824,  3.043460,  -0.043792),  (0.315560,  0.683079)
(-1.909824,  3.043460,  -0.043792),  (0.315560,  0.683079)
(-2.000000,  2.615683,  -0.043792),  (0.271267,  0.658689)
(-1.888005,  3.038573,  -0.043792),  (0.312559,  0.690015)
(-1.888005,  3.038573,  -0.043792),  (0.312559,  0.690015)
(-2.000000,  2.615683,  -0.043792),  (0.271267,  0.658689)
(-1.977150,  2.615683,  -0.043792),  (0.267638,  0.665279)
(-1.599548,  1.814546,  -0.043792),  (0.183279,  0.607764)
(-1.618034,  1.805287,  -0.043792),  (0.188088,  0.601978)
(-1.166851,  1.508542,  -0.043792),  (0.143842,  0.574984)
(-1.166851,  1.508542,  -0.043792),  (0.143842,  0.574984)
(-1.618034,  1.805287,  -0.043792),  (0.188088,  0.601978)
(-1.180336,  1.495747,  -0.043792),  (0.149203,  0.569657)
(-1.180336,  1.495747,  -0.043792),  (0.149203,  0.569657)
(-0.618035,  1.304434,  -0.043792),  (0.117092,  0.530513)
(-1.166851,  1.508542,  -0.043792),  (0.143842,  0.574984)
(-1.166851,  1.508542,  -0.043792),  (0.143842,  0.574984)
(-0.618035,  1.304434,  -0.043792),  (0.117092,  0.530513)
(-0.610972,  1.319415,  -0.043792),  (0.112152,  0.536590)
(-0.000001,  1.231365,  -0.043792),  (0.951767,  0.515625)
(0.618033,  1.304434,  -0.043792),  (0.917521,  0.552907)
(0.000000,  1.247181,  -0.043792),  (0.955903,  0.522691)
(0.000000,  1.247181,  -0.043792),  (0.955903,  0.522691)
(0.618033,  1.304434,  -0.043792),  (0.917521,  0.552907)
(0.610973,  1.319415,  -0.043792),  (0.922115,  0.559250)
(1.599547,  1.814545,  -0.043792),  (0.847120,  0.626331)
(1.618033,  1.805287,  -0.043792),  (0.842643,  0.620285)
(1.888002,  2.192792,  -0.043792),  (0.805913,  0.656854)
(1.888002,  2.192792,  -0.043792),  (0.805913,  0.656854)
(1.618033,  1.805287,  -0.043792),  (0.842643,  0.620285)
(1.909825,  2.187905,  -0.043792),  (0.802011,  0.650382)
(0.990278,  2.393872,  0.800000),  (0.510948,  0.279840)
(0.838979,  2.195477,  0.800000),  (0.532314,  0.273395)
(0.943754,  2.404293,  0.800000),  (0.508475,  0.273772)
(0.943754,  2.404293,  0.800000),  (0.508475,  0.273772)
(0.838979,  2.195477,  0.800000),  (0.532314,  0.273395)
(0.799564,  2.215219,  0.800000),  (0.530429,  0.267149)
(0.305406,  1.967718,  0.800000),  (0.575188,  0.258120)
(0.320462,  1.935776,  0.800000),  (0.575873,  0.264608)
(-0.000001,  1.931611,  0.800000),  (0.597993,  0.255714)
(-0.000001,  1.931611,  0.800000),  (0.597993,  0.255714)
(0.320462,  1.935776,  0.800000),  (0.575873,  0.264608)
(-0.000001,  1.897889,  0.800000),  (0.598067,  0.262267)
(-0.305407,  1.967719,  0.800000),  (0.620846,  0.257608)
(-0.320463,  1.935776,  0.800000),  (0.620307,  0.264110)
(-0.583274,  2.062257,  0.800000),  (0.643699,  0.259502)
(-0.583274,  2.062257,  0.800000),  (0.643699,  0.259502)
(-0.320463,  1.935776,  0.800000),  (0.620307,  0.264110)
(-0.612027,  2.034975,  0.800000),  (0.642548,  0.265953)
(-0.612027,  2.034975,  0.800000),  (0.642548,  0.265953)
(-0.838982,  2.195477,  0.800000),  (0.664052,  0.271918)
(-0.583274,  2.062257,  0.800000),  (0.643699,  0.259502)
(-0.583274,  2.062257,  0.800000),  (0.643699,  0.259502)
(-0.838982,  2.195477,  0.800000),  (0.664052,  0.271918)
(-0.799565,  2.215219,  0.800000),  (0.665796,  0.265631)
(-0.988317,  2.615683,  0.800000),  (0.708457,  0.281909)
(-1.037038,  2.615683,  0.800000),  (0.705570,  0.287759)
(-0.943756,  2.827072,  0.800000),  (0.729021,  0.292057)
(-0.943756,  2.827072,  0.800000),  (0.729021,  0.292057)
(-1.037038,  2.615683,  0.800000),  (0.705570,  0.287759)
(-0.990280,  2.837493,  0.800000),  (0.725582,  0.297635)
(-0.990280,  2.837493,  0.800000),  (0.725582,  0.297635)
(-0.838982,  3.035888,  0.800000),  (0.743398,  0.311075)
(-0.943756,  2.827072,  0.800000),  (0.729021,  0.292057)
(-0.943756,  2.827072,  0.800000),  (0.729021,  0.292057)
(-0.838982,  3.035888,  0.800000),  (0.743398,  0.311075)
(-0.799565,  3.016146,  0.800000),  (0.747327,  0.305867)
(-0.612027,  3.196390,  0.800000),  (0.761213,  0.324515)
(-0.320463,  3.295589,  0.800000),  (0.777421,  0.342670)
(-0.583274,  3.169108,  0.800000),  (0.765633,  0.319677)
(-0.583274,  3.169108,  0.800000),  (0.765633,  0.319677)
(-0.320463,  3.295589,  0.800000),  (0.777421,  0.342670)
(-0.305407,  3.263647,  0.800000),  (0.781212,  0.336910)
(-0.000001,  3.333477,  0.800000),  (0.404762,  0.365182)
(0.320462,  3.295589,  0.800000),  (0.420559,  0.346669)
(-0.000001,  3.299754,  0.800000),  (0.401452,  0.358574)
(-0.000001,  3.299754,  0.800000),  (0.401452,  0.358574)
(0.320462,  3.295589,  0.800000),  (0.420559,  0.346669)
(0.305405,  3.263647,  0.800000),  (0.416640,  0.340996)
(0.612026,  3.196390,  0.800000),  (0.436356,  0.328156)
(0.838979,  3.035888,  0.800000),  (0.453866,  0.314320)
(0.583272,  3.169108,  0.800000),  (0.431829,  0.323418)
(0.583272,  3.169108,  0.800000),  (0.431829,  0.323418)
(0.838979,  3.035888,  0.800000),  (0.453866,  0.314320)
(0.799563,  3.016146,  0.800000),  (0.449821,  0.309201)
(0.990278,  2.837493,  0.800000),  (0.471376,  0.300485)
(1.037035,  2.615683,  0.800000),  (0.491162,  0.290163)
(0.943754,  2.827072,  0.800000),  (0.467813,  0.294985)
(0.943754,  2.827072,  0.800000),  (0.467813,  0.294985)
(1.037035,  2.615683,  0.800000),  (0.491162,  0.290163)
(0.988315,  2.615683,  0.800000),  (0.488144,  0.284378)
(1.888002,  2.192792,  -0.043792),  (0.416226,  0.047372)
(0.943754,  2.404293,  0.800000),  (0.508475,  0.273772)
(1.599547,  1.814545,  -0.043792),  (0.460133,  0.034126)
(1.599547,  1.814545,  -0.043792),  (0.460133,  0.034126)
(0.943754,  2.404293,  0.800000),  (0.508475,  0.273772)
(0.799564,  2.215219,  0.800000),  (0.530429,  0.267149)
(0.000000,  1.247181,  -0.043792),  (0.595253,  0.011256)
(0.610973,  1.319415,  -0.043792),  (0.549646,  0.016068)
(-0.000001,  1.931611,  0.800000),  (0.597993,  0.255714)
(-0.000001,  1.931611,  0.800000),  (0.597993,  0.255714)
(0.610973,  1.319415,  -0.043792),  (0.549646,  0.016068)
(0.305406,  1.967718,  0.800000),  (0.575188,  0.258120)
(-1.166851,  1.508542,  -0.043792),  (0.686660,  0.018834)
(-0.610972,  1.319415,  -0.043792),  (0.640957,  0.015045)
(-0.583274,  2.062257,  0.800000),  (0.643699,  0.259502)
(-0.583274,  2.062257,  0.800000),  (0.643699,  0.259502)
(-0.610972,  1.319415,  -0.043792),  (0.640957,  0.015045)
(-0.305407,  1.967719,  0.800000),  (0.620846,  0.257608)
(-1.166851,  1.508542,  -0.043792),  (0.686660,  0.018834)
(-0.583274,  2.062257,  0.800000),  (0.643699,  0.259502)
(-1.599548,  1.814546,  -0.043792),  (0.730853,  0.031092)
(-1.599548,  1.814546,  -0.043792),  (0.730853,  0.031092)
(-0.583274,  2.062257,  0.800000),  (0.643699,  0.259502)
(-0.799565,  2.215219,  0.800000),  (0.665796,  0.265631)
(-1.888005,  3.038573,  -0.043792),  (0.857295,  0.083941)
(-1.977150,  2.615683,  -0.043792),  (0.816170,  0.063645)
(-0.943756,  2.827072,  0.800000),  (0.729021,  0.292057)
(-0.943756,  2.827072,  0.800000),  (0.729021,  0.292057)
(-1.977150,  2.615683,  -0.043792),  (0.816170,  0.063645)
(-0.988317,  2.615683,  0.800000),  (0.708457,  0.281909)
(-1.888005,  3.038573,  -0.043792),  (0.857295,  0.083941)
(-0.943756,  2.827072,  0.800000),  (0.729021,  0.292057)
(-1.599548,  3.416820,  -0.043792),  (0.893906,  0.111559)
(-1.599548,  3.416820,  -0.043792),  (0.893906,  0.111559)
(-0.943756,  2.827072,  0.800000),  (0.729021,  0.292057)
(-0.799565,  3.016146,  0.800000),  (0.747327,  0.305867)
(-1.166851,  3.722823,  -0.043792),  (0.930518,  0.139178)
(-0.583274,  3.169108,  0.800000),  (0.765633,  0.319677)
(-0.610972,  3.911950,  -0.043792),  (0.961328,  0.173147)
(-0.610972,  3.911950,  -0.043792),  (0.961328,  0.173147)
(-0.583274,  3.169108,  0.800000),  (0.765633,  0.319677)
(-0.305407,  3.263647,  0.800000),  (0.781212,  0.336910)
(0.000000,  3.984184,  -0.043792),  (0.202860,  0.215966)
(-0.000001,  3.299754,  0.800000),  (0.401452,  0.358574)
(0.610972,  3.911950,  -0.043792),  (0.232898,  0.181313)
(0.610972,  3.911950,  -0.043792),  (0.232898,  0.181313)
(-0.000001,  3.299754,  0.800000),  (0.401452,  0.358574)
(0.305405,  3.263647,  0.800000),  (0.416640,  0.340996)
(1.166849,  3.722823,  -0.043792),  (0.262935,  0.146660)
(0.583272,  3.169108,  0.800000),  (0.431829,  0.323418)
(1.599545,  3.416820,  -0.043792),  (0.298920,  0.118228)
(1.599545,  3.416820,  -0.043792),  (0.298920,  0.118228)
(0.583272,  3.169108,  0.800000),  (0.431829,  0.323418)
(0.799563,  3.016146,  0.800000),  (0.449821,  0.309201)
(1.888001,  3.038573,  -0.043792),  (0.334905,  0.089796)
(0.943754,  2.827072,  0.800000),  (0.467813,  0.294985)
(1.977147,  2.615683,  -0.043792),  (0.375566,  0.068584)
(1.977147,  2.615683,  -0.043792),  (0.375566,  0.068584)
(0.943754,  2.827072,  0.800000),  (0.467813,  0.294985)
(0.988315,  2.615683,  0.800000),  (0.488144,  0.284378)
(-1.180336,  3.735619,  -0.043792),  (0.411769,  0.714236)
(-0.612027,  3.196390,  0.800000),  (0.467266,  0.463843)
(-1.618034,  3.426079,  -0.043792),  (0.363664,  0.698657)
(-1.618034,  3.426079,  -0.043792),  (0.363664,  0.698657)
(-0.612027,  3.196390,  0.800000),  (0.467266,  0.463843)
(-0.838982,  3.035888,  0.800000),  (0.442324,  0.455765)
(-0.799565,  3.016146,  0.800000),  (0.747327,  0.305867)
(-0.838982,  3.035888,  0.800000),  (0.743398,  0.311075)
(-0.583274,  3.169108,  0.800000),  (0.765633,  0.319677)
(-0.583274,  3.169108,  0.800000),  (0.765633,  0.319677)
(-0.838982,  3.035888,  0.800000),  (0.743398,  0.311075)
(-0.612027,  3.196390,  0.800000),  (0.761213,  0.324515)
(-1.166851,  3.722823,  -0.043792),  (0.930518,  0.139178)
(-1.599548,  3.416820,  -0.043792),  (0.893906,  0.111559)
(-0.583274,  3.169108,  0.800000),  (0.765633,  0.319677)
(-0.583274,  3.169108,  0.800000),  (0.765633,  0.319677)
(-1.599548,  3.416820,  -0.043792),  (0.893906,  0.111559)
(-0.799565,  3.016146,  0.800000),  (0.747327,  0.305867)
(-1.180336,  3.735619,  -0.043792),  (0.411769,  0.714236)
(-1.618034,  3.426079,  -0.043792),  (0.363664,  0.698657)
(-1.166851,  3.722823,  -0.043792),  (0.410134,  0.721614)
(-1.166851,  3.722823,  -0.043792),  (0.410134,  0.721614)
(-1.618034,  3.426079,  -0.043792),  (0.363664,  0.698657)
(-1.599548,  3.416820,  -0.043792),  (0.361347,  0.705814)
(-0.000001,  4.000000,  -0.043792),  (0.512133,  0.726647)
(-0.000001,  3.333477,  0.800000),  (0.519305,  0.470278)
(-0.618035,  3.926931,  -0.043792),  (0.461951,  0.720442)
(-0.618035,  3.926931,  -0.043792),  (0.461951,  0.720442)
(-0.000001,  3.333477,  0.800000),  (0.519305,  0.470278)
(-0.320463,  3.295589,  0.800000),  (0.493286,  0.467060)
(-0.305407,  3.263647,  0.800000),  (0.781212,  0.336910)
(-0.320463,  3.295589,  0.800000),  (0.777421,  0.342670)
(-0.000001,  3.299754,  0.800000),  (0.796790,  0.354144)
(-0.000001,  3.299754,  0.800000),  (0.796790,  0.354144)
(-0.320463,  3.295589,  0.800000),  (0.777421,  0.342670)
(-0.000001,  3.333477,  0.800000),  (0.793629,  0.360824)
(0.000000,  3.984184,  -0.043792),  (0.992137,  0.207117)
(-0.610972,  3.911950,  -0.043792),  (0.961328,  0.173147)
(-0.000001,  3.299754,  0.800000),  (0.796790,  0.354144)
(-0.000001,  3.299754,  0.800000),  (0.796790,  0.354144)
(-0.610972,  3.911950,  -0.043792),  (0.961328,  0.173147)
(-0.305407,  3.263647,  0.800000),  (0.781212,  0.336910)
(-0.000001,  4.000000,  -0.043792),  (0.512133,  0.726647)
(-0.618035,  3.926931,  -0.043792),  (0.461951,  0.720442)
(0.000000,  3.984184,  -0.043792),  (0.511921,  0.734202)
(0.000000,  3.984184,  -0.043792),  (0.511921,  0.734202)
(-0.618035,  3.926931,  -0.043792),  (0.461951,  0.720442)
(-0.610972,  3.911950,  -0.043792),  (0.461028,  0.727908)
(0.320462,  3.295589,  0.800000),  (0.545464,  0.468520)
(0.618032,  3.926931,  -0.043792),  (0.562583,  0.723257)
(0.612026,  3.196390,  0.800000),  (0.571623,  0.466762)
(0.612026,  3.196390,  0.800000),  (0.571623,  0.466762)
(0.618032,  3.926931,  -0.043792),  (0.562583,  0.723257)
(1.180334,  3.735619,  -0.043792),  (0.613034,  0.719867)
(0.305405,  3.263647,  0.800000),  (0.416640,  0.340996)
(0.320462,  3.295589,  0.800000),  (0.420559,  0.346669)
(0.583272,  3.169108,  0.800000),  (0.431829,  0.323418)
(0.583272,  3.169108,  0.800000),  (0.431829,  0.323418)
(0.320462,  3.295589,  0.800000),  (0.420559,  0.346669)
(0.612026,  3.196390,  0.800000),  (0.436356,  0.328156)
(1.166849,  3.722823,  -0.043792),  (0.262935,  0.146660)
(0.610972,  3.911950,  -0.043792),  (0.232898,  0.181313)
(0.583272,  3.169108,  0.800000),  (0.431829,  0.323418)
(0.583272,  3.169108,  0.800000),  (0.431829,  0.323418)
(0.610972,  3.911950,  -0.043792),  (0.232898,  0.181313)
(0.305405,  3.263647,  0.800000),  (0.416640,  0.340996)
(1.180334,  3.735619,  -0.043792),  (0.613034,  0.719867)
(0.618032,  3.926931,  -0.043792),  (0.562583,  0.723257)
(1.166849,  3.722823,  -0.043792),  (0.614254,  0.727325)
(1.166849,  3.722823,  -0.043792),  (0.614254,  0.727325)
(0.618032,  3.926931,  -0.043792),  (0.562583,  0.723257)
(0.610972,  3.911950,  -0.043792),  (0.563088,  0.730763)
(1.909823,  3.043460,  -0.043792),  (0.710835,  0.694136)
(0.990278,  2.837493,  0.800000),  (0.622332,  0.453421)
(1.618033,  3.426079,  -0.043792),  (0.661934,  0.707001)
(1.618033,  3.426079,  -0.043792),  (0.661934,  0.707001)
(0.990278,  2.837493,  0.800000),  (0.622332,  0.453421)
(0.838979,  3.035888,  0.800000),  (0.596977,  0.460092)
(0.799563,  3.016146,  0.800000),  (0.449821,  0.309201)
(0.838979,  3.035888,  0.800000),  (0.453866,  0.314320)
(0.943754,  2.827072,  0.800000),  (0.467813,  0.294985)
(0.943754,  2.827072,  0.800000),  (0.467813,  0.294985)
(0.838979,  3.035888,  0.800000),  (0.453866,  0.314320)
(0.990278,  2.837493,  0.800000),  (0.471376,  0.300485)
(1.888001,  3.038573,  -0.043792),  (0.334905,  0.089796)
(1.599545,  3.416820,  -0.043792),  (0.298920,  0.118228)
(0.943754,  2.827072,  0.800000),  (0.467813,  0.294985)
(0.943754,  2.827072,  0.800000),  (0.467813,  0.294985)
(1.599545,  3.416820,  -0.043792),  (0.298920,  0.118228)
(0.799563,  3.016146,  0.800000),  (0.449821,  0.309201)
(1.909823,  3.043460,  -0.043792),  (0.710835,  0.694136)
(1.618033,  3.426079,  -0.043792),  (0.661934,  0.707001)
(1.888001,  3.038573,  -0.043792),  (0.713443,  0.701229)
(1.888001,  3.038573,  -0.043792),  (0.713443,  0.701229)
(1.618033,  3.426079,  -0.043792),  (0.661934,  0.707001)
(1.599545,  3.416820,  -0.043792),  (0.663849,  0.714277)
(1.909825,  2.187905,  -0.043792),  (0.802011,  0.650382)
(0.990278,  2.393872,  0.800000),  (0.669607,  0.430737)
(2.000000,  2.615683,  -0.043792),  (0.756423,  0.672259)
(2.000000,  2.615683,  -0.043792),  (0.756423,  0.672259)
(0.990278,  2.393872,  0.800000),  (0.669607,  0.430737)
(1.037035,  2.615683,  0.800000),  (0.645970,  0.442079)
(0.988315,  2.615683,  0.800000),  (0.488144,  0.284378)
(1.037035,  2.615683,  0.800000),  (0.491162,  0.290163)
(0.943754,  2.404293,  0.800000),  (0.508475,  0.273772)
(0.943754,  2.404293,  0.800000),  (0.508475,  0.273772)
(1.037035,  2.615683,  0.800000),  (0.491162,  0.290163)
(0.990278,  2.393872,  0.800000),  (0.510948,  0.279840)
(1.888002,  2.192792,  -0.043792),  (0.416226,  0.047372)
(1.977147,  2.615683,  -0.043792),  (0.375566,  0.068584)
(0.943754,  2.404293,  0.800000),  (0.508475,  0.273772)
(0.943754,  2.404293,  0.800000),  (0.508475,  0.273772)
(1.977147,  2.615683,  -0.043792),  (0.375566,  0.068584)
(0.988315,  2.615683,  0.800000),  (0.488144,  0.284378)
(1.909825,  2.187905,  -0.043792),  (0.802011,  0.650382)
(2.000000,  2.615683,  -0.043792),  (0.756423,  0.672259)
(1.888002,  2.192792,  -0.043792),  (0.805913,  0.656854)
(1.888002,  2.192792,  -0.043792),  (0.805913,  0.656854)
(2.000000,  2.615683,  -0.043792),  (0.756423,  0.672259)
(1.977147,  2.615683,  -0.043792),  (0.759678,  0.679042)
(1.180334,  1.495746,  -0.043792),  (0.883274,  0.590189)
(0.612026,  2.034975,  0.800000),  (0.711742,  0.399528)
(1.618033,  1.805287,  -0.043792),  (0.842643,  0.620285)
(1.618033,  1.805287,  -0.043792),  (0.842643,  0.620285)
(0.612026,  2.034975,  0.800000),  (0.711742,  0.399528)
(0.838979,  2.195477,  0.800000),  (0.690675,  0.415133)
(0.799564,  2.215219,  0.800000),  (0.530429,  0.267149)
(0.838979,  2.195477,  0.800000),  (0.532314,  0.273395)
(0.583272,  2.062257,  0.800000),  (0.552383,  0.260526)
(0.583272,  2.062257,  0.800000),  (0.552383,  0.260526)
(0.838979,  2.195477,  0.800000),  (0.532314,  0.273395)
(0.612026,  2.034975,  0.800000),  (0.553679,  0.266950)
(1.166850,  1.508541,  -0.043792),  (0.504039,  0.020881)
(1.599547,  1.814545,  -0.043792),  (0.460133,  0.034126)
(0.583272,  2.062257,  0.800000),  (0.552383,  0.260526)
(0.583272,  2.062257,  0.800000),  (0.552383,  0.260526)
(1.599547,  1.814545,  -0.043792),  (0.460133,  0.034126)
(0.799564,  2.215219,  0.800000),  (0.530429,  0.267149)
(1.180334,  1.495746,  -0.043792),  (0.883274,  0.590189)
(1.618033,  1.805287,  -0.043792),  (0.842643,  0.620285)
(1.166850,  1.508541,  -0.043792),  (0.888327,  0.595809)
(1.166850,  1.508541,  -0.043792),  (0.888327,  0.595809)
(1.618033,  1.805287,  -0.043792),  (0.842643,  0.620285)
(1.599547,  1.814545,  -0.043792),  (0.847120,  0.626331)
(1.166850,  1.508541,  -0.043792),  (0.504039,  0.020881)
(0.583272,  2.062257,  0.800000),  (0.552383,  0.260526)
(0.610973,  1.319415,  -0.043792),  (0.549646,  0.016068)
(0.610973,  1.319415,  -0.043792),  (0.549646,  0.016068)
(0.583272,  2.062257,  0.800000),  (0.552383,  0.260526)
(0.305406,  1.967718,  0.800000),  (0.575188,  0.258120)
(0.612026,  2.034975,  0.800000),  (0.553679,  0.266950)
(0.320462,  1.935776,  0.800000),  (0.575873,  0.264608)
(0.583272,  2.062257,  0.800000),  (0.552383,  0.260526)
(0.583272,  2.062257,  0.800000),  (0.552383,  0.260526)
(0.320462,  1.935776,  0.800000),  (0.575873,  0.264608)
(0.305406,  1.967718,  0.800000),  (0.575188,  0.258120)
(1.180334,  1.495746,  -0.043792),  (0.883274,  0.590189)
(0.618033,  1.304434,  -0.043792),  (0.917521,  0.552907)
(0.612026,  2.034975,  0.800000),  (0.711742,  0.399528)
(0.612026,  2.034975,  0.800000),  (0.711742,  0.399528)
(0.618033,  1.304434,  -0.043792),  (0.917521,  0.552907)
(0.320462,  1.935776,  0.800000),  (0.729482,  0.380223)
(0.610973,  1.319415,  -0.043792),  (0.922115,  0.559250)
(0.618033,  1.304434,  -0.043792),  (0.917521,  0.552907)
(1.166850,  1.508541,  -0.043792),  (0.888327,  0.595809)
(1.166850,  1.508541,  -0.043792),  (0.888327,  0.595809)
(0.618033,  1.304434,  -0.043792),  (0.917521,  0.552907)
(1.180334,  1.495746,  -0.043792),  (0.883274,  0.590189)
(0.000000,  1.247181,  -0.043792),  (0.595253,  0.011256)
(-0.000001,  1.931611,  0.800000),  (0.597993,  0.255714)
(-0.610972,  1.319415,  -0.043792),  (0.640957,  0.015045)
(-0.610972,  1.319415,  -0.043792),  (0.640957,  0.015045)
(-0.000001,  1.931611,  0.800000),  (0.597993,  0.255714)
(-0.305407,  1.967719,  0.800000),  (0.620846,  0.257608)
(-0.000001,  1.897889,  0.800000),  (0.598067,  0.262267)
(-0.320463,  1.935776,  0.800000),  (0.620307,  0.264110)
(-0.000001,  1.931611,  0.800000),  (0.597993,  0.255714)
(-0.000001,  1.931611,  0.800000),  (0.597993,  0.255714)
(-0.320463,  1.935776,  0.800000),  (0.620307,  0.264110)
(-0.305407,  1.967719,  0.800000),  (0.620846,  0.257608)
(-0.000001,  1.231365,  -0.043792),  (0.084982,  0.491368)
(-0.618035,  1.304434,  -0.043792),  (0.117092,  0.530513)
(-0.000001,  1.897889,  0.800000),  (0.297863,  0.348343)
(-0.000001,  1.897889,  0.800000),  (0.297863,  0.348343)
(-0.618035,  1.304434,  -0.043792),  (0.117092,  0.530513)
(-0.320463,  1.935776,  0.800000),  (0.314494,  0.368611)
(-0.610972,  1.319415,  -0.043792),  (0.112152,  0.536590)
(-0.618035,  1.304434,  -0.043792),  (0.117092,  0.530513)
(0.000000,  1.247181,  -0.043792),  (0.080461,  0.498196)
(0.000000,  1.247181,  -0.043792),  (0.080461,  0.498196)
(-0.618035,  1.304434,  -0.043792),  (0.117092,  0.530513)
(-0.000001,  1.231365,  -0.043792),  (0.084982,  0.491368)
(-1.888005,  2.192793,  -0.043792),  (0.775045,  0.043350)
(-0.943756,  2.404293,  0.800000),  (0.687893,  0.271761)
(-1.977150,  2.615683,  -0.043792),  (0.816170,  0.063645)
(-1.977150,  2.615683,  -0.043792),  (0.816170,  0.063645)
(-0.943756,  2.404293,  0.800000),  (0.687893,  0.271761)
(-0.988317,  2.615683,  0.800000),  (0.708457,  0.281909)
(-0.990280,  2.393872,  0.800000),  (0.685557,  0.277883)
(-1.037038,  2.615683,  0.800000),  (0.705570,  0.287759)
(-0.943756,  2.404293,  0.800000),  (0.687893,  0.271761)
(-0.943756,  2.404293,  0.800000),  (0.687893,  0.271761)
(-1.037038,  2.615683,  0.800000),  (0.705570,  0.287759)
(-0.988317,  2.615683,  0.800000),  (0.708457,  0.281909)
(-1.909824,  2.187905,  -0.043792),  (0.226973,  0.634300)
(-2.000000,  2.615683,  -0.043792),  (0.271267,  0.658689)
(-0.990280,  2.393872,  0.800000),  (0.371450,  0.422396)
(-0.990280,  2.393872,  0.800000),  (0.371450,  0.422396)
(-2.000000,  2.615683,  -0.043792),  (0.271267,  0.658689)
(-1.037038,  2.615683,  0.800000),  (0.394416,  0.435042)
(-1.977150,  2.615683,  -0.043792),  (0.267638,  0.665279)
(-2.000000,  2.615683,  -0.043792),  (0.271267,  0.658689)
(-1.888005,  2.192793,  -0.043792),  (0.222716,  0.640544)
(-1.888005,  2.192793,  -0.043792),  (0.222716,  0.640544)
(-2.000000,  2.615683,  -0.043792),  (0.271267,  0.658689)
(-1.909824,  2.187905,  -0.043792),  (0.226973,  0.634300)
(-1.909824,  2.187905,  -0.043792),  (0.226973,  0.634300)
(-0.990280,  2.393872,  0.800000),  (0.371450,  0.422396)
(-1.618034,  1.805287,  -0.043792),  (0.188088,  0.601978)
(-1.618034,  1.805287,  -0.043792),  (0.188088,  0.601978)
(-0.990280,  2.393872,  0.800000),  (0.371450,  0.422396)
(-0.838982,  2.195477,  0.800000),  (0.351287,  0.405637)
(-0.799565,  2.215219,  0.800000),  (0.665796,  0.265631)
(-0.838982,  2.195477,  0.800000),  (0.664052,  0.271918)
(-0.943756,  2.404293,  0.800000),  (0.687893,  0.271761)
(-0.943756,  2.404293,  0.800000),  (0.687893,  0.271761)
(-0.838982,  2.195477,  0.800000),  (0.664052,  0.271918)
(-0.990280,  2.393872,  0.800000),  (0.685557,  0.277883)
(-1.888005,  2.192793,  -0.043792),  (0.775045,  0.043350)
(-1.599548,  1.814546,  -0.043792),  (0.730853,  0.031092)
(-0.943756,  2.404293,  0.800000),  (0.687893,  0.271761)
(-0.943756,  2.404293,  0.800000),  (0.687893,  0.271761)
(-1.599548,  1.814546,  -0.043792),  (0.730853,  0.031092)
(-0.799565,  2.215219,  0.800000),  (0.665796,  0.265631)
(-1.909824,  2.187905,  -0.043792),  (0.226973,  0.634300)
(-1.618034,  1.805287,  -0.043792),  (0.188088,  0.601978)
(-1.888005,  2.192793,  -0.043792),  (0.222716,  0.640544)
(-1.888005,  2.192793,  -0.043792),  (0.222716,  0.640544)
(-1.618034,  1.805287,  -0.043792),  (0.188088,  0.601978)
(-1.599548,  1.814546,  -0.043792),  (0.183279,  0.607764)
(0.235049,  2.440532,  0.014445),  (0.615895,  0.762068)
(-0.019027,  2.367982,  0.014445),  (0.588833,  0.762069)
(0.298876,  2.396532,  0.064482),  (0.615896,  0.777204)
(0.298876,  2.396532,  0.064482),  (0.615896,  0.777204)
(-0.019027,  2.367982,  0.014445),  (0.588833,  0.762069)
(-0.019027,  2.305757,  0.064482),  (0.588833,  0.777204)
(-0.019027,  2.367982,  0.014445),  (0.805333,  0.762066)
(-0.273103,  2.440532,  0.014445),  (0.778270,  0.762067)
(-0.019027,  2.305757,  0.064482),  (0.805333,  0.777202)
(-0.019027,  2.305757,  0.064482),  (0.805333,  0.777202)
(-0.273103,  2.440532,  0.014445),  (0.778270,  0.762067)
(-0.336930,  2.396532,  0.064482),  (0.778270,  0.777202)
(-0.273103,  2.440532,  0.014445),  (0.778270,  0.762067)
(-0.378344,  2.615683,  0.014445),  (0.751207,  0.762067)
(-0.336930,  2.396532,  0.064482),  (0.778270,  0.777202)
(-0.336930,  2.396532,  0.064482),  (0.778270,  0.777202)
(-0.378344,  2.615683,  0.014445),  (0.751207,  0.762067)
(-0.468609,  2.615683,  0.064482),  (0.751208,  0.777203)
(-0.378344,  2.615683,  0.014445),  (0.751207,  0.762067)
(-0.273103,  2.790833,  0.014445),  (0.724145,  0.762067)
(-0.468609,  2.615683,  0.064482),  (0.751208,  0.777203)
(-0.468609,  2.615683,  0.064482),  (0.751208,  0.777203)
(-0.273103,  2.790833,  0.014445),  (0.724145,  0.762067)
(-0.336930,  2.834833,  0.064482),  (0.724145,  0.777203)
(-0.273103,  2.790833,  0.014445),  (0.724145,  0.762067)
(-0.019027,  2.863383,  0.014445),  (0.697083,  0.762068)
(-0.336930,  2.834833,  0.064482),  (0.724145,  0.777203)
(-0.336930,  2.834833,  0.064482),  (0.724145,  0.777203)
(-0.019027,  2.863383,  0.014445),  (0.697083,  0.762068)
(-0.019027,  2.925609,  0.064482),  (0.697083,  0.777203)
(-0.019027,  2.863383,  0.014445),  (0.697083,  0.762068)
(0.235049,  2.790833,  0.014445),  (0.670020,  0.762068)
(-0.019027,  2.925609,  0.064482),  (0.697083,  0.777203)
(-0.019027,  2.925609,  0.064482),  (0.697083,  0.777203)
(0.235049,  2.790833,  0.014445),  (0.670020,  0.762068)
(0.298876,  2.834833,  0.064482),  (0.670021,  0.777204)
(0.235049,  2.790833,  0.014445),  (0.670020,  0.762068)
(0.340290,  2.615683,  0.014445),  (0.642958,  0.762068)
(0.298876,  2.834833,  0.064482),  (0.670021,  0.777204)
(0.298876,  2.834833,  0.064482),  (0.670021,  0.777204)
(0.340290,  2.615683,  0.014445),  (0.642958,  0.762068)
(0.430555,  2.615683,  0.064482),  (0.642958,  0.777204)
(0.340290,  2.615683,  0.014445),  (0.642958,  0.762068)
(0.235049,  2.440532,  0.014445),  (0.615895,  0.762068)
(0.430555,  2.615683,  0.064482),  (0.642958,  0.777204)
(0.430555,  2.615683,  0.064482),  (0.642958,  0.777204)
(0.235049,  2.440532,  0.014445),  (0.615895,  0.762068)
(0.298876,  2.396532,  0.064482),  (0.615896,  0.777204)
(-0.019027,  2.367982,  0.014445),  (0.716476,  0.895331)
(0.235049,  2.440532,  0.014445),  (0.742488,  0.884557)
(-0.019027,  2.615683,  0.014445),  (0.716476,  0.858544)
(-0.273103,  2.440532,  0.014445),  (0.690464,  0.884557)
(-0.019027,  2.367982,  0.014445),  (0.716476,  0.895331)
(-0.019027,  2.615683,  0.014445),  (0.716476,  0.858544)
(-0.378344,  2.615683,  0.014445),  (0.679689,  0.858544)
(-0.273103,  2.440532,  0.014445),  (0.690464,  0.884557)
(-0.019027,  2.615683,  0.014445),  (0.716476,  0.858544)
(-0.273103,  2.790833,  0.014445),  (0.690464,  0.832532)
(-0.378344,  2.615683,  0.014445),  (0.679689,  0.858544)
(-0.019027,  2.615683,  0.014445),  (0.716476,  0.858544)
(-0.019027,  2.863383,  0.014445),  (0.716476,  0.821758)
(-0.273103,  2.790833,  0.014445),  (0.690464,  0.832532)
(-0.019027,  2.615683,  0.014445),  (0.716476,  0.858544)
(0.235049,  2.790833,  0.014445),  (0.742488,  0.832532)
(-0.019027,  2.863383,  0.014445),  (0.716476,  0.821758)
(-0.019027,  2.615683,  0.014445),  (0.716476,  0.858544)
(0.340290,  2.615683,  0.014445),  (0.753263,  0.858544)
(0.235049,  2.790833,  0.014445),  (0.742488,  0.832532)
(-0.019027,  2.615683,  0.014445),  (0.716476,  0.858544)
(0.235049,  2.440532,  0.014445),  (0.742488,  0.884557)
(0.340290,  2.615683,  0.014445),  (0.753263,  0.858544)
(-0.019027,  2.615683,  0.014445),  (0.716476,  0.858544)
(0.298876,  2.396532,  0.164556),  (0.654612,  0.832707)
(-0.019027,  2.305757,  0.164556),  (0.628600,  0.821932)
(-0.019027,  2.615683,  0.164556),  (0.628600,  0.858719)
(-0.019027,  2.305757,  0.164556),  (0.628600,  0.821932)
(-0.336930,  2.396532,  0.164556),  (0.602588,  0.832707)
(-0.019027,  2.615683,  0.164556),  (0.628600,  0.858719)
(-0.336930,  2.396532,  0.164556),  (0.602588,  0.832707)
(-0.468609,  2.615683,  0.164556),  (0.591813,  0.858719)
(-0.019027,  2.615683,  0.164556),  (0.628600,  0.858719)
(-0.468609,  2.615683,  0.164556),  (0.591813,  0.858719)
(-0.336930,  2.834833,  0.164556),  (0.602588,  0.884731)
(-0.019027,  2.615683,  0.164556),  (0.628600,  0.858719)
(-0.336930,  2.834833,  0.164556),  (0.602588,  0.884731)
(-0.019027,  2.925609,  0.164556),  (0.628600,  0.895506)
(-0.019027,  2.615683,  0.164556),  (0.628600,  0.858719)
(-0.019027,  2.925609,  0.164556),  (0.628600,  0.895506)
(0.298876,  2.834833,  0.164556),  (0.654612,  0.884731)
(-0.019027,  2.615683,  0.164556),  (0.628600,  0.858719)
(0.298876,  2.834833,  0.164556),  (0.654612,  0.884731)
(0.430555,  2.615683,  0.164556),  (0.665386,  0.858719)
(-0.019027,  2.615683,  0.164556),  (0.628600,  0.858719)
(0.430555,  2.615683,  0.164556),  (0.665386,  0.858719)
(0.298876,  2.396532,  0.164556),  (0.654612,  0.832707)
(-0.019027,  2.615683,  0.164556),  (0.628600,  0.858719)
(-0.388759,  2.615683,  0.114519),  (0.751208,  0.792338)
(-0.280467,  2.795910,  0.114519),  (0.724145,  0.792339)
(-0.468609,  2.615683,  0.164556),  (0.751208,  0.807474)
(-0.468609,  2.615683,  0.164556),  (0.751208,  0.807474)
(-0.280467,  2.795910,  0.114519),  (0.724145,  0.792339)
(-0.336930,  2.834833,  0.164556),  (0.724146,  0.807475)
(-0.280467,  2.435455,  0.114519),  (0.778270,  0.792338)
(-0.388759,  2.615683,  0.114519),  (0.751208,  0.792338)
(-0.336930,  2.396532,  0.164556),  (0.778271,  0.807474)
(-0.336930,  2.396532,  0.164556),  (0.778271,  0.807474)
(-0.388759,  2.615683,  0.114519),  (0.751208,  0.792338)
(-0.468609,  2.615683,  0.164556),  (0.751208,  0.807474)
(-0.019027,  2.360803,  0.114519),  (0.805333,  0.792338)
(-0.280467,  2.435455,  0.114519),  (0.778270,  0.792338)
(-0.019027,  2.305757,  0.164556),  (0.805333,  0.807473)
(-0.019027,  2.305757,  0.164556),  (0.805333,  0.807473)
(-0.280467,  2.435455,  0.114519),  (0.778270,  0.792338)
(-0.336930,  2.396532,  0.164556),  (0.778271,  0.807474)
(0.242414,  2.435455,  0.114519),  (0.615896,  0.792339)
(-0.019027,  2.360803,  0.114519),  (0.588833,  0.792340)
(0.298876,  2.396532,  0.164556),  (0.615896,  0.807475)
(0.298876,  2.396532,  0.164556),  (0.615896,  0.807475)
(-0.019027,  2.360803,  0.114519),  (0.588833,  0.792340)
(-0.019027,  2.305757,  0.164556),  (0.588834,  0.807476)
(0.350705,  2.615683,  0.114519),  (0.642958,  0.792339)
(0.242414,  2.435455,  0.114519),  (0.615896,  0.792339)
(0.430555,  2.615683,  0.164556),  (0.642958,  0.807475)
(0.430555,  2.615683,  0.164556),  (0.642958,  0.807475)
(0.242414,  2.435455,  0.114519),  (0.615896,  0.792339)
(0.298876,  2.396532,  0.164556),  (0.615896,  0.807475)
(0.242414,  2.795910,  0.114519),  (0.670021,  0.792339)
(0.350705,  2.615683,  0.114519),  (0.642958,  0.792339)
(0.298876,  2.834833,  0.164556),  (0.670021,  0.807475)
(0.298876,  2.834833,  0.164556),  (0.670021,  0.807475)
(0.350705,  2.615683,  0.114519),  (0.642958,  0.792339)
(0.430555,  2.615683,  0.164556),  (0.642958,  0.807475)
(-0.019027,  2.870563,  0.114519),  (0.697083,  0.792339)
(0.242414,  2.795910,  0.114519),  (0.670021,  0.792339)
(-0.019027,  2.925609,  0.164556),  (0.697083,  0.807475)
(-0.019027,  2.925609,  0.164556),  (0.697083,  0.807475)
(0.242414,  2.795910,  0.114519),  (0.670021,  0.792339)
(0.298876,  2.834833,  0.164556),  (0.670021,  0.807475)
(-0.280467,  2.795910,  0.114519),  (0.724145,  0.792339)
(-0.019027,  2.870563,  0.114519),  (0.697083,  0.792339)
(-0.336930,  2.834833,  0.164556),  (0.724146,  0.807475)
(-0.336930,  2.834833,  0.164556),  (0.724146,  0.807475)
(-0.019027,  2.870563,  0.114519),  (0.697083,  0.792339)
(-0.019027,  2.925609,  0.164556),  (0.697083,  0.807475)
(-0.468609,  2.615683,  0.064482),  (0.751208,  0.777203)
(-0.336930,  2.834833,  0.064482),  (0.724145,  0.777203)
(-0.388759,  2.615683,  0.114519),  (0.751208,  0.792338)
(-0.388759,  2.615683,  0.114519),  (0.751208,  0.792338)
(-0.336930,  2.834833,  0.064482),  (0.724145,  0.777203)
(-0.280467,  2.795910,  0.114519),  (0.724145,  0.792339)
(-0.336930,  2.396532,  0.064482),  (0.778270,  0.777202)
(-0.468609,  2.615683,  0.064482),  (0.751208,  0.777203)
(-0.280467,  2.435455,  0.114519),  (0.778270,  0.792338)
(-0.280467,  2.435455,  0.114519),  (0.778270,  0.792338)
(-0.468609,  2.615683,  0.064482),  (0.751208,  0.777203)
(-0.388759,  2.615683,  0.114519),  (0.751208,  0.792338)
(-0.019027,  2.305757,  0.064482),  (0.805333,  0.777202)
(-0.336930,  2.396532,  0.064482),  (0.778270,  0.777202)
(-0.019027,  2.360803,  0.114519),  (0.805333,  0.792338)
(-0.019027,  2.360803,  0.114519),  (0.805333,  0.792338)
(-0.336930,  2.396532,  0.064482),  (0.778270,  0.777202)
(-0.280467,  2.435455,  0.114519),  (0.778270,  0.792338)
(0.298876,  2.396532,  0.064482),  (0.615896,  0.777204)
(-0.019027,  2.305757,  0.064482),  (0.588833,  0.777204)
(0.242414,  2.435455,  0.114519),  (0.615896,  0.792339)
(0.242414,  2.435455,  0.114519),  (0.615896,  0.792339)
(-0.019027,  2.305757,  0.064482),  (0.588833,  0.777204)
(-0.019027,  2.360803,  0.114519),  (0.588833,  0.792340)
(0.430555,  2.615683,  0.064482),  (0.642958,  0.777204)
(0.298876,  2.396532,  0.064482),  (0.615896,  0.777204)
(0.350705,  2.615683,  0.114519),  (0.642958,  0.792339)
(0.350705,  2.615683,  0.114519),  (0.642958,  0.792339)
(0.298876,  2.396532,  0.064482),  (0.615896,  0.777204)
(0.242414,  2.435455,  0.114519),  (0.615896,  0.792339)
(0.298876,  2.834833,  0.064482),  (0.670021,  0.777204)
(0.430555,  2.615683,  0.064482),  (0.642958,  0.777204)
(0.242414,  2.795910,  0.114519),  (0.670021,  0.792339)
(0.242414,  2.795910,  0.114519),  (0.670021,  0.792339)
(0.430555,  2.615683,  0.064482),  (0.642958,  0.777204)
(0.350705,  2.615683,  0.114519),  (0.642958,  0.792339)
(-0.019027,  2.925609,  0.064482),  (0.697083,  0.777203)
(0.298876,  2.834833,  0.064482),  (0.670021,  0.777204)
(-0.019027,  2.870563,  0.114519),  (0.697083,  0.792339)
(-0.019027,  2.870563,  0.114519),  (0.697083,  0.792339)
(0.298876,  2.834833,  0.064482),  (0.670021,  0.777204)
(0.242414,  2.795910,  0.114519),  (0.670021,  0.792339)
(-0.336930,  2.834833,  0.064482),  (0.724145,  0.777203)
(-0.019027,  2.925609,  0.064482),  (0.697083,  0.777203)
(-0.280467,  2.795910,  0.114519),  (0.724145,  0.792339)
(-0.280467,  2.795910,  0.114519),  (0.724145,  0.792339)
(-0.019027,  2.925609,  0.064482),  (0.697083,  0.777203)
(-0.019027,  2.870563,  0.114519),  (0.697083,  0.792339)
(0.945117,  0.222521,  -0.280577),  (0.393563,  0.949484)
(0.861545,  0.278059,  -0.288749),  (0.392013,  0.942671)
(1.024563,  0.222453,  -0.421855),  (0.352097,  0.947937)
(1.024563,  0.222453,  -0.421855),  (0.352097,  0.947937)
(0.861545,  0.278059,  -0.288749),  (0.392013,  0.942671)
(0.936317,  0.278059,  -0.421855),  (0.353375,  0.941237)
(0.861545,  0.278059,  -0.288749),  (0.394833,  0.942781)
(0.945117,  0.222521,  -0.280577),  (0.393563,  0.949484)
(0.650581,  0.278059,  -0.176929),  (0.431180,  0.944320)
(0.650581,  0.278059,  -0.176929),  (0.431180,  0.944320)
(0.945117,  0.222521,  -0.280577),  (0.393563,  0.949484)
(0.718885,  0.222698,  -0.160812),  (0.432921,  0.951142)
(0.650581,  0.278059,  -0.176929),  (0.434341,  0.944455)
(0.718885,  0.222698,  -0.160812),  (0.432921,  0.951142)
(0.340425,  0.278059,  -0.103523),  (0.467098,  0.945891)
(0.340425,  0.278059,  -0.103523),  (0.467098,  0.945891)
(0.718885,  0.222698,  -0.160812),  (0.432921,  0.951142)
(0.380318,  0.222907,  -0.080793),  (0.469065,  0.952712)
(0.340425,  0.278059,  -0.103523),  (0.470717,  0.946039)
(0.380318,  0.222907,  -0.080793),  (0.469065,  0.952712)
(-0.019025,  0.278059,  -0.078190),  (0.500666,  0.947145)
(-0.019025,  0.278059,  -0.078190),  (0.500666,  0.947145)
(0.380318,  0.222907,  -0.080793),  (0.469065,  0.952712)
(-0.019025,  0.222998,  -0.052696),  (0.502744,  0.953946)
(-0.019025,  0.222998,  -0.052696),  (0.502744,  0.953946)
(-0.418368,  0.222907,  -0.080793),  (0.536440,  0.954713)
(-0.019025,  0.278059,  -0.078190),  (0.505166,  0.947278)
(-0.019025,  0.278059,  -0.078190),  (0.505166,  0.947278)
(-0.418368,  0.222907,  -0.080793),  (0.536440,  0.954713)
(-0.378476,  0.278059,  -0.103522),  (0.535119,  0.947950)
(-0.418368,  0.222907,  -0.080793),  (0.536440,  0.954713)
(-0.756934,  0.222698,  -0.160811),  (0.572625,  0.955087)
(-0.378476,  0.278059,  -0.103522),  (0.538738,  0.948004)
(-0.378476,  0.278059,  -0.103522),  (0.538738,  0.948004)
(-0.756934,  0.222698,  -0.160811),  (0.572625,  0.955087)
(-0.688630,  0.278059,  -0.176929),  (0.571495,  0.948328)
(-0.756934,  0.222698,  -0.160811),  (0.572625,  0.955087)
(-0.983169,  0.222521,  -0.280576),  (0.612551,  0.955185)
(-0.688630,  0.278059,  -0.176929),  (0.574680,  0.948349)
(-0.688630,  0.278059,  -0.176929),  (0.574680,  0.948349)
(-0.983169,  0.222521,  -0.280576),  (0.612551,  0.955185)
(-0.899597,  0.278059,  -0.288748),  (0.611488,  0.948511)
(-0.983169,  0.222521,  -0.280576),  (0.612551,  0.955185)
(-1.062613,  0.222453,  -0.421855),  (0.654537,  0.954643)
(-0.899597,  0.278059,  -0.288748),  (0.614339,  0.948493)
(-0.899597,  0.278059,  -0.288748),  (0.614339,  0.948493)
(-1.062613,  0.222453,  -0.421855),  (0.654537,  0.954643)
(-0.974367,  0.278059,  -0.421855),  (0.653362,  0.947991)
(-0.974367,  0.278059,  -0.421855),  (0.655434,  0.947948)
(-1.062613,  0.222453,  -0.421855),  (0.654537,  0.954643)
(-0.899597,  0.278059,  -0.554961),  (0.694376,  0.946811)
(-0.899597,  0.278059,  -0.554961),  (0.694376,  0.946811)
(-1.062613,  0.222453,  -0.421855),  (0.654537,  0.954643)
(-0.983169,  0.222521,  -0.563133),  (0.696464,  0.953410)
(-0.899597,  0.278059,  -0.554961),  (0.697213,  0.946704)
(-0.983169,  0.222521,  -0.563133),  (0.696464,  0.953410)
(-0.688632,  0.278059,  -0.666781),  (0.733693,  0.944844)
(-0.688632,  0.278059,  -0.666781),  (0.733693,  0.944844)
(-0.983169,  0.222521,  -0.563133),  (0.696464,  0.953410)
(-0.756935,  0.222698,  -0.682899),  (0.736157,  0.951366)
(-0.688632,  0.278059,  -0.666781),  (0.736860,  0.944644)
(-0.756935,  0.222698,  -0.682899),  (0.736157,  0.951366)
(-0.378476,  0.278059,  -0.740188),  (0.769591,  0.941973)
(-0.378476,  0.278059,  -0.740188),  (0.769591,  0.941973)
(-0.756935,  0.222698,  -0.682899),  (0.736157,  0.951366)
(-0.418368,  0.222907,  -0.762917),  (0.772481,  0.948377)
(-0.378476,  0.278059,  -0.740188),  (0.773198,  0.941617)
(-0.418368,  0.222907,  -0.762917),  (0.772481,  0.948377)
(-0.019025,  0.278059,  -0.765520),  (0.802946,  0.937947)
(-0.019025,  0.278059,  -0.765520),  (0.802946,  0.937947)
(-0.418368,  0.222907,  -0.762917),  (0.772481,  0.948377)
(-0.019025,  0.222998,  -0.791014),  (0.806148,  0.944213)
(-0.019025,  0.222998,  -0.791014),  (0.201840,  0.938089)
(0.380318,  0.222907,  -0.762917),  (0.235321,  0.941873)
(-0.019025,  0.278059,  -0.765520),  (0.204966,  0.931815)
(-0.019025,  0.278059,  -0.765520),  (0.204966,  0.931815)
(0.380318,  0.222907,  -0.762917),  (0.235321,  0.941873)
(0.340425,  0.278059,  -0.740188),  (0.234562,  0.935147)
(0.380318,  0.222907,  -0.762917),  (0.235321,  0.941873)
(0.718884,  0.222698,  -0.682899),  (0.271357,  0.944513)
(0.340425,  0.278059,  -0.740188),  (0.238146,  0.935464)
(0.340425,  0.278059,  -0.740188),  (0.238146,  0.935464)
(0.718884,  0.222698,  -0.682899),  (0.271357,  0.944513)
(0.650580,  0.278059,  -0.666781),  (0.270642,  0.937796)
(0.718884,  0.222698,  -0.682899),  (0.271357,  0.944513)
(0.945117,  0.222521,  -0.563134),  (0.310675,  0.946418)
(0.650580,  0.278059,  -0.666781),  (0.273784,  0.937975)
(0.650580,  0.278059,  -0.666781),  (0.273784,  0.937975)
(0.945117,  0.222521,  -0.563134),  (0.310675,  0.946418)
(0.861545,  0.278059,  -0.554962),  (0.309966,  0.939684)
(0.945117,  0.222521,  -0.563134),  (0.310675,  0.946418)
(1.024563,  0.222453,  -0.421855),  (0.352097,  0.947937)
(0.861545,  0.278059,  -0.554962),  (0.312777,  0.939796)
(0.861545,  0.278059,  -0.554962),  (0.312777,  0.939796)
(1.024563,  0.222453,  -0.421855),  (0.352097,  0.947937)
(0.936317,  0.278059,  -0.421855),  (0.351323,  0.941163)
(0.736821,  0.000000,  -0.154466),  (0.432306,  0.978266)
(0.718885,  0.222698,  -0.160812),  (0.432921,  0.951142)
(0.968534,  0.000000,  -0.277145),  (0.392852,  0.976524)
(0.968534,  0.000000,  -0.277145),  (0.392852,  0.976524)
(0.718885,  0.222698,  -0.160812),  (0.432921,  0.951142)
(0.945117,  0.222521,  -0.280577),  (0.393563,  0.949484)
(0.390036,  0.000000,  -0.072495),  (0.468429,  0.979903)
(0.380318,  0.222907,  -0.080793),  (0.469065,  0.952712)
(0.736821,  0.000000,  -0.154466),  (0.432306,  0.978266)
(0.736821,  0.000000,  -0.154466),  (0.432306,  0.978266)
(0.380318,  0.222907,  -0.080793),  (0.469065,  0.952712)
(0.718885,  0.222698,  -0.160812),  (0.432921,  0.951142)
(-0.019025,  0.000000,  -0.043710),  (0.502046,  0.981153)
(-0.019025,  0.222998,  -0.052696),  (0.502744,  0.953946)
(0.390036,  0.000000,  -0.072495),  (0.468429,  0.979903)
(0.390036,  0.000000,  -0.072495),  (0.468429,  0.979903)
(-0.019025,  0.222998,  -0.052696),  (0.502744,  0.953946)
(0.380318,  0.222907,  -0.080793),  (0.469065,  0.952712)
(-0.019025,  0.000000,  -0.043710),  (0.502046,  0.981153)
(-0.428085,  0.000000,  -0.072495),  (0.535738,  0.981911)
(-0.019025,  0.222998,  -0.052696),  (0.502744,  0.953946)
(-0.019025,  0.222998,  -0.052696),  (0.502744,  0.953946)
(-0.428085,  0.000000,  -0.072495),  (0.535738,  0.981911)
(-0.418368,  0.222907,  -0.080793),  (0.536440,  0.954713)
(-0.428085,  0.000000,  -0.072495),  (0.535738,  0.981911)
(-0.774871,  0.000000,  -0.154466),  (0.572077,  0.982227)
(-0.418368,  0.222907,  -0.080793),  (0.536440,  0.954713)
(-0.418368,  0.222907,  -0.080793),  (0.536440,  0.954713)
(-0.774871,  0.000000,  -0.154466),  (0.572077,  0.982227)
(-0.756934,  0.222698,  -0.160811),  (0.572625,  0.955087)
(-0.774871,  0.000000,  -0.154466),  (0.572077,  0.982227)
(-1.006584,  0.000000,  -0.277145),  (0.612379,  0.981906)
(-0.756934,  0.222698,  -0.160811),  (0.572625,  0.955087)
(-0.756934,  0.222698,  -0.160811),  (0.572625,  0.955087)
(-1.006584,  0.000000,  -0.277145),  (0.612379,  0.981906)
(-0.983169,  0.222521,  -0.280576),  (0.612551,  0.955185)
(-1.006584,  0.000000,  -0.277145),  (0.612379,  0.981906)
(-1.087953,  0.000000,  -0.421855),  (0.655086,  0.981305)
(-0.983169,  0.222521,  -0.280576),  (0.612551,  0.955185)
(-0.983169,  0.222521,  -0.280576),  (0.612551,  0.955185)
(-1.087953,  0.000000,  -0.421855),  (0.655086,  0.981305)
(-1.062613,  0.222453,  -0.421855),  (0.654537,  0.954643)
(-1.006584,  0.000000,  -0.566565),  (0.697853,  0.980057)
(-0.983169,  0.222521,  -0.563133),  (0.696464,  0.953410)
(-1.087953,  0.000000,  -0.421855),  (0.655086,  0.981305)
(-1.087953,  0.000000,  -0.421855),  (0.655086,  0.981305)
(-0.983169,  0.222521,  -0.563133),  (0.696464,  0.953410)
(-1.062613,  0.222453,  -0.421855),  (0.654537,  0.954643)
(-0.774871,  0.000000,  -0.689244),  (0.738423,  0.977992)
(-0.756935,  0.222698,  -0.682899),  (0.736157,  0.951366)
(-1.006584,  0.000000,  -0.566565),  (0.697853,  0.980057)
(-1.006584,  0.000000,  -0.566565),  (0.697853,  0.980057)
(-0.756935,  0.222698,  -0.682899),  (0.736157,  0.951366)
(-0.983169,  0.222521,  -0.563133),  (0.696464,  0.953410)
(-0.428086,  0.000000,  -0.771215),  (0.775587,  0.974959)
(-0.418368,  0.222907,  -0.762917),  (0.772481,  0.948377)
(-0.774871,  0.000000,  -0.689244),  (0.738423,  0.977992)
(-0.774871,  0.000000,  -0.689244),  (0.738423,  0.977992)
(-0.418368,  0.222907,  -0.762917),  (0.772481,  0.948377)
(-0.756935,  0.222698,  -0.682899),  (0.736157,  0.951366)
(-0.019025,  0.000000,  -0.800000),  (0.810061,  0.970705)
(-0.019025,  0.222998,  -0.791014),  (0.806148,  0.944213)
(-0.428086,  0.000000,  -0.771215),  (0.775587,  0.974959)
(-0.428086,  0.000000,  -0.771215),  (0.775587,  0.974959)
(-0.019025,  0.222998,  -0.791014),  (0.806148,  0.944213)
(-0.418368,  0.222907,  -0.762917),  (0.772481,  0.948377)
(-0.019025,  0.000000,  -0.800000),  (0.198185,  0.964513)
(0.390034,  0.000000,  -0.771215),  (0.232418,  0.968386)
(-0.019025,  0.222998,  -0.791014),  (0.201840,  0.938089)
(-0.019025,  0.222998,  -0.791014),  (0.201840,  0.938089)
(0.390034,  0.000000,  -0.771215),  (0.232418,  0.968386)
(0.380318,  0.222907,  -0.762917),  (0.235321,  0.941873)
(0.390034,  0.000000,  -0.771215),  (0.232418,  0.968386)
(0.736820,  0.000000,  -0.689244),  (0.269178,  0.971170)
(0.380318,  0.222907,  -0.762917),  (0.235321,  0.941873)
(0.380318,  0.222907,  -0.762917),  (0.235321,  0.941873)
(0.736820,  0.000000,  -0.689244),  (0.269178,  0.971170)
(0.718884,  0.222698,  -0.682899),  (0.271357,  0.944513)
(0.736820,  0.000000,  -0.689244),  (0.269178,  0.971170)
(0.968533,  0.000000,  -0.566565),  (0.309156,  0.973193)
(0.718884,  0.222698,  -0.682899),  (0.271357,  0.944513)
(0.718884,  0.222698,  -0.682899),  (0.271357,  0.944513)
(0.968533,  0.000000,  -0.566565),  (0.309156,  0.973193)
(0.945117,  0.222521,  -0.563134),  (0.310675,  0.946418)
(0.968533,  0.000000,  -0.566565),  (0.309156,  0.973193)
(1.049901,  0.000000,  -0.421855),  (0.351095,  0.974893)
(0.945117,  0.222521,  -0.563134),  (0.310675,  0.946418)
(0.945117,  0.222521,  -0.563134),  (0.310675,  0.946418)
(1.049901,  0.000000,  -0.421855),  (0.351095,  0.974893)
(1.024563,  0.222453,  -0.421855),  (0.352097,  0.947937)
(0.968534,  0.000000,  -0.277145),  (0.392852,  0.976524)
(0.945117,  0.222521,  -0.280577),  (0.393563,  0.949484)
(1.049901,  0.000000,  -0.421855),  (0.351095,  0.974893)
(1.049901,  0.000000,  -0.421855),  (0.351095,  0.974893)
(0.945117,  0.222521,  -0.280577),  (0.393563,  0.949484)
(1.024563,  0.222453,  -0.421855),  (0.352097,  0.947937)
(0.861545,  0.278059,  -0.288749),  (0.970384,  0.836687)
(0.650581,  0.278059,  -0.176929),  (0.953122,  0.804176)
(-0.019025,  0.278059,  -0.421855),  (0.898332,  0.875388)
(0.650581,  0.278059,  -0.176929),  (0.953122,  0.804176)
(0.340425,  0.278059,  -0.103523),  (0.927743,  0.782833)
(-0.019025,  0.278059,  -0.421855),  (0.898332,  0.875388)
(0.340425,  0.278059,  -0.103523),  (0.927743,  0.782833)
(-0.019025,  0.278059,  -0.078190),  (0.898332,  0.775467)
(-0.019025,  0.278059,  -0.421855),  (0.898332,  0.875388)
(-0.019025,  0.278059,  -0.078190),  (0.898332,  0.775467)
(-0.378476,  0.278059,  -0.103522),  (0.868920,  0.782833)
(-0.019025,  0.278059,  -0.421855),  (0.898332,  0.875388)
(-0.378476,  0.278059,  -0.103522),  (0.868920,  0.782833)
(-0.688630,  0.278059,  -0.176929),  (0.843542,  0.804176)
(-0.019025,  0.278059,  -0.421855),  (0.898332,  0.875388)
(-0.688630,  0.278059,  -0.176929),  (0.843542,  0.804176)
(-0.899597,  0.278059,  -0.288748),  (0.826280,  0.836687)
(-0.019025,  0.278059,  -0.421855),  (0.898332,  0.875388)
(-0.899597,  0.278059,  -0.288748),  (0.826280,  0.836687)
(-0.974367,  0.278059,  -0.421855),  (0.820162,  0.875388)
(-0.019025,  0.278059,  -0.421855),  (0.898332,  0.875388)
(-0.974367,  0.278059,  -0.421855),  (0.820162,  0.875388)
(-0.899597,  0.278059,  -0.554961),  (0.826280,  0.914089)
(-0.019025,  0.278059,  -0.421855),  (0.898332,  0.875388)
(-0.899597,  0.278059,  -0.554961),  (0.826280,  0.914089)
(-0.688632,  0.278059,  -0.666781),  (0.843542,  0.946600)
(-0.019025,  0.278059,  -0.421855),  (0.898332,  0.875388)
(-0.688632,  0.278059,  -0.666781),  (0.843542,  0.946600)
(-0.378476,  0.278059,  -0.740188),  (0.868920,  0.967944)
(-0.019025,  0.278059,  -0.421855),  (0.898332,  0.875388)
(-0.378476,  0.278059,  -0.740188),  (0.868920,  0.967944)
(-0.019025,  0.278059,  -0.765520),  (0.898332,  0.975309)
(-0.019025,  0.278059,  -0.421855),  (0.898332,  0.875388)
(-0.019025,  0.278059,  -0.765520),  (0.898332,  0.975309)
(0.340425,  0.278059,  -0.740188),  (0.927743,  0.967944)
(-0.019025,  0.278059,  -0.421855),  (0.898332,  0.875388)
(0.340425,  0.278059,  -0.740188),  (0.927743,  0.967944)
(0.650580,  0.278059,  -0.666781),  (0.953121,  0.946600)
(-0.019025,  0.278059,  -0.421855),  (0.898332,  0.875388)
(0.650580,  0.278059,  -0.666781),  (0.953121,  0.946600)
(0.861545,  0.278059,  -0.554962),  (0.970384,  0.914089)
(-0.019025,  0.278059,  -0.421855),  (0.898332,  0.875388)
(0.861545,  0.278059,  -0.554962),  (0.970384,  0.914089)
(0.936317,  0.278059,  -0.421855),  (0.976502,  0.875388)
(-0.019025,  0.278059,  -0.421855),  (0.898332,  0.875388)
(0.936317,  0.278059,  -0.421855),  (0.976502,  0.875388)
(0.861545,  0.278059,  -0.288749),  (0.970384,  0.836687)
(-0.019025,  0.278059,  -0.421855),  (0.898332,  0.875388)
(0.113767,  0.256988,  -0.354957),  (0.016250,  0.975946)
(-0.151817,  0.256988,  -0.354957),  (0.039323,  0.976017)
(0.113767,  2.494133,  -0.354957),  (0.016250,  0.700607)
(0.113767,  2.494133,  -0.354957),  (0.016250,  0.700607)
(-0.151817,  0.256988,  -0.354957),  (0.039323,  0.976017)
(-0.151817,  2.494133,  -0.354957),  (0.039324,  0.700578)
(-0.151817,  0.256988,  -0.354957),  (0.039323,  0.976017)
(-0.284609,  0.256988,  -0.419685),  (0.060796,  0.976087)
(-0.151817,  2.494133,  -0.354957),  (0.039324,  0.700578)
(-0.151817,  2.494133,  -0.354957),  (0.039324,  0.700578)
(-0.284609,  0.256988,  -0.419685),  (0.060796,  0.976087)
(-0.284609,  2.494133,  -0.419685),  (0.060796,  0.700549)
(-0.284609,  0.256988,  -0.419685),  (0.060796,  0.976087)
(-0.151817,  0.256988,  -0.484413),  (0.082269,  0.976017)
(-0.284609,  2.494133,  -0.419685),  (0.060796,  0.700549)
(-0.284609,  2.494133,  -0.419685),  (0.060796,  0.700549)
(-0.151817,  0.256988,  -0.484413),  (0.082269,  0.976017)
(-0.151817,  2.494133,  -0.484413),  (0.082269,  0.700578)
(-0.151817,  0.256988,  -0.484413),  (0.082269,  0.976017)
(0.113767,  0.256988,  -0.484413),  (0.105343,  0.976017)
(-0.151817,  2.494133,  -0.484413),  (0.082269,  0.700578)
(-0.151817,  2.494133,  -0.484413),  (0.082269,  0.700578)
(0.113767,  0.256988,  -0.484413),  (0.105343,  0.976017)
(0.113767,  2.494133,  -0.484413),  (0.105343,  0.700578)
(0.113767,  0.256988,  -0.484413),  (0.105343,  0.976017)
(0.246558,  0.256988,  -0.419685),  (0.126815,  0.976087)
(0.113767,  2.494133,  -0.484413),  (0.105343,  0.700578)
(0.113767,  2.494133,  -0.484413),  (0.105343,  0.700578)
(0.246558,  0.256988,  -0.419685),  (0.126815,  0.976087)
(0.246558,  2.494133,  -0.419685),  (0.126815,  0.700549)
(0.246558,  0.256988,  -0.419685),  (0.126815,  0.976087)
(0.113767,  0.256988,  -0.354957),  (0.148288,  0.976087)
(0.246558,  2.494133,  -0.419685),  (0.126815,  0.700549)
(0.246558,  2.494133,  -0.419685),  (0.126815,  0.700549)
(0.113767,  0.256988,  -0.354957),  (0.148288,  0.976087)
(0.113767,  2.494133,  -0.354957),  (0.148288,  0.700549)
(-0.151817,  0.256988,  -0.354957),  (0.077989,  0.653170)
(0.113767,  0.256988,  -0.354957),  (0.077989,  0.674901)
(-0.019025,  0.256988,  -0.419685),  (0.096808,  0.664036)
(-0.284609,  0.256988,  -0.419685),  (0.096808,  0.642305)
(-0.151817,  0.256988,  -0.354957),  (0.077989,  0.653170)
(-0.019025,  0.256988,  -0.419685),  (0.096808,  0.664036)
(-0.151817,  0.256988,  -0.484413),  (0.115628,  0.653170)
(-0.284609,  0.256988,  -0.419685),  (0.096808,  0.642305)
(-0.019025,  0.256988,  -0.419685),  (0.096808,  0.664036)
(0.113767,  0.256988,  -0.484413),  (0.115628,  0.674901)
(-0.151817,  0.256988,  -0.484413),  (0.115628,  0.653170)
(-0.019025,  0.256988,  -0.419685),  (0.096808,  0.664036)
(0.246558,  0.256988,  -0.419685),  (0.096808,  0.685767)
(0.113767,  0.256988,  -0.484413),  (0.115628,  0.674901)
(-0.019025,  0.256988,  -0.419685),  (0.096808,  0.664036)
(0.113767,  0.256988,  -0.354957),  (0.077989,  0.674901)
(0.246558,  0.256988,  -0.419685),  (0.096808,  0.685767)
(-0.019025,  0.256988,  -0.419685),  (0.096808,  0.664036)
(0.113767,  2.494133,  -0.354957),  (0.060514,  0.676565)
(-0.151817,  2.494133,  -0.354957),  (0.060514,  0.654834)
(-0.019025,  2.494133,  -0.419685),  (0.041695,  0.665700)
(-0.151817,  2.494133,  -0.354957),  (0.060514,  0.654834)
(-0.284609,  2.494133,  -0.419685),  (0.041695,  0.643969)
(-0.019025,  2.494133,  -0.419685),  (0.041695,  0.665700)
(-0.284609,  2.494133,  -0.419685),  (0.041695,  0.643969)
(-0.151817,  2.494133,  -0.484413),  (0.022875,  0.654834)
(-0.019025,  2.494133,  -0.419685),  (0.041695,  0.665700)
(-0.151817,  2.494133,  -0.484413),  (0.022875,  0.654834)
(0.113767,  2.494133,  -0.484413),  (0.022875,  0.676565)
(-0.019025,  2.494133,  -0.419685),  (0.041695,  0.665700)
(0.113767,  2.494133,  -0.484413),  (0.022875,  0.676565)
(0.246558,  2.494133,  -0.419685),  (0.041695,  0.687431)
(-0.019025,  2.494133,  -0.419685),  (0.041695,  0.665700)
(0.246558,  2.494133,  -0.419685),  (0.041695,  0.687431)
(0.113767,  2.494133,  -0.354957),  (0.060514,  0.676565)
(-0.019025,  2.494133,  -0.419685),  (0.041695,  0.665700)
(0.239563,  2.437422,  -0.502195),  (0.193572,  0.341305)
(-0.019025,  2.363584,  -0.502195),  (0.215584,  0.341305)
(0.239563,  2.437422,  -0.246173),  (0.193569,  0.263861)
(0.239563,  2.437422,  -0.246173),  (0.193569,  0.263861)
(-0.019025,  2.363584,  -0.502195),  (0.215584,  0.341305)
(-0.019025,  2.363584,  -0.246173),  (0.215582,  0.263860)
(-0.019025,  2.363584,  -0.502195),  (0.039477,  0.341307)
(-0.277613,  2.437422,  -0.502195),  (0.061491,  0.341308)
(-0.019025,  2.363584,  -0.246173),  (0.039480,  0.263862)
(-0.019025,  2.363584,  -0.246173),  (0.039480,  0.263862)
(-0.277613,  2.437422,  -0.502195),  (0.061491,  0.341308)
(-0.277613,  2.437422,  -0.246173),  (0.061492,  0.263863)
(-0.277613,  2.437422,  -0.502195),  (0.061491,  0.341308)
(-0.384724,  2.615683,  -0.502195),  (0.083505,  0.341308)
(-0.277613,  2.437422,  -0.246173),  (0.061492,  0.263863)
(-0.277613,  2.437422,  -0.246173),  (0.061492,  0.263863)
(-0.384724,  2.615683,  -0.502195),  (0.083505,  0.341308)
(-0.384724,  2.615683,  -0.246173),  (0.083505,  0.263863)
(-0.384724,  2.615683,  -0.502195),  (0.083505,  0.341308)
(-0.277613,  2.793944,  -0.502195),  (0.105518,  0.341308)
(-0.384724,  2.615683,  -0.246173),  (0.083505,  0.263863)
(-0.384724,  2.615683,  -0.246173),  (0.083505,  0.263863)
(-0.277613,  2.793944,  -0.502195),  (0.105518,  0.341308)
(-0.277613,  2.793944,  -0.246173),  (0.105517,  0.263863)
(-0.277613,  2.793944,  -0.502195),  (0.105518,  0.341308)
(-0.019025,  2.867782,  -0.502195),  (0.127532,  0.341307)
(-0.277613,  2.793944,  -0.246173),  (0.105517,  0.263863)
(-0.277613,  2.793944,  -0.246173),  (0.105517,  0.263863)
(-0.019025,  2.867782,  -0.502195),  (0.127532,  0.341307)
(-0.019025,  2.867782,  -0.246173),  (0.127530,  0.263862)
(-0.019025,  2.867782,  -0.502195),  (0.127532,  0.341307)
(0.239563,  2.793944,  -0.502195),  (0.149545,  0.341307)
(-0.019025,  2.867782,  -0.246173),  (0.127530,  0.263862)
(-0.019025,  2.867782,  -0.246173),  (0.127530,  0.263862)
(0.239563,  2.793944,  -0.502195),  (0.149545,  0.341307)
(0.239563,  2.793944,  -0.246173),  (0.149543,  0.263862)
(0.239563,  2.793944,  -0.502195),  (0.149545,  0.341307)
(0.346673,  2.615683,  -0.502195),  (0.171558,  0.341306)
(0.239563,  2.793944,  -0.246173),  (0.149543,  0.263862)
(0.239563,  2.793944,  -0.246173),  (0.149543,  0.263862)
(0.346673,  2.615683,  -0.502195),  (0.171558,  0.341306)
(0.346673,  2.615683,  -0.246173),  (0.171556,  0.263861)
(0.346673,  2.615683,  -0.502195),  (0.171558,  0.341306)
(0.239563,  2.437422,  -0.502195),  (0.193572,  0.341305)
(0.346673,  2.615683,  -0.246173),  (0.171556,  0.263861)
(0.346673,  2.615683,  -0.246173),  (0.171556,  0.263861)
(0.239563,  2.437422,  -0.502195),  (0.193572,  0.341305)
(0.239563,  2.437422,  -0.246173),  (0.193569,  0.263861)
(0.142248,  2.726859,  -0.530068),  (0.143241,  0.378826)
(-0.019025,  2.772910,  -0.530068),  (0.131979,  0.374161)
(0.209050,  2.615683,  -0.530068),  (0.147906,  0.390087)
(-0.180298,  2.726859,  -0.530068),  (0.120717,  0.378826)
(-0.247101,  2.615683,  -0.530068),  (0.116053,  0.390087)
(-0.019025,  2.772910,  -0.530068),  (0.131979,  0.374161)
(-0.180298,  2.504507,  -0.530068),  (0.120717,  0.401349)
(-0.019025,  2.458456,  -0.530068),  (0.131979,  0.406014)
(-0.247101,  2.615683,  -0.530068),  (0.116053,  0.390087)
(0.142248,  2.504507,  -0.530068),  (0.143241,  0.401349)
(0.209050,  2.615683,  -0.530068),  (0.147906,  0.390087)
(-0.019025,  2.458456,  -0.530068),  (0.131979,  0.406014)
(-0.019025,  2.772910,  -0.530068),  (0.131979,  0.374161)
(-0.247101,  2.615683,  -0.530068),  (0.116053,  0.390087)
(0.209050,  2.615683,  -0.530068),  (0.147906,  0.390087)
(-0.247101,  2.615683,  -0.530068),  (0.116053,  0.390087)
(-0.019025,  2.458456,  -0.530068),  (0.131979,  0.406014)
(0.209050,  2.615683,  -0.530068),  (0.147906,  0.390087)
(0.239563,  2.437422,  -0.246173),  (0.080320,  0.370834)
(-0.019025,  2.363584,  -0.246173),  (0.059161,  0.362070)
(-0.019025,  2.615683,  -0.246173),  (0.059161,  0.391992)
(-0.019025,  2.363584,  -0.246173),  (0.059161,  0.362070)
(-0.277613,  2.437422,  -0.246173),  (0.038002,  0.370834)
(-0.019025,  2.615683,  -0.246173),  (0.059161,  0.391992)
(-0.277613,  2.437422,  -0.246173),  (0.038002,  0.370834)
(-0.384724,  2.615683,  -0.246173),  (0.029238,  0.391992)
(-0.019025,  2.615683,  -0.246173),  (0.059161,  0.391992)
(-0.384724,  2.615683,  -0.246173),  (0.029238,  0.391992)
(-0.277613,  2.793944,  -0.246173),  (0.038002,  0.413151)
(-0.019025,  2.615683,  -0.246173),  (0.059161,  0.391992)
(-0.277613,  2.793944,  -0.246173),  (0.038002,  0.413151)
(-0.019025,  2.867782,  -0.246173),  (0.059161,  0.421915)
(-0.019025,  2.615683,  -0.246173),  (0.059161,  0.391992)
(-0.019025,  2.867782,  -0.246173),  (0.059161,  0.421915)
(0.239563,  2.793944,  -0.246173),  (0.080320,  0.413151)
(-0.019025,  2.615683,  -0.246173),  (0.059161,  0.391992)
(0.239563,  2.793944,  -0.246173),  (0.080320,  0.413151)
(0.346673,  2.615683,  -0.246173),  (0.089084,  0.391992)
(-0.019025,  2.615683,  -0.246173),  (0.059161,  0.391992)
(0.346673,  2.615683,  -0.246173),  (0.089084,  0.391992)
(0.239563,  2.437422,  -0.246173),  (0.080320,  0.370834)
(-0.019025,  2.615683,  -0.246173),  (0.059161,  0.391992)
(0.115549,  2.454999,  -0.252021),  (0.961549,  0.749975)
(-0.153601,  2.454999,  -0.252021),  (0.983572,  0.749962)
(0.115549,  2.454999,  0.020667),  (0.961547,  0.667733)
(0.115549,  2.454999,  0.020667),  (0.961547,  0.667733)
(-0.153601,  2.454999,  -0.252021),  (0.983572,  0.749962)
(-0.153601,  2.454999,  0.020667),  (0.983570,  0.667883)
(-0.153601,  2.454999,  -0.252021),  (0.857547,  0.749987)
(-0.288173,  2.615683,  -0.252021),  (0.878042,  0.749987)
(-0.153601,  2.454999,  0.020667),  (0.857547,  0.667584)
(-0.153601,  2.454999,  0.020667),  (0.857547,  0.667584)
(-0.288173,  2.615683,  -0.252021),  (0.878042,  0.749987)
(-0.288173,  2.615683,  0.020667),  (0.878042,  0.667584)
(-0.288173,  2.615683,  -0.252021),  (0.878042,  0.749987)
(-0.153601,  2.776366,  -0.252021),  (0.898537,  0.749974)
(-0.288173,  2.615683,  0.020667),  (0.878042,  0.667584)
(-0.288173,  2.615683,  0.020667),  (0.878042,  0.667584)
(-0.153601,  2.776366,  -0.252021),  (0.898537,  0.749974)
(-0.153601,  2.776366,  0.020667),  (0.898536,  0.667734)
(-0.153601,  2.776366,  -0.252021),  (0.898537,  0.749974)
(0.115549,  2.776366,  -0.252021),  (0.920560,  0.749974)
(-0.153601,  2.776366,  0.020667),  (0.898536,  0.667734)
(-0.153601,  2.776366,  0.020667),  (0.898536,  0.667734)
(0.115549,  2.776366,  -0.252021),  (0.920560,  0.749974)
(0.115549,  2.776366,  0.020667),  (0.920558,  0.667733)
(0.115549,  2.776366,  -0.252021),  (0.920560,  0.749974)
(0.250123,  2.615683,  -0.252021),  (0.941055,  0.749987)
(0.115549,  2.776366,  0.020667),  (0.920558,  0.667733)
(0.115549,  2.776366,  0.020667),  (0.920558,  0.667733)
(0.250123,  2.615683,  -0.252021),  (0.941055,  0.749987)
(0.250123,  2.615683,  0.020667),  (0.941053,  0.667584)
(0.250123,  2.615683,  -0.252021),  (0.941055,  0.749987)
(0.115549,  2.454999,  -0.252021),  (0.961549,  0.749975)
(0.250123,  2.615683,  0.020667),  (0.941053,  0.667584)
(0.250123,  2.615683,  0.020667),  (0.941053,  0.667584)
(0.115549,  2.454999,  -0.252021),  (0.961549,  0.749975)
(0.115549,  2.454999,  0.020667),  (0.961547,  0.667733)
(-0.153601,  2.454999,  -0.252021),  (0.894111,  0.619992)
(0.115549,  2.454999,  -0.252021),  (0.894111,  0.642015)
(-0.019025,  2.615683,  -0.252021),  (0.913184,  0.631003)
(-0.288173,  2.615683,  -0.252021),  (0.913184,  0.608980)
(-0.153601,  2.454999,  -0.252021),  (0.894111,  0.619992)
(-0.019025,  2.615683,  -0.252021),  (0.913184,  0.631003)
(-0.153601,  2.776366,  -0.252021),  (0.932256,  0.619992)
(-0.288173,  2.615683,  -0.252021),  (0.913184,  0.608980)
(-0.019025,  2.615683,  -0.252021),  (0.913184,  0.631003)
(0.115549,  2.776366,  -0.252021),  (0.932256,  0.642015)
(-0.153601,  2.776366,  -0.252021),  (0.932256,  0.619992)
(-0.019025,  2.615683,  -0.252021),  (0.913184,  0.631003)
(0.250123,  2.615683,  -0.252021),  (0.913184,  0.653026)
(0.115549,  2.776366,  -0.252021),  (0.932256,  0.642015)
(-0.019025,  2.615683,  -0.252021),  (0.913184,  0.631003)
(0.115549,  2.454999,  -0.252021),  (0.894111,  0.642015)
(0.250123,  2.615683,  -0.252021),  (0.913184,  0.653026)
(-0.019025,  2.615683,  -0.252021),  (0.913184,  0.631003)
(0.115549,  2.454999,  0.020667),  (0.986543,  0.644012)
(-0.153601,  2.454999,  0.020667),  (0.986543,  0.621989)
(-0.019025,  2.615683,  0.020667),  (0.967471,  0.633001)
(-0.153601,  2.454999,  0.020667),  (0.986543,  0.621989)
(-0.288173,  2.615683,  0.020667),  (0.967471,  0.610978)
(-0.019025,  2.615683,  0.020667),  (0.967471,  0.633001)
(-0.288173,  2.615683,  0.020667),  (0.967471,  0.610978)
(-0.153601,  2.776366,  0.020667),  (0.948398,  0.621989)
(-0.019025,  2.615683,  0.020667),  (0.967471,  0.633001)
(-0.153601,  2.776366,  0.020667),  (0.948398,  0.621989)
(0.115549,  2.776366,  0.020667),  (0.948398,  0.644012)
(-0.019025,  2.615683,  0.020667),  (0.967471,  0.633001)
(0.115549,  2.776366,  0.020667),  (0.948398,  0.644012)
(0.250123,  2.615683,  0.020667),  (0.967471,  0.655024)
(-0.019025,  2.615683,  0.020667),  (0.967471,  0.633001)
(0.250123,  2.615683,  0.020667),  (0.967471,  0.655024)
(0.115549,  2.454999,  0.020667),  (0.986543,  0.644012)
(-0.019025,  2.615683,  0.020667),  (0.967471,  0.633001)
(0.280228,  0.238422,  -0.358497),  (0.231147,  0.756838)
(0.095281,  0.238422,  -0.320682),  (0.248330,  0.755711)
(0.244763,  0.350064,  -0.365749),  (0.230880,  0.743682)
(0.244763,  0.350064,  -0.365749),  (0.230880,  0.743682)
(0.095281,  0.238422,  -0.320682),  (0.248330,  0.755711)
(0.081732,  0.350064,  -0.332415),  (0.247327,  0.742767)
(0.095281,  0.238422,  -0.320682),  (0.248330,  0.755711)
(-0.133330,  0.238422,  -0.320682),  (0.265062,  0.753941)
(0.081732,  0.350064,  -0.332415),  (0.247327,  0.742767)
(0.081732,  0.350064,  -0.332415),  (0.247327,  0.742767)
(-0.133330,  0.238422,  -0.320682),  (0.265062,  0.753941)
(-0.119783,  0.350064,  -0.332415),  (0.263685,  0.741193)
(-0.133330,  0.238422,  -0.320682),  (0.265062,  0.753941)
(-0.318279,  0.238422,  -0.358497),  (0.281750,  0.751807)
(-0.119783,  0.350064,  -0.332415),  (0.263685,  0.741193)
(-0.119783,  0.350064,  -0.332415),  (0.263685,  0.741193)
(-0.318279,  0.238422,  -0.358497),  (0.281750,  0.751807)
(-0.282812,  0.350064,  -0.365749),  (0.279841,  0.739120)
(-0.318279,  0.238422,  -0.358497),  (0.281750,  0.751807)
(-0.388923,  0.238422,  -0.419685),  (0.298599,  0.748748)
(-0.282812,  0.350064,  -0.365749),  (0.279841,  0.739120)
(-0.282812,  0.350064,  -0.365749),  (0.279841,  0.739120)
(-0.388923,  0.238422,  -0.419685),  (0.298599,  0.748748)
(-0.345083,  0.350064,  -0.419685),  (0.295560,  0.736077)
(-0.388923,  0.238422,  -0.419685),  (0.298599,  0.748748)
(-0.318279,  0.238422,  -0.480872),  (0.315497,  0.743756)
(-0.345083,  0.350064,  -0.419685),  (0.295560,  0.736077)
(-0.345083,  0.350064,  -0.419685),  (0.295560,  0.736077)
(-0.318279,  0.238422,  -0.480872),  (0.315497,  0.743756)
(-0.282812,  0.350064,  -0.473620),  (0.310792,  0.731596)
(-0.318279,  0.238422,  -0.480872),  (0.315497,  0.743756)
(-0.133330,  0.238422,  -0.518688),  (0.331554,  0.736164)
(-0.282812,  0.350064,  -0.473620),  (0.310792,  0.731596)
(-0.282812,  0.350064,  -0.473620),  (0.310792,  0.731596)
(-0.133330,  0.238422,  -0.518688),  (0.331554,  0.736164)
(-0.119783,  0.350064,  -0.506954),  (0.324899,  0.724983)
(-0.133330,  0.238422,  -0.518688),  (0.163646,  0.735960)
(0.095281,  0.238422,  -0.518688),  (0.179027,  0.745230)
(-0.119783,  0.350064,  -0.506954),  (0.171339,  0.725258)
(-0.119783,  0.350064,  -0.506954),  (0.171339,  0.725258)
(0.095281,  0.238422,  -0.518688),  (0.179027,  0.745230)
(0.081732,  0.350064,  -0.506954),  (0.184896,  0.733429)
(0.095281,  0.238422,  -0.518688),  (0.179027,  0.745230)
(0.280228,  0.238422,  -0.480872),  (0.195699,  0.751903)
(0.081732,  0.350064,  -0.506954),  (0.184896,  0.733429)
(0.081732,  0.350064,  -0.506954),  (0.184896,  0.733429)
(0.280228,  0.238422,  -0.480872),  (0.195699,  0.751903)
(0.244763,  0.350064,  -0.473620),  (0.199593,  0.739311)
(0.280228,  0.238422,  -0.480872),  (0.195699,  0.751903)
(0.350874,  0.238422,  -0.419685),  (0.213229,  0.755805)
(0.244763,  0.350064,  -0.473620),  (0.199593,  0.739311)
(0.244763,  0.350064,  -0.473620),  (0.199593,  0.739311)
(0.350874,  0.238422,  -0.419685),  (0.213229,  0.755805)
(0.307034,  0.350064,  -0.419685),  (0.215044,  0.742751)
(0.350874,  0.238422,  -0.419685),  (0.213229,  0.755805)
(0.280228,  0.238422,  -0.358497),  (0.231147,  0.756838)
(0.307034,  0.350064,  -0.419685),  (0.215044,  0.742751)
(0.307034,  0.350064,  -0.419685),  (0.215044,  0.742751)
(0.280228,  0.238422,  -0.358497),  (0.231147,  0.756838)
(0.244763,  0.350064,  -0.365749),  (0.230880,  0.743682)
(0.244763,  0.350064,  -0.365749),  (0.214864,  0.715775)
(0.081732,  0.350064,  -0.332415),  (0.224556,  0.702435)
(-0.019025,  0.350064,  -0.419685),  (0.199183,  0.694191)
(0.081732,  0.350064,  -0.332415),  (0.224556,  0.702435)
(-0.119783,  0.350064,  -0.332415),  (0.224556,  0.685946)
(-0.019025,  0.350064,  -0.419685),  (0.199183,  0.694191)
(-0.119783,  0.350064,  -0.332415),  (0.224556,  0.685946)
(-0.282812,  0.350064,  -0.365749),  (0.214864,  0.672607)
(-0.019025,  0.350064,  -0.419685),  (0.199183,  0.694191)
(-0.282812,  0.350064,  -0.365749),  (0.214864,  0.672607)
(-0.345083,  0.350064,  -0.419685),  (0.199183,  0.667511)
(-0.019025,  0.350064,  -0.419685),  (0.199183,  0.694191)
(-0.345083,  0.350064,  -0.419685),  (0.199183,  0.667511)
(-0.282812,  0.350064,  -0.473620),  (0.183501,  0.672607)
(-0.019025,  0.350064,  -0.419685),  (0.199183,  0.694191)
(-0.282812,  0.350064,  -0.473620),  (0.183501,  0.672607)
(-0.119783,  0.350064,  -0.506954),  (0.173809,  0.685946)
(-0.019025,  0.350064,  -0.419685),  (0.199183,  0.694191)
(-0.119783,  0.350064,  -0.506954),  (0.173809,  0.685946)
(0.081732,  0.350064,  -0.506954),  (0.173809,  0.702435)
(-0.019025,  0.350064,  -0.419685),  (0.199183,  0.694191)
(0.081732,  0.350064,  -0.506954),  (0.173809,  0.702435)
(0.244763,  0.350064,  -0.473620),  (0.183501,  0.715775)
(-0.019025,  0.350064,  -0.419685),  (0.199183,  0.694191)
(0.244763,  0.350064,  -0.473620),  (0.183501,  0.715775)
(0.307034,  0.350064,  -0.419685),  (0.199183,  0.720870)
(-0.019025,  0.350064,  -0.419685),  (0.199183,  0.694191)
(0.307034,  0.350064,  -0.419685),  (0.199183,  0.720870)
(0.244763,  0.350064,  -0.365749),  (0.214864,  0.715775)
(-0.019025,  0.350064,  -0.419685),  (0.199183,  0.694191)
(1.834671,  2.639848,  0.004892),  (0.533798,  0.836127)
(1.834671,  2.591517,  0.004892),  (0.533799,  0.829794)
(-1.840843,  2.639848,  0.004892),  (0.198384,  0.836127)
(-1.840843,  2.639848,  0.004892),  (0.198384,  0.836127)
(1.834671,  2.591517,  0.004892),  (0.533799,  0.829794)
(-1.840843,  2.591517,  0.004892),  (0.198384,  0.829794)
(-1.840843,  2.639848,  0.004892),  (0.192051,  0.829793)
(-1.840843,  2.591517,  0.004892),  (0.198384,  0.829794)
(-1.859760,  2.639848,  -0.015475),  (0.192052,  0.823257)
(-1.859760,  2.639848,  -0.015475),  (0.192052,  0.823257)
(-1.840843,  2.591517,  0.004892),  (0.198384,  0.829794)
(-1.859758,  2.591517,  -0.015475),  (0.198384,  0.823257)
(-1.859760,  2.639848,  -0.015475),  (0.198384,  0.816924)
(-1.859758,  2.591517,  -0.015475),  (0.198384,  0.823257)
(1.853585,  2.639848,  -0.015475),  (0.533798,  0.816924)
(1.853585,  2.639848,  -0.015475),  (0.533798,  0.816924)
(-1.859758,  2.591517,  -0.015475),  (0.198384,  0.823257)
(1.853585,  2.591517,  -0.015475),  (0.533798,  0.823257)
(1.853585,  2.639848,  -0.015475),  (0.540130,  0.823256)
(1.853585,  2.591517,  -0.015475),  (0.533798,  0.823257)
(1.834671,  2.639848,  0.004892),  (0.540131,  0.829792)
(1.834671,  2.639848,  0.004892),  (0.540131,  0.829792)
(1.853585,  2.591517,  -0.015475),  (0.533798,  0.823257)
(1.834671,  2.591517,  0.004892),  (0.533799,  0.829794)
(1.834671,  2.591517,  0.004892),  (0.533799,  0.829794)
(1.853585,  2.591517,  -0.015475),  (0.533798,  0.823257)
(-1.840843,  2.591517,  0.004892),  (0.198384,  0.829794)
(-1.840843,  2.591517,  0.004892),  (0.198384,  0.829794)
(1.853585,  2.591517,  -0.015475),  (0.533798,  0.823257)
(-1.859758,  2.591517,  -0.015475),  (0.198384,  0.823257)
(1.853585,  2.639848,  -0.015475),  (0.533798,  0.816924)
(1.834671,  2.639848,  0.004892),  (0.533798,  0.810387)
(-1.859760,  2.639848,  -0.015475),  (0.198384,  0.816924)
(-1.859760,  2.639848,  -0.015475),  (0.198384,  0.816924)
(1.834671,  2.639848,  0.004892),  (0.533798,  0.810387)
(-1.840843,  2.639848,  0.004892),  (0.198384,  0.810387)
(-0.028827,  3.950204,  0.004892),  (0.542030,  0.862775)
(0.041283,  3.950204,  0.004892),  (0.542027,  0.856442)
(-0.028827,  1.281162,  0.004892),  (0.192308,  0.862775)
(-0.028827,  1.281162,  0.004892),  (0.192308,  0.862775)
(0.041283,  3.950204,  0.004892),  (0.542027,  0.856442)
(0.041283,  1.281162,  0.004892),  (0.192305,  0.856442)
(-0.028827,  1.281162,  0.004892),  (0.192308,  0.862775)
(0.041283,  1.281162,  0.004892),  (0.185978,  0.862766)
(-0.028827,  1.281162,  -0.015475),  (0.192303,  0.869312)
(-0.028827,  1.281162,  -0.015475),  (0.192303,  0.869312)
(0.041283,  1.281162,  0.004892),  (0.185978,  0.862766)
(0.041283,  1.281162,  -0.015475),  (0.185968,  0.869302)
(-0.028827,  1.281162,  -0.015475),  (0.192303,  0.869312)
(0.041283,  1.281162,  -0.015475),  (0.192305,  0.875645)
(-0.028827,  3.950204,  -0.015475),  (0.542024,  0.869312)
(-0.028827,  3.950204,  -0.015475),  (0.542024,  0.869312)
(0.041283,  1.281162,  -0.015475),  (0.192305,  0.875645)
(0.041283,  3.950204,  -0.015475),  (0.542027,  0.875645)
(-0.028827,  3.950204,  -0.015475),  (0.542024,  0.869312)
(0.041283,  3.950204,  -0.015475),  (0.548353,  0.869323)
(-0.028827,  3.950204,  0.004892),  (0.542030,  0.862775)
(-0.028827,  3.950204,  0.004892),  (0.542030,  0.862775)
(0.041283,  3.950204,  -0.015475),  (0.548353,  0.869323)
(0.041283,  3.950204,  0.004892),  (0.548365,  0.862787)
(0.041283,  3.950204,  0.004892),  (0.542027,  0.882182)
(0.041283,  3.950204,  -0.015475),  (0.542027,  0.875645)
(0.041283,  1.281162,  0.004892),  (0.192305,  0.882182)
(0.041283,  1.281162,  0.004892),  (0.192305,  0.882182)
(0.041283,  3.950204,  -0.015475),  (0.542027,  0.875645)
(0.041283,  1.281162,  -0.015475),  (0.192305,  0.875645)
(-0.028827,  3.950204,  -0.015475),  (0.542024,  0.869312)
(-0.028827,  3.950204,  0.004892),  (0.542030,  0.862775)
(-0.028827,  1.281162,  -0.015475),  (0.192303,  0.869312)
(-0.028827,  1.281162,  -0.015475),  (0.192303,  0.869312)
(-0.028827,  3.950204,  0.004892),  (0.542030,  0.862775)
(-0.028827,  1.281162,  0.004892),  (0.192308,  0.862775)
(0.346673,  2.615683,  -0.502195),  (0.163832,  0.390087)
(0.239563,  2.793944,  -0.502195),  (0.154503,  0.367564)
(0.209050,  2.615683,  -0.530068),  (0.147906,  0.390087)
(0.209050,  2.615683,  -0.530068),  (0.147906,  0.390087)
(0.239563,  2.793944,  -0.502195),  (0.154503,  0.367564)
(0.142248,  2.726859,  -0.530068),  (0.143241,  0.378826)
(0.239563,  2.793944,  -0.502195),  (0.154503,  0.367564)
(-0.019025,  2.867782,  -0.502195),  (0.131979,  0.358234)
(0.142248,  2.726859,  -0.530068),  (0.143241,  0.378826)
(0.142248,  2.726859,  -0.530068),  (0.143241,  0.378826)
(-0.019025,  2.867782,  -0.502195),  (0.131979,  0.358234)
(-0.019025,  2.772910,  -0.530068),  (0.131979,  0.374161)
(-0.019025,  2.867782,  -0.502195),  (0.131979,  0.358234)
(-0.277613,  2.793944,  -0.502195),  (0.109456,  0.367564)
(-0.019025,  2.772910,  -0.530068),  (0.131979,  0.374161)
(-0.019025,  2.772910,  -0.530068),  (0.131979,  0.374161)
(-0.277613,  2.793944,  -0.502195),  (0.109456,  0.367564)
(-0.180298,  2.726859,  -0.530068),  (0.120717,  0.378826)
(-0.277613,  2.793944,  -0.502195),  (0.109456,  0.367564)
(-0.384724,  2.615683,  -0.502195),  (0.100126,  0.390087)
(-0.180298,  2.726859,  -0.530068),  (0.120717,  0.378826)
(-0.180298,  2.726859,  -0.530068),  (0.120717,  0.378826)
(-0.384724,  2.615683,  -0.502195),  (0.100126,  0.390087)
(-0.247101,  2.615683,  -0.530068),  (0.116053,  0.390087)
(-0.384724,  2.615683,  -0.502195),  (0.100126,  0.390087)
(-0.277613,  2.437422,  -0.502195),  (0.109456,  0.412611)
(-0.247101,  2.615683,  -0.530068),  (0.116053,  0.390087)
(-0.247101,  2.615683,  -0.530068),  (0.116053,  0.390087)
(-0.277613,  2.437422,  -0.502195),  (0.109456,  0.412611)
(-0.180298,  2.504507,  -0.530068),  (0.120717,  0.401349)
(-0.277613,  2.437422,  -0.502195),  (0.109456,  0.412611)
(-0.019025,  2.363584,  -0.502195),  (0.131979,  0.421940)
(-0.180298,  2.504507,  -0.530068),  (0.120717,  0.401349)
(-0.180298,  2.504507,  -0.530068),  (0.120717,  0.401349)
(-0.019025,  2.363584,  -0.502195),  (0.131979,  0.421940)
(-0.019025,  2.458456,  -0.530068),  (0.131979,  0.406014)
(-0.019025,  2.363584,  -0.502195),  (0.131979,  0.421940)
(0.239563,  2.437422,  -0.502195),  (0.154503,  0.412611)
(-0.019025,  2.458456,  -0.530068),  (0.131979,  0.406014)
(-0.019025,  2.458456,  -0.530068),  (0.131979,  0.406014)
(0.239563,  2.437422,  -0.502195),  (0.154503,  0.412611)
(0.142248,  2.504507,  -0.530068),  (0.143241,  0.401349)
(0.239563,  2.437422,  -0.502195),  (0.154503,  0.412611)
(0.346673,  2.615683,  -0.502195),  (0.163832,  0.390087)
(0.142248,  2.504507,  -0.530068),  (0.143241,  0.401349)
(0.142248,  2.504507,  -0.530068),  (0.143241,  0.401349)
(0.346673,  2.615683,  -0.502195),  (0.163832,  0.390087)
(0.209050,  2.615683,  -0.530068),  (0.147906,  0.390087)
(0.264896,  2.419957,  0.227772),  (0.177246,  0.107844)
(-0.019027,  2.338884,  0.227772),  (0.196371,  0.116012)
(0.418623,  2.313982,  0.301221),  (0.183433,  0.088633)
(0.418623,  2.313982,  0.301221),  (0.183433,  0.088633)
(-0.019027,  2.338884,  0.227772),  (0.196371,  0.116012)
(-0.019027,  2.189013,  0.301221),  (0.207311,  0.098354)
(-0.019027,  2.338884,  0.227772),  (0.196371,  0.116012)
(-0.302950,  2.419957,  0.227772),  (0.213759,  0.128589)
(-0.019027,  2.189013,  0.301221),  (0.207311,  0.098354)
(-0.019027,  2.189013,  0.301221),  (0.207311,  0.098354)
(-0.302950,  2.419957,  0.227772),  (0.213759,  0.128589)
(-0.456677,  2.313982,  0.301221),  (0.232698,  0.113464)
(-0.302950,  2.419957,  0.227772),  (0.060674,  0.127780)
(-0.420554,  2.615683,  0.227772),  (0.076555,  0.116068)
(-0.456677,  2.313982,  0.301221),  (0.042250,  0.114129)
(-0.456677,  2.313982,  0.301221),  (0.042250,  0.114129)
(-0.420554,  2.615683,  0.227772),  (0.076555,  0.116068)
(-0.637958,  2.615683,  0.301221),  (0.065062,  0.099344)
(-0.420554,  2.615683,  0.227772),  (0.076555,  0.116068)
(-0.302950,  2.811409,  0.227772),  (0.095447,  0.107789)
(-0.637958,  2.615683,  0.301221),  (0.065062,  0.099344)
(-0.637958,  2.615683,  0.301221),  (0.065062,  0.099344)
(-0.302950,  2.811409,  0.227772),  (0.095447,  0.107789)
(-0.456677,  2.917383,  0.301221),  (0.088318,  0.089280)
(-0.302950,  2.811409,  0.227772),  (0.095447,  0.107789)
(-0.019027,  2.892482,  0.227772),  (0.115627,  0.103047)
(-0.456677,  2.917383,  0.301221),  (0.088318,  0.089280)
(-0.456677,  2.917383,  0.301221),  (0.088318,  0.089280)
(-0.019027,  2.892482,  0.227772),  (0.115627,  0.103047)
(-0.019027,  3.042352,  0.301221),  (0.111802,  0.083812)
(-0.019027,  2.892482,  0.227772),  (0.115627,  0.103047)
(0.264896,  2.811409,  0.227772),  (0.136222,  0.101341)
(-0.019027,  3.042352,  0.301221),  (0.111802,  0.083812)
(-0.019027,  3.042352,  0.301221),  (0.111802,  0.083812)
(0.264896,  2.811409,  0.227772),  (0.136222,  0.101341)
(0.418623,  2.917383,  0.301221),  (0.135648,  0.081414)
(0.264896,  2.811409,  0.227772),  (0.136222,  0.101341)
(0.382501,  2.615683,  0.227772),  (0.156750,  0.103258)
(0.418623,  2.917383,  0.301221),  (0.135648,  0.081414)
(0.418623,  2.917383,  0.301221),  (0.135648,  0.081414)
(0.382501,  2.615683,  0.227772),  (0.156750,  0.103258)
(0.599905,  2.615683,  0.301221),  (0.159296,  0.083654)
(0.382501,  2.615683,  0.227772),  (0.156750,  0.103258)
(0.264896,  2.419957,  0.227772),  (0.177246,  0.107844)
(0.599905,  2.615683,  0.301221),  (0.159296,  0.083654)
(0.599905,  2.615683,  0.301221),  (0.159296,  0.083654)
(0.264896,  2.419957,  0.227772),  (0.177246,  0.107844)
(0.418623,  2.313982,  0.301221),  (0.183433,  0.088633)
(0.418623,  2.313982,  0.301221),  (0.183433,  0.088633)
(-0.019027,  2.189013,  0.301221),  (0.207311,  0.098354)
(0.486329,  2.267309,  0.401532),  (0.189216,  0.068598)
(0.486329,  2.267309,  0.401532),  (0.189216,  0.068598)
(-0.019027,  2.189013,  0.301221),  (0.207311,  0.098354)
(-0.019027,  2.123008,  0.401532),  (0.216190,  0.079318)
(-0.019027,  2.189013,  0.301221),  (0.207311,  0.098354)
(-0.456677,  2.313982,  0.301221),  (0.232698,  0.113464)
(-0.019027,  2.123008,  0.401532),  (0.216190,  0.079318)
(-0.019027,  2.123008,  0.401532),  (0.216190,  0.079318)
(-0.456677,  2.313982,  0.301221),  (0.232698,  0.113464)
(-0.524382,  2.267309,  0.401532),  (0.245946,  0.091529)
(-0.456677,  2.313982,  0.301221),  (0.042250,  0.114129)
(-0.637958,  2.615683,  0.301221),  (0.065062,  0.099344)
(-0.524382,  2.267309,  0.401532),  (0.027340,  0.093465)
(-0.524382,  2.267309,  0.401532),  (0.027340,  0.093465)
(-0.637958,  2.615683,  0.301221),  (0.065062,  0.099344)
(-0.733707,  2.615683,  0.401532),  (0.056110,  0.080498)
(-0.637958,  2.615683,  0.301221),  (0.065062,  0.099344)
(-0.456677,  2.917383,  0.301221),  (0.088318,  0.089280)
(-0.733707,  2.615683,  0.401532),  (0.056110,  0.080498)
(-0.733707,  2.615683,  0.401532),  (0.056110,  0.080498)
(-0.456677,  2.917383,  0.301221),  (0.088318,  0.089280)
(-0.524382,  2.964057,  0.401532),  (0.082315,  0.069337)
(-0.456677,  2.917383,  0.301221),  (0.088318,  0.089280)
(-0.019027,  3.042352,  0.301221),  (0.111802,  0.083812)
(-0.524382,  2.964057,  0.401532),  (0.082315,  0.069337)
(-0.524382,  2.964057,  0.401532),  (0.082315,  0.069337)
(-0.019027,  3.042352,  0.301221),  (0.111802,  0.083812)
(-0.019027,  3.108358,  0.401532),  (0.108801,  0.064129)
(-0.019027,  3.042352,  0.301221),  (0.111802,  0.083812)
(0.418623,  2.917383,  0.301221),  (0.135648,  0.081414)
(-0.019027,  3.108358,  0.401532),  (0.108801,  0.064129)
(-0.019027,  3.108358,  0.401532),  (0.108801,  0.064129)
(0.418623,  2.917383,  0.301221),  (0.135648,  0.081414)
(0.486329,  2.964057,  0.401532),  (0.135611,  0.060736)
(0.418623,  2.917383,  0.301221),  (0.135648,  0.081414)
(0.599905,  2.615683,  0.301221),  (0.159296,  0.083654)
(0.486329,  2.964057,  0.401532),  (0.135611,  0.060736)
(0.486329,  2.964057,  0.401532),  (0.135611,  0.060736)
(0.599905,  2.615683,  0.301221),  (0.159296,  0.083654)
(0.695654,  2.615683,  0.401532),  (0.162086,  0.063875)
(0.599905,  2.615683,  0.301221),  (0.159296,  0.083654)
(0.418623,  2.313982,  0.301221),  (0.183433,  0.088633)
(0.695654,  2.615683,  0.401532),  (0.162086,  0.063875)
(0.695654,  2.615683,  0.401532),  (0.162086,  0.063875)
(0.418623,  2.313982,  0.301221),  (0.183433,  0.088633)
(0.486329,  2.267309,  0.401532),  (0.189216,  0.068598)
(0.486329,  2.267309,  0.401532),  (0.189216,  0.068598)
(-0.019027,  2.123008,  0.401532),  (0.216190,  0.079318)
(0.418623,  2.313982,  0.501796),  (0.194285,  0.047068)
(0.418623,  2.313982,  0.501796),  (0.194285,  0.047068)
(-0.019027,  2.123008,  0.401532),  (0.216190,  0.079318)
(-0.019027,  2.189013,  0.501796),  (0.222540,  0.059606)
(-0.019027,  2.123008,  0.401532),  (0.216190,  0.079318)
(-0.524382,  2.267309,  0.401532),  (0.245946,  0.091529)
(-0.019027,  2.189013,  0.501796),  (0.222540,  0.059606)
(-0.019027,  2.189013,  0.501796),  (0.222540,  0.059606)
(-0.524382,  2.267309,  0.401532),  (0.245946,  0.091529)
(-0.456677,  2.313982,  0.501796),  (0.250336,  0.066965)
(-0.524382,  2.267309,  0.401532),  (0.027340,  0.093465)
(-0.733707,  2.615683,  0.401532),  (0.056110,  0.080498)
(-0.456677,  2.313982,  0.501796),  (0.021548,  0.068384)
(-0.456677,  2.313982,  0.501796),  (0.021548,  0.068384)
(-0.733707,  2.615683,  0.401532),  (0.056110,  0.080498)
(-0.637958,  2.615683,  0.501796),  (0.049657,  0.060588)
(-0.733707,  2.615683,  0.401532),  (0.056110,  0.080498)
(-0.524382,  2.964057,  0.401532),  (0.082315,  0.069337)
(-0.637958,  2.615683,  0.501796),  (0.049657,  0.060588)
(-0.637958,  2.615683,  0.501796),  (0.049657,  0.060588)
(-0.524382,  2.964057,  0.401532),  (0.082315,  0.069337)
(-0.456677,  2.917383,  0.501796),  (0.076230,  0.047859)
(-0.524382,  2.964057,  0.401532),  (0.082315,  0.069337)
(-0.019027,  3.108358,  0.401532),  (0.108801,  0.064129)
(-0.456677,  2.917383,  0.501796),  (0.076230,  0.047859)
(-0.456677,  2.917383,  0.501796),  (0.076230,  0.047859)
(-0.019027,  3.108358,  0.401532),  (0.108801,  0.064129)
(-0.019027,  3.042352,  0.501796),  (0.105956,  0.044494)
(-0.019027,  3.108358,  0.401532),  (0.108801,  0.064129)
(0.486329,  2.964057,  0.401532),  (0.135611,  0.060736)
(-0.019027,  3.042352,  0.501796),  (0.105956,  0.044494)
(-0.019027,  3.042352,  0.501796),  (0.105956,  0.044494)
(0.486329,  2.964057,  0.401532),  (0.135611,  0.060736)
(0.418623,  2.917383,  0.501796),  (0.134947,  0.038560)
(0.486329,  2.964057,  0.401532),  (0.135611,  0.060736)
(0.695654,  2.615683,  0.401532),  (0.162086,  0.063875)
(0.418623,  2.917383,  0.501796),  (0.134947,  0.038560)
(0.418623,  2.917383,  0.501796),  (0.134947,  0.038560)
(0.695654,  2.615683,  0.401532),  (0.162086,  0.063875)
(0.599905,  2.615683,  0.501796),  (0.164607,  0.044171)
(0.695654,  2.615683,  0.401532),  (0.162086,  0.063875)
(0.486329,  2.267309,  0.401532),  (0.189216,  0.068598)
(0.599905,  2.615683,  0.501796),  (0.164607,  0.044171)
(0.599905,  2.615683,  0.501796),  (0.164607,  0.044171)
(0.486329,  2.267309,  0.401532),  (0.189216,  0.068598)
(0.418623,  2.313982,  0.501796),  (0.194285,  0.047068)
(0.418623,  2.313982,  0.501796),  (0.194285,  0.047068)
(-0.019027,  2.189013,  0.501796),  (0.222540,  0.059606)
(0.233651,  2.441496,  0.575115),  (0.213371,  0.028853)
(0.233651,  2.441496,  0.575115),  (0.213371,  0.028853)
(-0.019027,  2.189013,  0.501796),  (0.222540,  0.059606)
(-0.019027,  2.369345,  0.575115),  (0.229892,  0.038517)
(-0.019027,  2.189013,  0.501796),  (0.222540,  0.059606)
(-0.456677,  2.313982,  0.501796),  (0.250336,  0.066965)
(-0.019027,  2.369345,  0.575115),  (0.229892,  0.038517)
(-0.019027,  2.369345,  0.575115),  (0.229892,  0.038517)
(-0.456677,  2.313982,  0.501796),  (0.250336,  0.066965)
(-0.271705,  2.441496,  0.575115),  (0.247643,  0.042402)
(-0.456677,  2.313982,  0.501796),  (0.021548,  0.068384)
(-0.637958,  2.615683,  0.501796),  (0.049657,  0.060588)
(-0.271705,  2.441496,  0.575115),  (0.024388,  0.043002)
(-0.271705,  2.441496,  0.575115),  (0.024388,  0.043002)
(-0.637958,  2.615683,  0.501796),  (0.049657,  0.060588)
(-0.376367,  2.615683,  0.575115),  (0.042483,  0.039950)
(-0.637958,  2.615683,  0.501796),  (0.049657,  0.060588)
(-0.456677,  2.917383,  0.501796),  (0.076230,  0.047859)
(-0.376367,  2.615683,  0.575115),  (0.042483,  0.039950)
(-0.376367,  2.615683,  0.575115),  (0.042483,  0.039950)
(-0.456677,  2.917383,  0.501796),  (0.076230,  0.047859)
(-0.271705,  2.789870,  0.575115),  (0.058720,  0.031349)
(-0.456677,  2.917383,  0.501796),  (0.076230,  0.047859)
(-0.019027,  3.042352,  0.501796),  (0.105956,  0.044494)
(-0.271705,  2.789870,  0.575115),  (0.083858,  0.023533)
(-0.271705,  2.789870,  0.575115),  (0.083858,  0.023533)
(-0.019027,  3.042352,  0.501796),  (0.105956,  0.044494)
(-0.019027,  2.862020,  0.575115),  (0.102696,  0.023584)
(-0.019027,  3.042352,  0.501796),  (0.105956,  0.044494)
(0.418623,  2.917383,  0.501796),  (0.134947,  0.038560)
(-0.019027,  2.862020,  0.575115),  (0.102696,  0.023584)
(-0.019027,  2.862020,  0.575115),  (0.102696,  0.023584)
(0.418623,  2.917383,  0.501796),  (0.134947,  0.038560)
(0.233651,  2.789870,  0.575115),  (0.120331,  0.018652)
(0.418623,  2.917383,  0.501796),  (0.134947,  0.038560)
(0.599905,  2.615683,  0.501796),  (0.164607,  0.044171)
(0.233651,  2.789870,  0.575115),  (0.149412,  0.017552)
(0.233651,  2.789870,  0.575115),  (0.149412,  0.017552)
(0.599905,  2.615683,  0.501796),  (0.164607,  0.044171)
(0.338313,  2.615683,  0.575115),  (0.167507,  0.023075)
(0.599905,  2.615683,  0.501796),  (0.164607,  0.044171)
(0.418623,  2.313982,  0.501796),  (0.194285,  0.047068)
(0.338313,  2.615683,  0.575115),  (0.167507,  0.023075)
(0.338313,  2.615683,  0.575115),  (0.167507,  0.023075)
(0.418623,  2.313982,  0.501796),  (0.194285,  0.047068)
(0.233651,  2.441496,  0.575115),  (0.186072,  0.023679)
(-0.019027,  2.397903,  0.151342),  (0.092784,  0.156150)
(0.204359,  2.461689,  0.151342),  (0.098667,  0.170353)
(-0.019027,  2.615683,  0.151343),  (0.112870,  0.156150)
(-0.242412,  2.461689,  0.151342),  (0.098667,  0.141948)
(-0.019027,  2.397903,  0.151342),  (0.092784,  0.156150)
(-0.019027,  2.615683,  0.151343),  (0.112870,  0.156150)
(-0.334941,  2.615683,  0.151342),  (0.112870,  0.136065)
(-0.242412,  2.461689,  0.151342),  (0.098667,  0.141948)
(-0.019027,  2.615683,  0.151343),  (0.112870,  0.156150)
(-0.242412,  2.769677,  0.151342),  (0.127073,  0.141948)
(-0.334941,  2.615683,  0.151342),  (0.112870,  0.136065)
(-0.019027,  2.615683,  0.151343),  (0.112870,  0.156150)
(-0.019027,  2.833463,  0.151342),  (0.132956,  0.156150)
(-0.242412,  2.769677,  0.151342),  (0.127073,  0.141948)
(-0.019027,  2.615683,  0.151343),  (0.112870,  0.156150)
(0.204359,  2.769677,  0.151342),  (0.127073,  0.170353)
(-0.019027,  2.833463,  0.151342),  (0.132956,  0.156150)
(-0.019027,  2.615683,  0.151343),  (0.112870,  0.156150)
(0.296887,  2.615683,  0.151342),  (0.112870,  0.176236)
(0.204359,  2.769677,  0.151342),  (0.127073,  0.170353)
(-0.019027,  2.615683,  0.151343),  (0.112870,  0.156150)
(0.204359,  2.461689,  0.151342),  (0.098667,  0.170353)
(0.296887,  2.615683,  0.151342),  (0.112870,  0.176236)
(-0.019027,  2.615683,  0.151343),  (0.112870,  0.156150)
(0.233651,  2.441496,  0.575115),  (0.176472,  0.142006)
(-0.019027,  2.369345,  0.575115),  (0.160406,  0.135352)
(-0.019027,  2.615683,  0.601808),  (0.160406,  0.158071)
(-0.019027,  2.369345,  0.575115),  (0.160406,  0.135352)
(-0.271705,  2.441496,  0.575115),  (0.144341,  0.142006)
(-0.019027,  2.615683,  0.601808),  (0.160406,  0.158071)
(-0.271705,  2.441496,  0.575115),  (0.144341,  0.142006)
(-0.376367,  2.615683,  0.575115),  (0.137687,  0.158071)
(-0.019027,  2.615683,  0.601808),  (0.160406,  0.158071)
(-0.376367,  2.615683,  0.575115),  (0.137687,  0.158071)
(-0.271705,  2.789870,  0.575115),  (0.144341,  0.174137)
(-0.019027,  2.615683,  0.601808),  (0.160406,  0.158071)
(-0.271705,  2.789870,  0.575115),  (0.144341,  0.174137)
(-0.019027,  2.862020,  0.575115),  (0.160406,  0.180791)
(-0.019027,  2.615683,  0.601808),  (0.160406,  0.158071)
(-0.019027,  2.862020,  0.575115),  (0.160406,  0.180791)
(0.233651,  2.789870,  0.575115),  (0.176472,  0.174137)
(-0.019027,  2.615683,  0.601808),  (0.160406,  0.158071)
(0.233651,  2.789870,  0.575115),  (0.176472,  0.174137)
(0.338313,  2.615683,  0.575115),  (0.183126,  0.158071)
(-0.019027,  2.615683,  0.601808),  (0.160406,  0.158071)
(0.338313,  2.615683,  0.575115),  (0.183126,  0.158071)
(0.233651,  2.441496,  0.575115),  (0.176472,  0.142006)
(-0.019027,  2.615683,  0.601808),  (0.160406,  0.158071)
(-0.019027,  2.338884,  0.227772),  (0.196371,  0.116012)
(0.264896,  2.419957,  0.227772),  (0.177246,  0.107844)
(-0.019027,  2.397903,  0.151342),  (0.186644,  0.131815)
(-0.019027,  2.397903,  0.151342),  (0.186644,  0.131815)
(0.264896,  2.419957,  0.227772),  (0.177246,  0.107844)
(0.204359,  2.461689,  0.151342),  (0.171013,  0.125320)
(-0.302950,  2.419957,  0.227772),  (0.213759,  0.128589)
(-0.019027,  2.338884,  0.227772),  (0.196371,  0.116012)
(-0.242412,  2.461689,  0.151342),  (0.199864,  0.142246)
(-0.242412,  2.461689,  0.151342),  (0.199864,  0.142246)
(-0.019027,  2.338884,  0.227772),  (0.196371,  0.116012)
(-0.019027,  2.397903,  0.151342),  (0.186644,  0.131815)
(-0.420554,  2.615683,  0.227772),  (0.076555,  0.116068)
(-0.302950,  2.419957,  0.227772),  (0.060674,  0.127780)
(-0.334941,  2.615683,  0.151342),  (0.086354,  0.131430)
(-0.334941,  2.615683,  0.151342),  (0.086354,  0.131430)
(-0.302950,  2.419957,  0.227772),  (0.060674,  0.127780)
(-0.242412,  2.461689,  0.151342),  (0.073792,  0.140814)
(-0.302950,  2.811409,  0.227772),  (0.095447,  0.107789)
(-0.420554,  2.615683,  0.227772),  (0.076555,  0.116068)
(-0.242412,  2.769677,  0.151342),  (0.101701,  0.124697)
(-0.242412,  2.769677,  0.151342),  (0.101701,  0.124697)
(-0.420554,  2.615683,  0.227772),  (0.076555,  0.116068)
(-0.334941,  2.615683,  0.151342),  (0.086354,  0.131430)
(-0.019027,  2.892482,  0.227772),  (0.115627,  0.103047)
(-0.302950,  2.811409,  0.227772),  (0.095447,  0.107789)
(-0.019027,  2.833463,  0.151342),  (0.118642,  0.120806)
(-0.019027,  2.833463,  0.151342),  (0.118642,  0.120806)
(-0.302950,  2.811409,  0.227772),  (0.095447,  0.107789)
(-0.242412,  2.769677,  0.151342),  (0.101701,  0.124697)
(0.264896,  2.811409,  0.227772),  (0.136222,  0.101341)
(-0.019027,  2.892482,  0.227772),  (0.115627,  0.103047)
(0.204359,  2.769677,  0.151342),  (0.136272,  0.119687)
(0.204359,  2.769677,  0.151342),  (0.136272,  0.119687)
(-0.019027,  2.892482,  0.227772),  (0.115627,  0.103047)
(-0.019027,  2.833463,  0.151342),  (0.118642,  0.120806)
(0.382501,  2.615683,  0.227772),  (0.156750,  0.103258)
(0.264896,  2.811409,  0.227772),  (0.136222,  0.101341)
(0.296887,  2.615683,  0.151342),  (0.153753,  0.121081)
(0.296887,  2.615683,  0.151342),  (0.153753,  0.121081)
(0.264896,  2.811409,  0.227772),  (0.136222,  0.101341)
(0.204359,  2.769677,  0.151342),  (0.136272,  0.119687)
(0.264896,  2.419957,  0.227772),  (0.177246,  0.107844)
(0.382501,  2.615683,  0.227772),  (0.156750,  0.103258)
(0.204359,  2.461689,  0.151342),  (0.171013,  0.125320)
(0.204359,  2.461689,  0.151342),  (0.171013,  0.125320)
(0.382501,  2.615683,  0.227772),  (0.156750,  0.103258)
(0.296887,  2.615683,  0.151342),  (0.153753,  0.121081)
