(-0.515558,  6.999994,  1.034618),  (0.013973,  0.111208)
(-0.516189,  5.970756,  -0.965381),  (0.929682,  0.941924)
(-0.516201,  6.999996,  -0.965381),  (0.886384,  0.985146)
(-0.516189,  5.970756,  -0.965381),  (0.929682,  0.941924)
(-0.515558,  6.999994,  1.034618),  (0.013973,  0.111208)
(-0.515546,  5.970754,  1.034618),  (0.057271,  0.067986)
(-0.516189,  5.970756,  -0.965381),  (0.929682,  0.941924)
(-0.515546,  5.970754,  1.034618),  (0.057271,  0.067986)
(2.240231,  5.970756,  -0.965381),  (0.936699,  0.934034)
(2.240231,  5.970756,  -0.965381),  (0.936699,  0.934034)
(-0.515546,  5.970754,  1.034618),  (0.057271,  0.067986)
(2.240862,  5.970755,  1.034618),  (0.064288,  0.060097)
(2.240862,  5.970755,  1.034618),  (0.064288,  0.060097)
(-0.515558,  6.999994,  1.034618),  (0.100581,  0.010743)
(2.240853,  6.999994,  1.034618),  (0.107586,  0.016875)
(-0.515558,  6.999994,  1.034618),  (0.100581,  0.010743)
(2.240862,  5.970755,  1.034618),  (0.064288,  0.060097)
(-0.515546,  5.970754,  1.034618),  (0.057283,  0.053965)
(-0.516201,  6.999996,  -0.965381),  (0.987001,  0.898714)
(2.240231,  5.970756,  -0.965381),  (0.936699,  0.934034)
(2.240219,  6.999997,  -0.965381),  (0.979996,  0.890812)
(2.240231,  5.970756,  -0.965381),  (0.936699,  0.934034)
(-0.516201,  6.999996,  -0.965381),  (0.987001,  0.898714)
(-0.516189,  5.970756,  -0.965381),  (0.943703,  0.941936)
(-0.515558,  6.999994,  1.034618),  (0.114602,  0.010755)
(2.240219,  6.999997,  -0.965381),  (0.979996,  0.890812)
(2.240853,  6.999994,  1.034618),  (0.107586,  0.016875)
(2.240219,  6.999997,  -0.965381),  (0.979996,  0.890812)
(-0.515558,  6.999994,  1.034618),  (0.114602,  0.010755)
(-0.516201,  6.999996,  -0.965381),  (0.987013,  0.884693)
(2.240231,  5.970756,  -0.965381),  (0.882517,  0.982156)
(2.240853,  6.999994,  1.034618),  (0.053404,  0.064996)
(2.240219,  6.999997,  -0.965381),  (0.925815,  0.938934)
(2.240853,  6.999994,  1.034618),  (0.053404,  0.064996)
(2.240231,  5.970756,  -0.965381),  (0.882517,  0.982156)
(2.240862,  5.970755,  1.034618),  (0.010107,  0.108218)
(89.483803,  6.999997,  1.034616),  (0.013973,  0.111208)
(89.483200,  5.970758,  -0.965382),  (0.929682,  0.941924)
(89.483803,  5.970758,  1.034617),  (0.057271,  0.067986)
(89.483200,  5.970758,  -0.965382),  (0.929682,  0.941924)
(89.483803,  6.999997,  1.034616),  (0.013973,  0.111208)
(89.483200,  6.999999,  -0.965382),  (0.886384,  0.985146)
(89.483200,  5.970758,  -0.965382),  (0.929682,  0.941924)
(86.727394,  5.970758,  1.034617),  (0.064288,  0.060097)
(89.483803,  5.970758,  1.034617),  (0.057271,  0.067986)
(86.727394,  5.970758,  1.034617),  (0.064288,  0.060097)
(89.483200,  5.970758,  -0.965382),  (0.929682,  0.941924)
(86.726791,  5.970758,  -0.965382),  (0.936699,  0.934034)
(86.727394,  5.970758,  1.034617),  (0.064288,  0.060097)
(86.727386,  6.999997,  1.034616),  (0.107586,  0.016875)
(89.483803,  6.999997,  1.034616),  (0.100581,  0.010743)
(89.483803,  6.999997,  1.034616),  (0.100581,  0.010743)
(89.483803,  5.970758,  1.034617),  (0.057283,  0.053965)
(86.727394,  5.970758,  1.034617),  (0.064288,  0.060097)
(86.726791,  6.999999,  -0.965382),  (0.979996,  0.890812)
(89.483200,  5.970758,  -0.965382),  (0.943703,  0.941936)
(89.483200,  6.999999,  -0.965382),  (0.987001,  0.898714)
(89.483200,  5.970758,  -0.965382),  (0.943703,  0.941936)
(86.726791,  6.999999,  -0.965382),  (0.979996,  0.890812)
(86.726791,  5.970758,  -0.965382),  (0.936699,  0.934034)
(86.727386,  6.999997,  1.034616),  (0.107586,  0.016875)
(89.483200,  6.999999,  -0.965382),  (0.987013,  0.884693)
(89.483803,  6.999997,  1.034616),  (0.114602,  0.010755)
(89.483200,  6.999999,  -0.965382),  (0.987013,  0.884693)
(86.727386,  6.999997,  1.034616),  (0.107586,  0.016875)
(86.726791,  6.999999,  -0.965382),  (0.979996,  0.890812)
(86.727386,  6.999997,  1.034616),  (0.053404,  0.064996)
(86.726791,  5.970758,  -0.965382),  (0.882517,  0.982156)
(86.726791,  6.999999,  -0.965382),  (0.925815,  0.938934)
(86.726791,  5.970758,  -0.965382),  (0.882517,  0.982156)
(86.727386,  6.999997,  1.034616),  (0.053404,  0.064996)
(86.727394,  5.970758,  1.034617),  (0.010107,  0.108218)
(2.167438,  6.631521,  1.005340),  (0.252798,  0.881058)
(86.800766,  5.917926,  1.005339),  (0.204870,  0.423069)
(86.800766,  6.631523,  1.005339),  (0.252798,  0.423069)
(86.800766,  5.917926,  1.005339),  (0.204870,  0.423069)
(2.167438,  6.631521,  1.005340),  (0.252798,  0.881058)
(2.167441,  5.917923,  1.005340),  (0.204870,  0.881058)
(2.167441,  5.917923,  1.005340),  (0.265524,  0.881058)
(86.800766,  5.917926,  1.023720),  (0.252700,  0.423069)
(86.800766,  5.917926,  1.005339),  (0.265524,  0.423069)
(86.800766,  5.917926,  1.023720),  (0.252700,  0.423069)
(2.167441,  5.917923,  1.005340),  (0.265524,  0.881058)
(2.167450,  5.917923,  1.023722),  (0.252700,  0.881058)
(2.167438,  6.631521,  1.005340),  (0.191949,  0.881058)
(86.800766,  6.631523,  1.023720),  (0.204772,  0.423069)
(2.167441,  6.631521,  1.023722),  (0.204773,  0.881058)
(86.800766,  6.631523,  1.023720),  (0.204772,  0.423069)
(2.167438,  6.631521,  1.005340),  (0.191949,  0.881058)
(86.800766,  6.631523,  1.005339),  (0.191949,  0.423069)
(86.800766,  6.631523,  1.023720),  (0.204772,  0.423069)
(2.167450,  5.917923,  1.023722),  (0.252700,  0.881058)
(2.167441,  6.631521,  1.023722),  (0.204773,  0.881058)
(2.167450,  5.917923,  1.023722),  (0.252700,  0.881058)
(86.800766,  6.631523,  1.023720),  (0.204772,  0.423069)
(86.800766,  5.917926,  1.023720),  (0.252700,  0.423069)
(88.967964,  6.002392,  1.028025),  (0.034908,  0.301715)
(88.967949,  6.002393,  0.942399),  (0.101151,  0.301715)
(88.967964,  5.341059,  0.942399),  (0.101151,  0.341254)
(88.967964,  6.002392,  1.028025),  (0.034908,  0.301715)
(88.967964,  5.341059,  0.942399),  (0.101151,  0.341254)
(88.967987,  5.341058,  1.028025),  (0.034908,  0.341254)
(88.967949,  6.002393,  0.942399),  (0.101151,  0.301715)
(85.548515,  5.341059,  0.942399),  (0.115312,  0.341254)
(88.967964,  5.341059,  0.942399),  (0.101151,  0.341254)
(85.548515,  5.341059,  0.942399),  (0.115312,  0.341254)
(88.967949,  6.002393,  0.942399),  (0.101151,  0.301715)
(85.548492,  6.002393,  0.942399),  (0.115312,  0.301715)
(85.548538,  6.002392,  1.028025),  (0.034908,  0.287554)
(88.967949,  6.002393,  0.942399),  (0.101151,  0.301715)
(88.967964,  6.002392,  1.028025),  (0.034908,  0.301715)
(88.967949,  6.002393,  0.942399),  (0.101151,  0.301715)
(85.548538,  6.002392,  1.028025),  (0.034908,  0.287554)
(85.548492,  6.002393,  0.942399),  (0.101151,  0.287554)
(88.967987,  5.213400,  1.018706),  (0.034908,  0.348886)
(85.548576,  0.000002,  1.018706),  (0.020747,  0.660576)
(85.548538,  5.213400,  1.018706),  (0.020747,  0.348886)
(85.548576,  0.000002,  1.018706),  (0.020747,  0.660576)
(88.967987,  5.213400,  1.018706),  (0.034908,  0.348886)
(88.968025,  0.000002,  1.018706),  (0.034908,  0.660576)
(85.548538,  5.213400,  0.950636),  (0.121685,  0.348886)
(85.548576,  0.000002,  1.018706),  (0.174347,  0.660576)
(85.548576,  0.000002,  0.950636),  (0.121685,  0.660576)
(85.548576,  0.000002,  1.018706),  (0.174347,  0.660576)
(85.548538,  5.213400,  0.950636),  (0.121685,  0.348886)
(85.548538,  5.213400,  1.018706),  (0.174347,  0.348886)
(88.968025,  0.000002,  1.018706),  (0.042117,  0.660576)
(88.967987,  5.213400,  1.018706),  (0.042117,  0.348886)
(88.967964,  5.213401,  0.950636),  (0.094779,  0.348886)
(88.967964,  5.213401,  0.950636),  (0.094779,  0.348886)
(88.968010,  0.000002,  0.950636),  (0.094779,  0.660576)
(88.968025,  0.000002,  1.018706),  (0.042117,  0.660576)
(88.968010,  0.000002,  0.950636),  (0.101151,  0.660576)
(88.967964,  5.213401,  0.950636),  (0.101151,  0.348886)
(85.548538,  5.213400,  0.950636),  (0.115312,  0.348886)
(85.548538,  5.213400,  0.950636),  (0.115312,  0.348886)
(85.548576,  0.000002,  0.950636),  (0.115312,  0.660576)
(88.968010,  0.000002,  0.950636),  (0.101151,  0.660576)
(88.967987,  5.341058,  1.028025),  (0.034908,  0.341254)
(85.548538,  5.213400,  1.018706),  (0.020747,  0.348886)
(85.548538,  5.341058,  1.028025),  (0.020747,  0.341254)
(85.548538,  5.213400,  1.018706),  (0.020747,  0.348886)
(88.967987,  5.341058,  1.028025),  (0.034908,  0.341254)
(88.967987,  5.213400,  1.018706),  (0.034908,  0.348886)
(85.548515,  5.341059,  0.942399),  (0.115312,  0.341254)
(85.548538,  5.213400,  1.018706),  (0.174347,  0.348886)
(85.548538,  5.213400,  0.950636),  (0.121685,  0.348886)
(85.548538,  5.213400,  1.018706),  (0.174347,  0.348886)
(85.548515,  5.341059,  0.942399),  (0.115312,  0.341254)
(85.548538,  5.341058,  1.028025),  (0.181556,  0.341254)
(88.967987,  5.213400,  1.018706),  (0.042117,  0.348886)
(88.967964,  5.341059,  0.942399),  (0.101151,  0.341254)
(88.967964,  5.213401,  0.950636),  (0.094779,  0.348886)
(88.967987,  5.341058,  1.028025),  (0.034908,  0.341254)
(88.967964,  5.341059,  0.942399),  (0.101151,  0.341254)
(88.967987,  5.213400,  1.018706),  (0.042117,  0.348886)
(85.548538,  5.213400,  0.950636),  (0.115312,  0.348886)
(88.967964,  5.341059,  0.942399),  (0.101151,  0.341254)
(85.548515,  5.341059,  0.942399),  (0.115312,  0.341254)
(88.967964,  5.341059,  0.942399),  (0.101151,  0.341254)
(85.548538,  5.213400,  0.950636),  (0.115312,  0.348886)
(88.967964,  5.213401,  0.950636),  (0.101151,  0.348886)
(88.967964,  6.002392,  1.028025),  (0.034908,  0.301715)
(85.548538,  5.341058,  1.028025),  (0.020747,  0.341254)
(85.548538,  6.002392,  1.028025),  (0.020747,  0.301715)
(85.548538,  5.341058,  1.028025),  (0.020747,  0.341254)
(88.967964,  6.002392,  1.028025),  (0.034908,  0.301715)
(88.967987,  5.341058,  1.028025),  (0.034908,  0.341254)
(85.548538,  6.002392,  1.028025),  (0.181556,  0.301715)
(85.548515,  5.341059,  0.942399),  (0.115312,  0.341254)
(85.548492,  6.002393,  0.942399),  (0.115312,  0.301715)
(85.548515,  5.341059,  0.942399),  (0.115312,  0.341254)
(85.548538,  6.002392,  1.028025),  (0.181556,  0.301715)
(85.548538,  5.341058,  1.028025),  (0.181556,  0.341254)
(0.000267,  6.002390,  1.028026),  (0.034908,  0.301715)
(0.000246,  5.341056,  0.942401),  (0.101151,  0.341254)
(0.000246,  6.002390,  0.942401),  (0.101151,  0.301715)
(0.000246,  5.341056,  0.942401),  (0.101151,  0.341254)
(0.000267,  6.002390,  1.028026),  (0.034908,  0.301715)
(0.000267,  5.341056,  1.028026),  (0.034908,  0.341254)
(0.000246,  6.002390,  0.942401),  (0.101151,  0.301715)
(0.000246,  5.341056,  0.942401),  (0.101151,  0.341254)
(3.419682,  6.002390,  0.942401),  (0.115312,  0.301715)
(3.419682,  6.002390,  0.942401),  (0.115312,  0.301715)
(0.000246,  5.341056,  0.942401),  (0.101151,  0.341254)
(3.419682,  5.341056,  0.942401),  (0.115312,  0.341254)
(3.419709,  6.002390,  1.028026),  (0.034908,  0.287554)
(0.000246,  6.002390,  0.942401),  (0.101151,  0.301715)
(3.419682,  6.002390,  0.942401),  (0.101151,  0.287554)
(0.000246,  6.002390,  0.942401),  (0.101151,  0.301715)
(3.419709,  6.002390,  1.028026),  (0.034908,  0.287554)
(0.000267,  6.002390,  1.028026),  (0.034908,  0.301715)
(3.419709,  5.213397,  1.018708),  (0.020747,  0.348886)
(0.000298,  -0.000001,  1.018707),  (0.034908,  0.660576)
(0.000267,  5.213397,  1.018708),  (0.034908,  0.348886)
(0.000298,  -0.000001,  1.018707),  (0.034908,  0.660576)
(3.419709,  5.213397,  1.018708),  (0.020747,  0.348886)
(3.419733,  -0.000001,  1.018707),  (0.020747,  0.660576)
(3.419691,  5.213398,  0.950637),  (0.121685,  0.348886)
(3.419733,  -0.000001,  1.018707),  (0.174347,  0.660576)
(3.419709,  5.213397,  1.018708),  (0.174347,  0.348886)
(3.419733,  -0.000001,  1.018707),  (0.174347,  0.660576)
(3.419691,  5.213398,  0.950637),  (0.121685,  0.348886)
(3.419709,  -0.000001,  0.950637),  (0.121685,  0.660576)
(0.000267,  5.213397,  1.018708),  (0.042117,  0.348886)
(0.000298,  -0.000001,  1.018707),  (0.042117,  0.660576)
(0.000246,  5.213397,  0.950637),  (0.094779,  0.348886)
(0.000246,  5.213397,  0.950637),  (0.094779,  0.348886)
(0.000298,  -0.000001,  1.018707),  (0.042117,  0.660576)
(0.000279,  -0.000001,  0.950637),  (0.094779,  0.660576)
(0.000246,  5.213397,  0.950637),  (0.101151,  0.348886)
(3.419709,  -0.000001,  0.950637),  (0.115312,  0.660576)
(3.419691,  5.213398,  0.950637),  (0.115312,  0.348886)
(3.419709,  -0.000001,  0.950637),  (0.115312,  0.660576)
(0.000246,  5.213397,  0.950637),  (0.101151,  0.348886)
(0.000279,  -0.000001,  0.950637),  (0.101151,  0.660576)
(0.000267,  5.341056,  1.028026),  (0.034908,  0.341254)
(3.419709,  5.341056,  1.028026),  (0.020747,  0.341254)
(3.419709,  5.213397,  1.018708),  (0.020747,  0.348886)
(0.000267,  5.341056,  1.028026),  (0.034908,  0.341254)
(3.419709,  5.213397,  1.018708),  (0.020747,  0.348886)
(0.000267,  5.213397,  1.018708),  (0.034908,  0.348886)
(3.419682,  5.341056,  0.942401),  (0.115312,  0.341254)
(3.419709,  5.213397,  1.018708),  (0.174347,  0.348886)
(3.419709,  5.341056,  1.028026),  (0.181556,  0.341254)
(3.419709,  5.213397,  1.018708),  (0.174347,  0.348886)
(3.419682,  5.341056,  0.942401),  (0.115312,  0.341254)
(3.419691,  5.213398,  0.950637),  (0.121685,  0.348886)
(0.000267,  5.213397,  1.018708),  (0.042117,  0.348886)
(0.000246,  5.341056,  0.942401),  (0.101151,  0.341254)
(0.000267,  5.341056,  1.028026),  (0.034908,  0.341254)
(0.000246,  5.341056,  0.942401),  (0.101151,  0.341254)
(0.000267,  5.213397,  1.018708),  (0.042117,  0.348886)
(0.000246,  5.213397,  0.950637),  (0.094779,  0.348886)
(3.419682,  5.341056,  0.942401),  (0.115312,  0.341254)
(0.000246,  5.341056,  0.942401),  (0.101151,  0.341254)
(0.000246,  5.213397,  0.950637),  (0.101151,  0.348886)
(3.419682,  5.341056,  0.942401),  (0.115312,  0.341254)
(0.000246,  5.213397,  0.950637),  (0.101151,  0.348886)
(3.419691,  5.213398,  0.950637),  (0.115312,  0.348886)
(3.419709,  6.002390,  1.028026),  (0.020747,  0.301715)
(3.419709,  5.341056,  1.028026),  (0.020747,  0.341254)
(0.000267,  6.002390,  1.028026),  (0.034908,  0.301715)
(0.000267,  6.002390,  1.028026),  (0.034908,  0.301715)
(3.419709,  5.341056,  1.028026),  (0.020747,  0.341254)
(0.000267,  5.341056,  1.028026),  (0.034908,  0.341254)
(3.419709,  6.002390,  1.028026),  (0.181556,  0.301715)
(3.419682,  6.002390,  0.942401),  (0.115312,  0.301715)
(3.419682,  5.341056,  0.942401),  (0.115312,  0.341254)
(3.419709,  6.002390,  1.028026),  (0.181556,  0.301715)
(3.419682,  5.341056,  0.942401),  (0.115312,  0.341254)
(3.419709,  5.341056,  1.028026),  (0.181556,  0.341254)
(86.800781,  2.192149,  0.992514),  (0.204870,  0.423069)
(2.167459,  2.905745,  0.992516),  (0.252798,  0.881058)
(86.800781,  2.905747,  0.992514),  (0.252798,  0.423069)
(2.167459,  2.905745,  0.992516),  (0.252798,  0.881058)
(86.800781,  2.192149,  0.992514),  (0.204870,  0.423069)
(2.167459,  2.192147,  0.992516),  (0.204870,  0.881058)
(86.800781,  2.905747,  0.992644),  (0.204772,  0.423069)
(2.167459,  2.905745,  0.992645),  (0.204773,  0.881058)
(2.167468,  2.192147,  0.992645),  (0.252700,  0.881058)
(86.800781,  2.905747,  0.992644),  (0.204772,  0.423069)
(2.167468,  2.192147,  0.992645),  (0.252700,  0.881058)
(86.800781,  2.192149,  0.992644),  (0.252700,  0.423069)
(86.800194,  5.917930,  -0.937908),  (0.204870,  0.423069)
(2.166870,  6.631525,  -0.937907),  (0.252798,  0.881058)
(86.800186,  6.631526,  -0.937908),  (0.252798,  0.423069)
(2.166870,  6.631525,  -0.937907),  (0.252798,  0.881058)
(86.800194,  5.917930,  -0.937908),  (0.204870,  0.423069)
(2.166870,  5.917927,  -0.937907),  (0.204870,  0.881058)
(2.166870,  5.917927,  -0.956288),  (0.252700,  0.881058)
(86.800194,  5.917930,  -0.937908),  (0.265524,  0.423069)
(86.800186,  5.917930,  -0.956289),  (0.252700,  0.423069)
(86.800194,  5.917930,  -0.937908),  (0.265524,  0.423069)
(2.166870,  5.917927,  -0.956288),  (0.252700,  0.881058)
(2.166870,  5.917927,  -0.937907),  (0.265524,  0.881058)
(2.166870,  6.631525,  -0.937907),  (0.191949,  0.881058)
(86.800171,  6.631526,  -0.956289),  (0.204772,  0.423069)
(86.800186,  6.631526,  -0.937908),  (0.191949,  0.423069)
(86.800171,  6.631526,  -0.956289),  (0.204772,  0.423069)
(2.166870,  6.631525,  -0.937907),  (0.191949,  0.881058)
(2.166867,  6.631525,  -0.956288),  (0.204773,  0.881058)
(86.800171,  6.631526,  -0.956289),  (0.204772,  0.423069)
(2.166867,  6.631525,  -0.956288),  (0.204773,  0.881058)
(2.166870,  5.917927,  -0.956288),  (0.252700,  0.881058)
(86.800171,  6.631526,  -0.956289),  (0.204772,  0.423069)
(2.166870,  5.917927,  -0.956288),  (0.252700,  0.881058)
(86.800186,  5.917930,  -0.956289),  (0.252700,  0.423069)
(88.967422,  6.002395,  -0.875711),  (0.034908,  0.301715)
(88.967400,  6.002396,  -0.961337),  (0.101151,  0.301715)
(88.967400,  5.341062,  -0.961337),  (0.101151,  0.341254)
(88.967422,  6.002395,  -0.875711),  (0.034908,  0.301715)
(88.967400,  5.341062,  -0.961337),  (0.101151,  0.341254)
(88.967430,  5.341061,  -0.875711),  (0.034908,  0.341254)
(88.967400,  6.002396,  -0.961337),  (0.101151,  0.301715)
(85.547966,  5.341062,  -0.961337),  (0.115312,  0.341254)
(88.967400,  5.341062,  -0.961337),  (0.101151,  0.341254)
(85.547966,  5.341062,  -0.961337),  (0.115312,  0.341254)
(88.967400,  6.002396,  -0.961337),  (0.101151,  0.301715)
(85.547951,  6.002396,  -0.961337),  (0.115312,  0.301715)
(85.547981,  6.002395,  -0.875711),  (0.034908,  0.287554)
(88.967400,  6.002396,  -0.961337),  (0.101151,  0.301715)
(88.967422,  6.002395,  -0.875711),  (0.034908,  0.301715)
(88.967400,  6.002396,  -0.961337),  (0.101151,  0.301715)
(85.547981,  6.002395,  -0.875711),  (0.034908,  0.287554)
(85.547951,  6.002396,  -0.961337),  (0.101151,  0.287554)
(85.547989,  5.213402,  -0.885030),  (0.020747,  0.348886)
(88.967476,  0.000004,  -0.885030),  (0.034908,  0.660576)
(85.548035,  0.000004,  -0.885030),  (0.020747,  0.660576)
(88.967476,  0.000004,  -0.885030),  (0.034908,  0.660576)
(85.547989,  5.213402,  -0.885030),  (0.020747,  0.348886)
(88.967430,  5.213402,  -0.885030),  (0.034908,  0.348886)
(85.547989,  5.213402,  -0.885030),  (0.174347,  0.348886)
(85.548012,  0.000004,  -0.953100),  (0.121685,  0.660576)
(85.547966,  5.213402,  -0.953100),  (0.121685,  0.348886)
(85.548012,  0.000004,  -0.953100),  (0.121685,  0.660576)
(85.547989,  5.213402,  -0.885030),  (0.174347,  0.348886)
(85.548035,  0.000004,  -0.885030),  (0.174347,  0.660576)
(88.967476,  0.000004,  -0.885030),  (0.042117,  0.660576)
(88.967430,  5.213402,  -0.885030),  (0.042117,  0.348886)
(88.967400,  5.213402,  -0.953100),  (0.094779,  0.348886)
(88.967400,  5.213402,  -0.953100),  (0.094779,  0.348886)
(88.967453,  0.000004,  -0.953100),  (0.094779,  0.660576)
(88.967476,  0.000004,  -0.885030),  (0.042117,  0.660576)
(88.967400,  5.213402,  -0.953100),  (0.101151,  0.348886)
(85.548012,  0.000004,  -0.953100),  (0.115312,  0.660576)
(88.967453,  0.000004,  -0.953100),  (0.101151,  0.660576)
(85.548012,  0.000004,  -0.953100),  (0.115312,  0.660576)
(88.967400,  5.213402,  -0.953100),  (0.101151,  0.348886)
(85.547966,  5.213402,  -0.953100),  (0.115312,  0.348886)
(88.967430,  5.341061,  -0.875711),  (0.034908,  0.341254)
(85.547989,  5.213402,  -0.885030),  (0.020747,  0.348886)
(85.547989,  5.341061,  -0.875711),  (0.020747,  0.341254)
(85.547989,  5.213402,  -0.885030),  (0.020747,  0.348886)
(88.967430,  5.341061,  -0.875711),  (0.034908,  0.341254)
(88.967430,  5.213402,  -0.885030),  (0.034908,  0.348886)
(85.547966,  5.341062,  -0.961337),  (0.115312,  0.341254)
(85.547989,  5.213402,  -0.885030),  (0.174347,  0.348886)
(85.547966,  5.213402,  -0.953100),  (0.121685,  0.348886)
(85.547989,  5.213402,  -0.885030),  (0.174347,  0.348886)
(85.547966,  5.341062,  -0.961337),  (0.115312,  0.341254)
(85.547989,  5.341061,  -0.875711),  (0.181556,  0.341254)
(88.967430,  5.213402,  -0.885030),  (0.042117,  0.348886)
(88.967400,  5.341062,  -0.961337),  (0.101151,  0.341254)
(88.967400,  5.213402,  -0.953100),  (0.094779,  0.348886)
(88.967430,  5.341061,  -0.875711),  (0.034908,  0.341254)
(88.967400,  5.341062,  -0.961337),  (0.101151,  0.341254)
(88.967430,  5.213402,  -0.885030),  (0.042117,  0.348886)
(85.547966,  5.213402,  -0.953100),  (0.115312,  0.348886)
(88.967400,  5.213402,  -0.953100),  (0.101151,  0.348886)
(85.547966,  5.341062,  -0.961337),  (0.115312,  0.341254)
(88.967400,  5.341062,  -0.961337),  (0.101151,  0.341254)
(85.547966,  5.341062,  -0.961337),  (0.115312,  0.341254)
(88.967400,  5.213402,  -0.953100),  (0.101151,  0.348886)
(88.967422,  6.002395,  -0.875711),  (0.034908,  0.301715)
(85.547989,  5.341061,  -0.875711),  (0.020747,  0.341254)
(85.547981,  6.002395,  -0.875711),  (0.020747,  0.301715)
(85.547989,  5.341061,  -0.875711),  (0.020747,  0.341254)
(88.967422,  6.002395,  -0.875711),  (0.034908,  0.301715)
(88.967430,  5.341061,  -0.875711),  (0.034908,  0.341254)
(85.547981,  6.002395,  -0.875711),  (0.181556,  0.301715)
(85.547966,  5.341062,  -0.961337),  (0.115312,  0.341254)
(85.547951,  6.002396,  -0.961337),  (0.115312,  0.301715)
(85.547966,  5.341062,  -0.961337),  (0.115312,  0.341254)
(85.547981,  6.002395,  -0.875711),  (0.181556,  0.301715)
(85.547989,  5.341061,  -0.875711),  (0.181556,  0.341254)
(-0.000286,  6.002392,  -0.875710),  (0.034908,  0.301715)
(-0.000304,  5.341059,  -0.961336),  (0.101151,  0.341254)
(-0.000310,  6.002392,  -0.961336),  (0.101151,  0.301715)
(-0.000304,  5.341059,  -0.961336),  (0.101151,  0.341254)
(-0.000286,  6.002392,  -0.875710),  (0.034908,  0.301715)
(-0.000286,  5.341058,  -0.875710),  (0.034908,  0.341254)
(-0.000310,  6.002392,  -0.961336),  (0.101151,  0.301715)
(-0.000304,  5.341059,  -0.961336),  (0.101151,  0.341254)
(3.419132,  6.002392,  -0.961336),  (0.115312,  0.301715)
(3.419132,  6.002392,  -0.961336),  (0.115312,  0.301715)
(-0.000304,  5.341059,  -0.961336),  (0.101151,  0.341254)
(3.419135,  5.341059,  -0.961336),  (0.115312,  0.341254)
(3.419132,  6.002392,  -0.961336),  (0.101151,  0.287554)
(3.419153,  6.002392,  -0.875710),  (0.034908,  0.287554)
(-0.000286,  6.002392,  -0.875710),  (0.034908,  0.301715)
(-0.000286,  6.002392,  -0.875710),  (0.034908,  0.301715)
(-0.000310,  6.002392,  -0.961336),  (0.101151,  0.301715)
(3.419132,  6.002392,  -0.961336),  (0.101151,  0.287554)
(3.419150,  5.213399,  -0.885029),  (0.020747,  0.348886)
(-0.000258,  0.000002,  -0.885029),  (0.034908,  0.660576)
(-0.000286,  5.213399,  -0.885029),  (0.034908,  0.348886)
(-0.000258,  0.000002,  -0.885029),  (0.034908,  0.660576)
(3.419150,  5.213399,  -0.885029),  (0.020747,  0.348886)
(3.419183,  0.000002,  -0.885029),  (0.020747,  0.660576)
(3.419141,  5.213400,  -0.953099),  (0.121685,  0.348886)
(3.419162,  0.000002,  -0.953099),  (0.121685,  0.660576)
(3.419150,  5.213399,  -0.885029),  (0.174347,  0.348886)
(3.419150,  5.213399,  -0.885029),  (0.174347,  0.348886)
(3.419162,  0.000002,  -0.953099),  (0.121685,  0.660576)
(3.419183,  0.000002,  -0.885029),  (0.174347,  0.660576)
(-0.000286,  5.213399,  -0.885029),  (0.042117,  0.348886)
(-0.000273,  0.000001,  -0.953099),  (0.094779,  0.660576)
(-0.000301,  5.213400,  -0.953099),  (0.094779,  0.348886)
(-0.000273,  0.000001,  -0.953099),  (0.094779,  0.660576)
(-0.000286,  5.213399,  -0.885029),  (0.042117,  0.348886)
(-0.000258,  0.000002,  -0.885029),  (0.042117,  0.660576)
(-0.000301,  5.213400,  -0.953099),  (0.101151,  0.348886)
(3.419162,  0.000002,  -0.953099),  (0.115312,  0.660576)
(3.419141,  5.213400,  -0.953099),  (0.115312,  0.348886)
(3.419162,  0.000002,  -0.953099),  (0.115312,  0.660576)
(-0.000301,  5.213400,  -0.953099),  (0.101151,  0.348886)
(-0.000273,  0.000001,  -0.953099),  (0.101151,  0.660576)
(-0.000286,  5.341058,  -0.875710),  (0.034908,  0.341254)
(3.419162,  5.341058,  -0.875710),  (0.020747,  0.341254)
(3.419150,  5.213399,  -0.885029),  (0.020747,  0.348886)
(-0.000286,  5.341058,  -0.875710),  (0.034908,  0.341254)
(3.419150,  5.213399,  -0.885029),  (0.020747,  0.348886)
(-0.000286,  5.213399,  -0.885029),  (0.034908,  0.348886)
(3.419135,  5.341059,  -0.961336),  (0.115312,  0.341254)
(3.419150,  5.213399,  -0.885029),  (0.174347,  0.348886)
(3.419162,  5.341058,  -0.875710),  (0.181556,  0.341254)
(3.419150,  5.213399,  -0.885029),  (0.174347,  0.348886)
(3.419135,  5.341059,  -0.961336),  (0.115312,  0.341254)
(3.419141,  5.213400,  -0.953099),  (0.121685,  0.348886)
(-0.000286,  5.213399,  -0.885029),  (0.042117,  0.348886)
(-0.000304,  5.341059,  -0.961336),  (0.101151,  0.341254)
(-0.000286,  5.341058,  -0.875710),  (0.034908,  0.341254)
(-0.000304,  5.341059,  -0.961336),  (0.101151,  0.341254)
(-0.000286,  5.213399,  -0.885029),  (0.042117,  0.348886)
(-0.000301,  5.213400,  -0.953099),  (0.094779,  0.348886)
(3.419135,  5.341059,  -0.961336),  (0.115312,  0.341254)
(-0.000304,  5.341059,  -0.961336),  (0.101151,  0.341254)
(-0.000301,  5.213400,  -0.953099),  (0.101151,  0.348886)
(3.419135,  5.341059,  -0.961336),  (0.115312,  0.341254)
(-0.000301,  5.213400,  -0.953099),  (0.101151,  0.348886)
(3.419141,  5.213400,  -0.953099),  (0.115312,  0.348886)
(3.419153,  6.002392,  -0.875710),  (0.020747,  0.301715)
(-0.000286,  5.341058,  -0.875710),  (0.034908,  0.341254)
(-0.000286,  6.002392,  -0.875710),  (0.034908,  0.301715)
(-0.000286,  5.341058,  -0.875710),  (0.034908,  0.341254)
(3.419153,  6.002392,  -0.875710),  (0.020747,  0.301715)
(3.419162,  5.341058,  -0.875710),  (0.020747,  0.341254)
(3.419153,  6.002392,  -0.875710),  (0.181556,  0.301715)
(3.419132,  6.002392,  -0.961336),  (0.115312,  0.301715)
(3.419135,  5.341059,  -0.961336),  (0.115312,  0.341254)
(3.419153,  6.002392,  -0.875710),  (0.181556,  0.301715)
(3.419135,  5.341059,  -0.961336),  (0.115312,  0.341254)
(3.419162,  5.341058,  -0.875710),  (0.181556,  0.341254)
(86.800247,  2.192152,  -0.911222),  (0.204870,  0.423069)
(2.166912,  2.905747,  -0.911220),  (0.252798,  0.881058)
(86.800247,  2.905749,  -0.911222),  (0.252798,  0.423069)
(2.166912,  2.905747,  -0.911220),  (0.252798,  0.881058)
(86.800247,  2.192152,  -0.911222),  (0.204870,  0.423069)
(2.166918,  2.192150,  -0.911220),  (0.204870,  0.881058)
(2.166912,  2.905747,  -0.911091),  (0.204773,  0.881058)
(86.800247,  2.192152,  -0.911092),  (0.252700,  0.423069)
(86.800247,  2.905749,  -0.911092),  (0.204772,  0.423069)
(86.800247,  2.192152,  -0.911092),  (0.252700,  0.423069)
(2.166912,  2.905747,  -0.911091),  (0.204773,  0.881058)
(2.166918,  2.192150,  -0.911091),  (0.252700,  0.881058)
(88.967674,  6.002394,  -0.008238),  (0.101151,  0.301715)
(88.967712,  5.341059,  0.077388),  (0.034908,  0.341254)
(88.967705,  6.002393,  0.077388),  (0.034908,  0.301715)
(88.967712,  5.341059,  0.077388),  (0.034908,  0.341254)
(88.967674,  6.002394,  -0.008238),  (0.101151,  0.301715)
(88.967690,  5.341060,  -0.008238),  (0.101151,  0.341254)
(88.967674,  6.002394,  -0.008238),  (0.101151,  0.301715)
(85.548264,  5.341060,  -0.008238),  (0.115312,  0.341254)
(88.967690,  5.341060,  -0.008238),  (0.101151,  0.341254)
(85.548264,  5.341060,  -0.008238),  (0.115312,  0.341254)
(88.967674,  6.002394,  -0.008238),  (0.101151,  0.301715)
(85.548241,  6.002393,  -0.008238),  (0.115312,  0.301715)
(85.548264,  6.002393,  0.077388),  (0.034908,  0.287554)
(85.548241,  6.002393,  -0.008238),  (0.101151,  0.287554)
(88.967705,  6.002393,  0.077388),  (0.034908,  0.301715)
(88.967705,  6.002393,  0.077388),  (0.034908,  0.301715)
(85.548241,  6.002393,  -0.008238),  (0.101151,  0.287554)
(88.967674,  6.002394,  -0.008238),  (0.101151,  0.301715)
(85.548279,  5.213400,  0.068070),  (0.020747,  0.348886)
(88.967751,  0.000002,  0.068069),  (0.034908,  0.660576)
(85.548325,  0.000002,  0.068069),  (0.020747,  0.660576)
(88.967751,  0.000002,  0.068069),  (0.034908,  0.660576)
(85.548279,  5.213400,  0.068070),  (0.020747,  0.348886)
(88.967712,  5.213401,  0.068069),  (0.034908,  0.348886)
(85.548279,  5.213400,  0.068070),  (0.174347,  0.348886)
(85.548302,  0.000002,  -0.000001),  (0.121685,  0.660576)
(85.548264,  5.213401,  -0.000001),  (0.121685,  0.348886)
(85.548302,  0.000002,  -0.000001),  (0.121685,  0.660576)
(85.548279,  5.213400,  0.068070),  (0.174347,  0.348886)
(85.548325,  0.000002,  0.068069),  (0.174347,  0.660576)
(88.967712,  5.213401,  0.068069),  (0.042117,  0.348886)
(88.967751,  0.000002,  -0.000001),  (0.094779,  0.660576)
(88.967751,  0.000002,  0.068069),  (0.042117,  0.660576)
(88.967751,  0.000002,  -0.000001),  (0.094779,  0.660576)
(88.967712,  5.213401,  0.068069),  (0.042117,  0.348886)
(88.967705,  5.213401,  -0.000001),  (0.094779,  0.348886)
(88.967751,  0.000002,  -0.000001),  (0.101151,  0.660576)
(88.967705,  5.213401,  -0.000001),  (0.101151,  0.348886)
(85.548264,  5.213401,  -0.000001),  (0.115312,  0.348886)
(85.548264,  5.213401,  -0.000001),  (0.115312,  0.348886)
(85.548302,  0.000002,  -0.000001),  (0.115312,  0.660576)
(88.967751,  0.000002,  -0.000001),  (0.101151,  0.660576)
(85.548279,  5.341059,  0.077388),  (0.020747,  0.341254)
(88.967712,  5.213401,  0.068069),  (0.034908,  0.348886)
(85.548279,  5.213400,  0.068070),  (0.020747,  0.348886)
(88.967712,  5.213401,  0.068069),  (0.034908,  0.348886)
(85.548279,  5.341059,  0.077388),  (0.020747,  0.341254)
(88.967712,  5.341059,  0.077388),  (0.034908,  0.341254)
(85.548264,  5.341060,  -0.008238),  (0.115312,  0.341254)
(85.548279,  5.213400,  0.068070),  (0.174347,  0.348886)
(85.548264,  5.213401,  -0.000001),  (0.121685,  0.348886)
(85.548279,  5.213400,  0.068070),  (0.174347,  0.348886)
(85.548264,  5.341060,  -0.008238),  (0.115312,  0.341254)
(85.548279,  5.341059,  0.077388),  (0.181556,  0.341254)
(88.967712,  5.213401,  0.068069),  (0.042117,  0.348886)
(88.967690,  5.341060,  -0.008238),  (0.101151,  0.341254)
(88.967705,  5.213401,  -0.000001),  (0.094779,  0.348886)
(88.967712,  5.341059,  0.077388),  (0.034908,  0.341254)
(88.967690,  5.341060,  -0.008238),  (0.101151,  0.341254)
(88.967712,  5.213401,  0.068069),  (0.042117,  0.348886)
(85.548264,  5.213401,  -0.000001),  (0.115312,  0.348886)
(88.967690,  5.341060,  -0.008238),  (0.101151,  0.341254)
(85.548264,  5.341060,  -0.008238),  (0.115312,  0.341254)
(88.967690,  5.341060,  -0.008238),  (0.101151,  0.341254)
(85.548264,  5.213401,  -0.000001),  (0.115312,  0.348886)
(88.967705,  5.213401,  -0.000001),  (0.101151,  0.348886)
(88.967705,  6.002393,  0.077388),  (0.034908,  0.301715)
(85.548279,  5.341059,  0.077388),  (0.020747,  0.341254)
(85.548264,  6.002393,  0.077388),  (0.020747,  0.301715)
(85.548279,  5.341059,  0.077388),  (0.020747,  0.341254)
(88.967705,  6.002393,  0.077388),  (0.034908,  0.301715)
(88.967712,  5.341059,  0.077388),  (0.034908,  0.341254)
(85.548241,  6.002393,  -0.008238),  (0.115312,  0.301715)
(85.548279,  5.341059,  0.077388),  (0.181556,  0.341254)
(85.548264,  5.341060,  -0.008238),  (0.115312,  0.341254)
(85.548279,  5.341059,  0.077388),  (0.181556,  0.341254)
(85.548241,  6.002393,  -0.008238),  (0.115312,  0.301715)
(85.548264,  6.002393,  0.077388),  (0.181556,  0.301715)
(-0.000030,  6.002390,  -0.008237),  (0.101151,  0.301715)
(-0.000009,  5.341056,  0.077389),  (0.034908,  0.341254)
(-0.000024,  5.341056,  -0.008237),  (0.101151,  0.341254)
(-0.000009,  5.341056,  0.077389),  (0.034908,  0.341254)
(-0.000030,  6.002390,  -0.008237),  (0.101151,  0.301715)
(0.000000,  6.002390,  0.077389),  (0.034908,  0.301715)
(-0.000030,  6.002390,  -0.008237),  (0.101151,  0.301715)
(3.419417,  5.341057,  -0.008237),  (0.115312,  0.341254)
(3.419411,  6.002390,  -0.008237),  (0.115312,  0.301715)
(3.419417,  5.341057,  -0.008237),  (0.115312,  0.341254)
(-0.000030,  6.002390,  -0.008237),  (0.101151,  0.301715)
(-0.000024,  5.341056,  -0.008237),  (0.101151,  0.341254)
(3.419441,  6.002390,  0.077389),  (0.034908,  0.287554)
(-0.000030,  6.002390,  -0.008237),  (0.101151,  0.301715)
(3.419411,  6.002390,  -0.008237),  (0.101151,  0.287554)
(-0.000030,  6.002390,  -0.008237),  (0.101151,  0.301715)
(3.419441,  6.002390,  0.077389),  (0.034908,  0.287554)
(0.000000,  6.002390,  0.077389),  (0.034908,  0.301715)
(3.419441,  5.213398,  0.068070),  (0.020747,  0.348886)
(3.419462,  0.000000,  0.068070),  (0.020747,  0.660576)
(-0.000009,  5.213398,  0.068070),  (0.034908,  0.348886)
(-0.000009,  5.213398,  0.068070),  (0.034908,  0.348886)
(3.419462,  0.000000,  0.068070),  (0.020747,  0.660576)
(0.000018,  -0.000000,  0.068070),  (0.034908,  0.660576)
(3.419417,  5.213398,  0.000000),  (0.121685,  0.348886)
(3.419462,  0.000000,  0.068070),  (0.174347,  0.660576)
(3.419441,  5.213398,  0.068070),  (0.174347,  0.348886)
(3.419462,  0.000000,  0.068070),  (0.174347,  0.660576)
(3.419417,  5.213398,  0.000000),  (0.121685,  0.348886)
(3.419441,  0.000000,  0.000000),  (0.121685,  0.660576)
(-0.000009,  5.213398,  0.068070),  (0.042117,  0.348886)
(0.000006,  0.000000,  0.000000),  (0.094779,  0.660576)
(-0.000018,  5.213398,  0.000000),  (0.094779,  0.348886)
(0.000006,  0.000000,  0.000000),  (0.094779,  0.660576)
(-0.000009,  5.213398,  0.068070),  (0.042117,  0.348886)
(0.000018,  -0.000000,  0.068070),  (0.042117,  0.660576)
(-0.000018,  5.213398,  0.000000),  (0.101151,  0.348886)
(0.000006,  0.000000,  0.000000),  (0.101151,  0.660576)
(3.419417,  5.213398,  0.000000),  (0.115312,  0.348886)
(3.419417,  5.213398,  0.000000),  (0.115312,  0.348886)
(0.000006,  0.000000,  0.000000),  (0.101151,  0.660576)
(3.419441,  0.000000,  0.000000),  (0.115312,  0.660576)
(-0.000009,  5.341056,  0.077389),  (0.034908,  0.341254)
(3.419441,  5.341056,  0.077389),  (0.020747,  0.341254)
(3.419441,  5.213398,  0.068070),  (0.020747,  0.348886)
(-0.000009,  5.341056,  0.077389),  (0.034908,  0.341254)
(3.419441,  5.213398,  0.068070),  (0.020747,  0.348886)
(-0.000009,  5.213398,  0.068070),  (0.034908,  0.348886)
(3.419417,  5.341057,  -0.008237),  (0.115312,  0.341254)
(3.419441,  5.213398,  0.068070),  (0.174347,  0.348886)
(3.419441,  5.341056,  0.077389),  (0.181556,  0.341254)
(3.419441,  5.213398,  0.068070),  (0.174347,  0.348886)
(3.419417,  5.341057,  -0.008237),  (0.115312,  0.341254)
(3.419417,  5.213398,  0.000000),  (0.121685,  0.348886)
(-0.000024,  5.341056,  -0.008237),  (0.101151,  0.341254)
(-0.000009,  5.341056,  0.077389),  (0.034908,  0.341254)
(-0.000009,  5.213398,  0.068070),  (0.042117,  0.348886)
(-0.000024,  5.341056,  -0.008237),  (0.101151,  0.341254)
(-0.000009,  5.213398,  0.068070),  (0.042117,  0.348886)
(-0.000018,  5.213398,  0.000000),  (0.094779,  0.348886)
(-0.000018,  5.213398,  0.000000),  (0.101151,  0.348886)
(3.419417,  5.341057,  -0.008237),  (0.115312,  0.341254)
(-0.000024,  5.341056,  -0.008237),  (0.101151,  0.341254)
(3.419417,  5.341057,  -0.008237),  (0.115312,  0.341254)
(-0.000018,  5.213398,  0.000000),  (0.101151,  0.348886)
(3.419417,  5.213398,  0.000000),  (0.115312,  0.348886)
(3.419441,  6.002390,  0.077389),  (0.020747,  0.301715)
(3.419441,  5.341056,  0.077389),  (0.020747,  0.341254)
(0.000000,  6.002390,  0.077389),  (0.034908,  0.301715)
(0.000000,  6.002390,  0.077389),  (0.034908,  0.301715)
(3.419441,  5.341056,  0.077389),  (0.020747,  0.341254)
(-0.000009,  5.341056,  0.077389),  (0.034908,  0.341254)
(3.419411,  6.002390,  -0.008237),  (0.115312,  0.301715)
(3.419441,  5.341056,  0.077389),  (0.181556,  0.341254)
(3.419441,  6.002390,  0.077389),  (0.181556,  0.301715)
(3.419441,  5.341056,  0.077389),  (0.181556,  0.341254)
(3.419411,  6.002390,  -0.008237),  (0.115312,  0.301715)
(3.419417,  5.341057,  -0.008237),  (0.115312,  0.341254)
(86.800522,  2.192150,  0.041877),  (0.204870,  0.423069)
(2.167198,  2.192148,  0.041879),  (0.204870,  0.881058)
(86.800522,  2.905747,  0.041878),  (0.252798,  0.423069)
(2.167192,  2.905746,  0.041879),  (0.252798,  0.881058)
(86.800522,  2.905747,  0.041878),  (0.252798,  0.423069)
(2.167198,  2.192148,  0.041879),  (0.204870,  0.881058)
(86.800522,  2.905747,  0.042007),  (0.204772,  0.423069)
(2.167192,  2.905746,  0.042009),  (0.204773,  0.881058)
(2.167198,  2.192148,  0.042009),  (0.252700,  0.881058)
(86.800522,  2.905747,  0.042007),  (0.204772,  0.423069)
(2.167198,  2.192148,  0.042009),  (0.252700,  0.881058)
(86.800522,  2.192150,  0.042007),  (0.252700,  0.423069)
(87.899353,  1.170411,  0.020507),  (0.204870,  0.423069)
(87.899620,  6.061657,  1.017476),  (0.204870,  0.881058)
(87.899353,  1.555642,  0.003214),  (0.252798,  0.423069)
(87.899353,  1.555642,  0.003214),  (0.252798,  0.423069)
(87.899620,  6.061657,  1.017476),  (0.204870,  0.881058)
(87.899605,  6.446888,  1.000182),  (0.252798,  0.881058)
(87.899620,  6.061658,  1.017605),  (0.252700,  0.881058)
(87.899353,  1.555641,  0.003343),  (0.204772,  0.423069)
(87.899605,  6.446889,  1.000311),  (0.204773,  0.881058)
(87.899353,  1.555641,  0.003343),  (0.204772,  0.423069)
(87.899620,  6.061658,  1.017605),  (0.252700,  0.881058)
(87.899353,  1.170410,  0.020637),  (0.252700,  0.423069)
(86.946800,  6.061658,  0.003432),  (0.204870,  0.881058)
(86.947121,  1.170408,  1.000399),  (0.204870,  0.423069)
(86.947121,  1.555639,  1.017693),  (0.252798,  0.423069)
(86.947121,  1.555639,  1.017693),  (0.252798,  0.423069)
(86.946800,  6.446889,  0.020725),  (0.252798,  0.881058)
(86.946800,  6.061658,  0.003432),  (0.204870,  0.881058)
(86.947121,  1.170407,  1.000270),  (0.252700,  0.423069)
(86.946800,  6.061659,  0.003302),  (0.252700,  0.881058)
(86.947121,  1.555638,  1.017564),  (0.204772,  0.423069)
(86.947121,  1.555638,  1.017564),  (0.204772,  0.423069)
(86.946800,  6.061659,  0.003302),  (0.252700,  0.881058)
(86.946800,  6.446890,  0.020596),  (0.204773,  0.881058)
(1.296657,  6.061656,  0.003433),  (0.204870,  0.881058)
(1.296987,  1.170406,  1.000400),  (0.204870,  0.423069)
(1.296987,  1.555636,  1.017694),  (0.252798,  0.423069)
(1.296987,  1.555636,  1.017694),  (0.252798,  0.423069)
(1.296663,  6.446887,  0.020727),  (0.252798,  0.881058)
(1.296657,  6.061656,  0.003433),  (0.204870,  0.881058)
(1.296987,  1.170405,  1.000270),  (0.252700,  0.423069)
(1.296657,  6.061656,  0.003303),  (0.252700,  0.881058)
(1.296987,  1.555635,  1.017565),  (0.204772,  0.423069)
(1.296987,  1.555635,  1.017565),  (0.204772,  0.423069)
(1.296657,  6.061656,  0.003303),  (0.252700,  0.881058)
(1.296663,  6.446887,  0.020597),  (0.204773,  0.881058)
(2.249217,  1.170408,  0.020509),  (0.204870,  0.423069)
(2.249478,  6.061654,  1.017477),  (0.204870,  0.881058)
(2.249207,  1.555640,  0.003215),  (0.252798,  0.423069)
(2.249207,  1.555640,  0.003215),  (0.252798,  0.423069)
(2.249478,  6.061654,  1.017477),  (0.204870,  0.881058)
(2.249469,  6.446885,  1.000183),  (0.252798,  0.881058)
(2.249478,  6.061655,  1.017606),  (0.252700,  0.881058)
(2.249207,  1.555638,  0.003344),  (0.204772,  0.423069)
(2.249469,  6.446886,  1.000312),  (0.204773,  0.881058)
(2.249207,  1.555638,  0.003344),  (0.204772,  0.423069)
(2.249478,  6.061655,  1.017606),  (0.252700,  0.881058)
(2.249217,  1.170407,  0.020638),  (0.252700,  0.423069)
(86.946510,  6.061661,  -0.947477),  (0.204870,  0.881058)
(86.946823,  1.170410,  0.049491),  (0.204870,  0.423069)
(86.946838,  1.555641,  0.066784),  (0.252798,  0.423069)
(86.946838,  1.555641,  0.066784),  (0.252798,  0.423069)
(86.946495,  6.446891,  -0.930183),  (0.252798,  0.881058)
(86.946510,  6.061661,  -0.947477),  (0.204870,  0.881058)
(86.946823,  1.170409,  0.049361),  (0.252700,  0.423069)
(86.946510,  6.061661,  -0.947606),  (0.252700,  0.881058)
(86.946838,  1.555640,  0.066655),  (0.204772,  0.423069)
(86.946838,  1.555640,  0.066655),  (0.204772,  0.423069)
(86.946510,  6.061661,  -0.947606),  (0.252700,  0.881058)
(86.946495,  6.446892,  -0.930313),  (0.204773,  0.881058)
(87.899086,  1.170411,  -0.930401),  (0.204870,  0.423069)
(87.899353,  6.061658,  0.066567),  (0.204870,  0.881058)
(87.899063,  1.555642,  -0.947695),  (0.252798,  0.423069)
(87.899063,  1.555642,  -0.947695),  (0.252798,  0.423069)
(87.899353,  6.061658,  0.066567),  (0.204870,  0.881058)
(87.899323,  6.446889,  0.049273),  (0.252798,  0.881058)
(87.899353,  6.061659,  0.066697),  (0.252700,  0.881058)
(87.899063,  1.555642,  -0.947565),  (0.204772,  0.423069)
(87.899323,  6.446890,  0.049403),  (0.204773,  0.881058)
(87.899063,  1.555642,  -0.947565),  (0.204772,  0.423069)
(87.899353,  6.061659,  0.066697),  (0.252700,  0.881058)
(87.899086,  1.170410,  -0.930271),  (0.252700,  0.423069)
(1.296422,  6.061657,  -0.947476),  (0.204870,  0.881058)
(1.296741,  1.170406,  0.049492),  (0.204870,  0.423069)
(1.296750,  1.555638,  0.066786),  (0.252798,  0.423069)
(1.296750,  1.555638,  0.066786),  (0.252798,  0.423069)
(1.296428,  6.446888,  -0.930182),  (0.252798,  0.881058)
(1.296422,  6.061657,  -0.947476),  (0.204870,  0.881058)
(1.296741,  1.170406,  0.049362),  (0.252700,  0.423069)
(1.296422,  6.061658,  -0.947605),  (0.252700,  0.881058)
(1.296750,  1.555637,  0.066656),  (0.204772,  0.423069)
(1.296750,  1.555637,  0.066656),  (0.204772,  0.423069)
(1.296422,  6.061658,  -0.947605),  (0.252700,  0.881058)
(1.296428,  6.446889,  -0.930312),  (0.204773,  0.881058)
(2.248919,  1.170408,  -0.930400),  (0.204870,  0.423069)
(2.249187,  6.061656,  0.066568),  (0.204870,  0.881058)
(2.248916,  1.555640,  -0.947694),  (0.252798,  0.423069)
(2.248916,  1.555640,  -0.947694),  (0.252798,  0.423069)
(2.249187,  6.061656,  0.066568),  (0.204870,  0.881058)
(2.249177,  6.446887,  0.049275),  (0.252798,  0.881058)
(2.249187,  6.061656,  0.066698),  (0.252700,  0.881058)
(2.248916,  1.555640,  -0.947564),  (0.204772,  0.423069)
(2.249177,  6.446887,  0.049404),  (0.204773,  0.881058)
(2.248916,  1.555640,  -0.947564),  (0.204772,  0.423069)
(2.249187,  6.061656,  0.066698),  (0.252700,  0.881058)
(2.248919,  1.170407,  -0.930270),  (0.252700,  0.423069)
(2.040606,  6.898168,  -0.926586),  (0.261692,  0.989219)
(86.794609,  6.967021,  -0.899351),  (0.738292,  0.975358)
(2.040606,  6.967020,  -0.899349),  (0.261692,  0.975357)
(86.794609,  6.967021,  -0.899351),  (0.738292,  0.975358)
(2.040606,  6.898168,  -0.926586),  (0.261692,  0.989219)
(86.794594,  6.898170,  -0.926587),  (0.738292,  0.989219)
(2.040612,  6.709200,  -0.938211),  (0.261692,  0.995135)
(86.794594,  6.898170,  -0.926587),  (0.738292,  0.989219)
(2.040606,  6.898168,  -0.926586),  (0.261692,  0.989219)
(86.794594,  6.898170,  -0.926587),  (0.738292,  0.989219)
(2.040612,  6.709200,  -0.938211),  (0.261692,  0.995135)
(86.794594,  6.709203,  -0.938213),  (0.738292,  0.995136)
(2.040624,  6.452208,  -0.938211),  (0.261692,  0.995135)
(86.794594,  6.709203,  -0.938213),  (0.738292,  0.995136)
(2.040612,  6.709200,  -0.938211),  (0.261692,  0.995135)
(86.794594,  6.709203,  -0.938213),  (0.738292,  0.995136)
(2.040624,  6.452208,  -0.938211),  (0.261692,  0.995135)
(86.794594,  6.452210,  -0.938213),  (0.738292,  0.995136)
(2.041120,  6.898168,  0.991903),  (0.261695,  0.012838)
(86.795113,  6.967021,  0.964666),  (0.738294,  0.026700)
(86.795113,  6.898169,  0.991902),  (0.738294,  0.012839)
(86.795113,  6.967021,  0.964666),  (0.738294,  0.026700)
(2.041120,  6.898168,  0.991903),  (0.261695,  0.012838)
(2.041102,  6.967020,  0.964666),  (0.261694,  0.026700)
(86.795113,  6.898169,  0.991902),  (0.738294,  0.012839)
(2.041132,  6.709200,  1.003528),  (0.261695,  0.006922)
(2.041120,  6.898168,  0.991903),  (0.261695,  0.012838)
(2.041132,  6.709200,  1.003528),  (0.261695,  0.006922)
(86.795113,  6.898169,  0.991902),  (0.738294,  0.012839)
(86.795113,  6.709203,  1.003528),  (0.738294,  0.006922)
(86.795113,  6.709203,  1.003528),  (0.738294,  0.006922)
(2.041144,  6.452208,  1.003528),  (0.261695,  0.006922)
(2.041132,  6.709200,  1.003528),  (0.261695,  0.006922)
(2.041144,  6.452208,  1.003528),  (0.261695,  0.006922)
(86.795113,  6.709203,  1.003528),  (0.738294,  0.006922)
(86.795113,  6.452210,  1.003528),  (0.738294,  0.006922)
(86.795113,  6.967021,  0.964666),  (0.738294,  0.026700)
(2.040606,  6.967020,  -0.899349),  (0.261692,  0.975357)
(86.794609,  6.967021,  -0.899351),  (0.738292,  0.975358)
(2.040606,  6.967020,  -0.899349),  (0.261692,  0.975357)
(86.795113,  6.967021,  0.964666),  (0.738294,  0.026700)
(2.041102,  6.967020,  0.964666),  (0.261694,  0.026700)
