(0.252728,  1.214880,  -0.245928),  (0.381483,  0.228011)
(0.248109,  1.200472,  -0.233714),  (0.392472,  0.236621)
(0.252728,  1.200472,  -0.245928),  (0.389451,  0.225789)
(0.248109,  1.200472,  -0.233714),  (0.392472,  0.236621)
(0.252728,  1.214880,  -0.245928),  (0.381483,  0.228011)
(0.248109,  1.214880,  -0.233714),  (0.384618,  0.238387)
(0.256321,  1.225109,  -0.242762),  (0.375416,  0.231856)
(0.252728,  1.228688,  -0.233714),  (0.377063,  0.239915)
(0.248109,  1.214880,  -0.233714),  (0.384618,  0.238387)
(0.248109,  1.214880,  -0.233714),  (0.384618,  0.238387)
(0.252728,  1.214880,  -0.245928),  (0.381483,  0.228011)
(0.256321,  1.225109,  -0.242762),  (0.375416,  0.231856)
(0.252728,  1.228688,  -0.215921),  (0.378317,  0.253723)
(0.248109,  1.214880,  -0.233714),  (0.384618,  0.238387)
(0.252728,  1.228688,  -0.233714),  (0.377063,  0.239915)
(0.248109,  1.214880,  -0.233714),  (0.384618,  0.238387)
(0.252728,  1.228688,  -0.215921),  (0.378317,  0.253723)
(0.248109,  1.214880,  -0.215921),  (0.386781,  0.252973)
(0.248109,  1.214880,  -0.215921),  (0.386781,  0.252973)
(0.248109,  1.200472,  -0.233714),  (0.392472,  0.236621)
(0.248109,  1.214880,  -0.233714),  (0.384618,  0.238387)
(0.248109,  1.200472,  -0.233714),  (0.392472,  0.236621)
(0.248109,  1.214880,  -0.215921),  (0.386781,  0.252973)
(0.251066,  1.199031,  -0.216463),  (0.395908,  0.251469)
(0.280443,  0.998132,  -0.215921),  (0.354990,  0.080757)
(0.266586,  0.992274,  -0.215921),  (0.365375,  0.080189)
(0.266586,  0.992274,  -0.195114),  (0.365118,  0.062701)
(0.280443,  0.998132,  -0.215921),  (0.354990,  0.080757)
(0.266586,  0.992274,  -0.195114),  (0.365118,  0.062701)
(0.280443,  0.998132,  -0.195114),  (0.353860,  0.063071)
(0.252728,  0.998132,  -0.215921),  (0.375771,  0.080451)
(0.266586,  0.992274,  -0.195114),  (0.365118,  0.062701)
(0.266586,  0.992274,  -0.215921),  (0.365375,  0.080189)
(0.266586,  0.992274,  -0.195114),  (0.365118,  0.062701)
(0.252728,  0.998132,  -0.215921),  (0.375771,  0.080451)
(0.252728,  0.998132,  -0.195114),  (0.376382,  0.062740)
(0.285062,  1.214880,  -0.215921),  (0.348993,  0.253540)
(0.285062,  1.200472,  -0.233714),  (0.342815,  0.237366)
(0.282106,  1.199031,  -0.216463),  (0.339826,  0.252311)
(0.285062,  1.200472,  -0.233714),  (0.342815,  0.237366)
(0.285062,  1.214880,  -0.215921),  (0.348993,  0.253540)
(0.285062,  1.214880,  -0.233714),  (0.350718,  0.238896)
(0.280443,  1.228688,  -0.215921),  (0.357476,  0.254036)
(0.280443,  1.228688,  -0.233714),  (0.358315,  0.240196)
(0.285062,  1.214880,  -0.233714),  (0.350718,  0.238896)
(0.280443,  1.228688,  -0.215921),  (0.357476,  0.254036)
(0.285062,  1.214880,  -0.233714),  (0.350718,  0.238896)
(0.285062,  1.214880,  -0.215921),  (0.348993,  0.253540)
(0.276850,  1.225109,  -0.242762),  (0.359720,  0.232092)
(0.285062,  1.214880,  -0.233714),  (0.350718,  0.238896)
(0.280443,  1.228688,  -0.233714),  (0.358315,  0.240196)
(0.285062,  1.214880,  -0.233714),  (0.350718,  0.238896)
(0.276850,  1.225109,  -0.242762),  (0.359720,  0.232092)
(0.280443,  1.214880,  -0.245928),  (0.353540,  0.228431)
(0.280443,  1.214880,  -0.245928),  (0.353540,  0.228431)
(0.285062,  1.200472,  -0.233714),  (0.342815,  0.237366)
(0.285062,  1.214880,  -0.233714),  (0.350718,  0.238896)
(0.285062,  1.200472,  -0.233714),  (0.342815,  0.237366)
(0.280443,  1.214880,  -0.245928),  (0.353540,  0.228431)
(0.280443,  1.200472,  -0.245928),  (0.345509,  0.226448)
(0.280443,  1.214880,  -0.245928),  (0.357014,  0.225423)
(0.266586,  1.200472,  -0.250000),  (0.367340,  0.216775)
(0.280443,  1.200472,  -0.245928),  (0.356534,  0.217290)
(0.266586,  1.200472,  -0.250000),  (0.367340,  0.216775)
(0.280443,  1.214880,  -0.245928),  (0.357014,  0.225423)
(0.266586,  1.214880,  -0.250000),  (0.367453,  0.224352)
(0.276850,  1.225109,  -0.242762),  (0.359720,  0.232092)
(0.266586,  1.228688,  -0.245928),  (0.367559,  0.231416)
(0.266586,  1.214880,  -0.250000),  (0.367453,  0.224352)
(0.266586,  1.214880,  -0.250000),  (0.367453,  0.224352)
(0.280443,  1.214880,  -0.245928),  (0.357014,  0.225423)
(0.276850,  1.225109,  -0.242762),  (0.359720,  0.232092)
(0.256321,  1.225109,  -0.242762),  (0.375416,  0.231856)
(0.266586,  1.214880,  -0.250000),  (0.367453,  0.224352)
(0.266586,  1.228688,  -0.245928),  (0.367559,  0.231416)
(0.266586,  1.214880,  -0.250000),  (0.367453,  0.224352)
(0.256321,  1.225109,  -0.242762),  (0.375416,  0.231856)
(0.252728,  1.214880,  -0.245928),  (0.377920,  0.225109)
(0.252728,  1.214880,  -0.245928),  (0.377920,  0.225109)
(0.266586,  1.200472,  -0.250000),  (0.367340,  0.216775)
(0.266586,  1.214880,  -0.250000),  (0.367453,  0.224352)
(0.266586,  1.200472,  -0.250000),  (0.367340,  0.216775)
(0.252728,  1.214880,  -0.245928),  (0.377920,  0.225109)
(0.252728,  1.200472,  -0.245928),  (0.378156,  0.216966)
(0.252728,  0.998132,  -0.233714),  (0.374815,  0.093934)
(0.252728,  0.998132,  -0.215921),  (0.375771,  0.080451)
(0.266586,  0.992274,  -0.233714),  (0.365575,  0.093824)
(0.266586,  0.992274,  -0.233714),  (0.365575,  0.093824)
(0.252728,  0.998132,  -0.215921),  (0.375771,  0.080451)
(0.266586,  0.992274,  -0.215921),  (0.365375,  0.080189)
(0.280443,  0.998132,  -0.233714),  (0.356342,  0.094206)
(0.266586,  0.992274,  -0.233714),  (0.365575,  0.093824)
(0.280443,  0.998132,  -0.215921),  (0.354990,  0.080757)
(0.266586,  0.992274,  -0.233714),  (0.365575,  0.093824)
(0.266586,  0.992274,  -0.215921),  (0.365375,  0.080189)
(0.280443,  0.998132,  -0.215921),  (0.354990,  0.080757)
(0.276850,  1.002689,  -0.242762),  (0.357740,  0.102370)
(0.266586,  0.998132,  -0.245928),  (0.365702,  0.102469)
(0.266586,  0.992274,  -0.233714),  (0.365575,  0.093824)
(0.266586,  0.992274,  -0.233714),  (0.365575,  0.093824)
(0.280443,  0.998132,  -0.233714),  (0.356342,  0.094206)
(0.276850,  1.002689,  -0.242762),  (0.357740,  0.102370)
(0.256321,  1.002689,  -0.242762),  (0.373658,  0.102136)
(0.266586,  0.992274,  -0.233714),  (0.365575,  0.093824)
(0.266586,  0.998132,  -0.245928),  (0.365702,  0.102469)
(0.266586,  0.992274,  -0.233714),  (0.365575,  0.093824)
(0.256321,  1.002689,  -0.242762),  (0.373658,  0.102136)
(0.252728,  0.998132,  -0.233714),  (0.374815,  0.093934)
(0.280443,  1.228688,  -0.215921),  (0.357476,  0.254036)
(0.266586,  1.233291,  -0.215921),  (0.367902,  0.254224)
(0.266586,  1.233291,  -0.233714),  (0.367691,  0.240192)
(0.280443,  1.228688,  -0.215921),  (0.357476,  0.254036)
(0.266586,  1.233291,  -0.233714),  (0.367691,  0.240192)
(0.280443,  1.228688,  -0.233714),  (0.358315,  0.240196)
(0.252728,  1.228688,  -0.215921),  (0.378317,  0.253723)
(0.266586,  1.233291,  -0.233714),  (0.367691,  0.240192)
(0.266586,  1.233291,  -0.215921),  (0.367902,  0.254224)
(0.266586,  1.233291,  -0.233714),  (0.367691,  0.240192)
(0.252728,  1.228688,  -0.215921),  (0.378317,  0.253723)
(0.252728,  1.228688,  -0.233714),  (0.377063,  0.239915)
(0.252728,  1.228688,  -0.233714),  (0.377063,  0.239915)
(0.256321,  1.225109,  -0.242762),  (0.375416,  0.231856)
(0.266586,  1.233291,  -0.233714),  (0.367691,  0.240192)
(0.266586,  1.233291,  -0.233714),  (0.367691,  0.240192)
(0.256321,  1.225109,  -0.242762),  (0.375416,  0.231856)
(0.266586,  1.228688,  -0.245928),  (0.367559,  0.231416)
(0.280443,  1.228688,  -0.233714),  (0.358315,  0.240196)
(0.266586,  1.233291,  -0.233714),  (0.367691,  0.240192)
(0.276850,  1.225109,  -0.242762),  (0.359720,  0.232092)
(0.266586,  1.233291,  -0.233714),  (0.367691,  0.240192)
(0.266586,  1.228688,  -0.245928),  (0.367559,  0.231416)
(0.276850,  1.225109,  -0.242762),  (0.359720,  0.232092)
(0.280443,  1.200472,  -0.245928),  (0.356534,  0.217290)
(0.266586,  1.200472,  -0.250000),  (0.367340,  0.216775)
(0.266586,  1.186269,  -0.250000),  (0.367222,  0.208934)
(0.280443,  1.200472,  -0.245928),  (0.356534,  0.217290)
(0.266586,  1.186269,  -0.250000),  (0.367222,  0.208934)
(0.280443,  1.186269,  -0.245928),  (0.356099,  0.209387)
(0.252728,  1.200472,  -0.245928),  (0.378156,  0.216966)
(0.266586,  1.186269,  -0.250000),  (0.367222,  0.208934)
(0.266586,  1.200472,  -0.250000),  (0.367340,  0.216775)
(0.266586,  1.186269,  -0.250000),  (0.367222,  0.208934)
(0.252728,  1.200472,  -0.245928),  (0.378156,  0.216966)
(0.252728,  1.186269,  -0.245928),  (0.378370,  0.209059)
(0.266586,  1.186269,  -0.250000),  (0.367222,  0.208934)
(0.266586,  1.049837,  -0.250000),  (0.366106,  0.129979)
(0.280443,  1.186269,  -0.245928),  (0.356099,  0.209387)
(0.280443,  1.186269,  -0.245928),  (0.356099,  0.209387)
(0.266586,  1.049837,  -0.250000),  (0.366106,  0.129979)
(0.280443,  1.049837,  -0.245928),  (0.354821,  0.129993)
(0.285062,  1.200472,  -0.233714),  (0.345754,  0.217937)
(0.280443,  1.186269,  -0.221499),  (0.333531,  0.211363)
(0.282106,  1.199031,  -0.216463),  (0.331559,  0.219683)
(0.280443,  1.186269,  -0.221499),  (0.333531,  0.211363)
(0.285062,  1.200472,  -0.233714),  (0.345754,  0.217937)
(0.285062,  1.186269,  -0.233714),  (0.344907,  0.210154)
(0.280443,  1.200472,  -0.245928),  (0.356534,  0.217290)
(0.285062,  1.186269,  -0.233714),  (0.344907,  0.210154)
(0.285062,  1.200472,  -0.233714),  (0.345754,  0.217937)
(0.285062,  1.186269,  -0.233714),  (0.344907,  0.210154)
(0.280443,  1.200472,  -0.245928),  (0.356534,  0.217290)
(0.280443,  1.186269,  -0.245928),  (0.356099,  0.209387)
(0.266586,  1.195870,  -0.211849),  (0.414551,  0.215266)
(0.252728,  1.186269,  -0.221499),  (0.400943,  0.210411)
(0.251066,  1.199031,  -0.216463),  (0.403142,  0.218666)
(0.252728,  1.186269,  -0.221499),  (0.400943,  0.210411)
(0.266586,  1.195870,  -0.211849),  (0.414551,  0.215266)
(0.266586,  1.186269,  -0.217428),  (0.411920,  0.208914)
(0.266586,  1.195870,  -0.211849),  (0.320056,  0.216594)
(0.280443,  1.186269,  -0.221499),  (0.333531,  0.211363)
(0.266586,  1.186269,  -0.217428),  (0.322512,  0.210170)
(0.280443,  1.186269,  -0.221499),  (0.333531,  0.211363)
(0.266586,  1.195870,  -0.211849),  (0.320056,  0.216594)
(0.282106,  1.199031,  -0.216463),  (0.331559,  0.219683)
(0.252728,  1.200472,  -0.245928),  (0.378156,  0.216966)
(0.248109,  1.200472,  -0.233714),  (0.388918,  0.217311)
(0.248109,  1.186269,  -0.233714),  (0.389545,  0.209521)
(0.252728,  1.200472,  -0.245928),  (0.378156,  0.216966)
(0.248109,  1.186269,  -0.233714),  (0.389545,  0.209521)
(0.252728,  1.186269,  -0.245928),  (0.378370,  0.209059)
(0.248109,  1.200472,  -0.233714),  (0.388918,  0.217311)
(0.252728,  1.186269,  -0.221499),  (0.400943,  0.210411)
(0.248109,  1.186269,  -0.233714),  (0.389545,  0.209521)
(0.252728,  1.186269,  -0.221499),  (0.400943,  0.210411)
(0.248109,  1.200472,  -0.233714),  (0.388918,  0.217311)
(0.251066,  1.199031,  -0.216463),  (0.403142,  0.218666)
(0.252728,  1.015706,  -0.245928),  (0.381155,  0.106243)
(0.248109,  1.015706,  -0.233714),  (0.383996,  0.095797)
(0.256321,  1.002689,  -0.242762),  (0.373658,  0.102136)
(0.248109,  1.015706,  -0.233714),  (0.383996,  0.095797)
(0.252728,  0.998132,  -0.233714),  (0.374815,  0.093934)
(0.256321,  1.002689,  -0.242762),  (0.373658,  0.102136)
(0.252728,  1.034005,  -0.245928),  (0.391332,  0.108718)
(0.248109,  1.034005,  -0.233714),  (0.393981,  0.097824)
(0.248109,  1.015706,  -0.233714),  (0.383996,  0.095797)
(0.252728,  1.034005,  -0.245928),  (0.391332,  0.108718)
(0.248109,  1.015706,  -0.233714),  (0.383996,  0.095797)
(0.252728,  1.015706,  -0.245928),  (0.381155,  0.106243)
(0.248109,  1.034005,  -0.233714),  (0.393981,  0.097824)
(0.248109,  1.015706,  -0.215921),  (0.386050,  0.081241)
(0.248109,  1.015706,  -0.233714),  (0.383996,  0.095797)
(0.248109,  1.015706,  -0.215921),  (0.386050,  0.081241)
(0.248109,  1.034005,  -0.233714),  (0.393981,  0.097824)
(0.251066,  1.035853,  -0.216463),  (0.397476,  0.082958)
(0.252728,  0.998132,  -0.215921),  (0.375771,  0.080451)
(0.248109,  1.015706,  -0.233714),  (0.383996,  0.095797)
(0.248109,  1.015706,  -0.215921),  (0.386050,  0.081241)
(0.248109,  1.015706,  -0.233714),  (0.383996,  0.095797)
(0.252728,  0.998132,  -0.215921),  (0.375771,  0.080451)
(0.252728,  0.998132,  -0.233714),  (0.374815,  0.093934)
(0.280443,  1.033281,  -0.195114),  (0.332450,  0.065048)
(0.285062,  1.015706,  -0.215921),  (0.344740,  0.081848)
(0.285062,  1.015706,  -0.195114),  (0.343127,  0.063989)
(0.285062,  1.015706,  -0.215921),  (0.344740,  0.081848)
(0.280443,  1.033281,  -0.195114),  (0.332450,  0.065048)
(0.282106,  1.035853,  -0.216463),  (0.333369,  0.083900)
(0.280443,  0.998132,  -0.215921),  (0.354990,  0.080757)
(0.285062,  1.015706,  -0.195114),  (0.343127,  0.063989)
(0.285062,  1.015706,  -0.215921),  (0.344740,  0.081848)
(0.285062,  1.015706,  -0.195114),  (0.343127,  0.063989)
(0.280443,  0.998132,  -0.215921),  (0.354990,  0.080757)
(0.280443,  0.998132,  -0.195114),  (0.353860,  0.063071)
(0.285062,  1.015706,  -0.215921),  (0.344740,  0.081848)
(0.285062,  1.015706,  -0.233714),  (0.347220,  0.096337)
(0.280443,  0.998132,  -0.215921),  (0.354990,  0.080757)
(0.285062,  1.015706,  -0.233714),  (0.347220,  0.096337)
(0.280443,  0.998132,  -0.233714),  (0.356342,  0.094206)
(0.280443,  0.998132,  -0.215921),  (0.354990,  0.080757)
(0.285062,  1.034005,  -0.233714),  (0.337299,  0.098657)
(0.285062,  1.015706,  -0.215921),  (0.344740,  0.081848)
(0.282106,  1.035853,  -0.216463),  (0.333369,  0.083900)
(0.285062,  1.015706,  -0.215921),  (0.344740,  0.081848)
(0.285062,  1.034005,  -0.233714),  (0.337299,  0.098657)
(0.285062,  1.015706,  -0.233714),  (0.347220,  0.096337)
(0.280443,  1.034005,  -0.245928),  (0.340267,  0.109468)
(0.285062,  1.015706,  -0.233714),  (0.347220,  0.096337)
(0.285062,  1.034005,  -0.233714),  (0.337299,  0.098657)
(0.285062,  1.015706,  -0.233714),  (0.347220,  0.096337)
(0.280443,  1.034005,  -0.245928),  (0.340267,  0.109468)
(0.280443,  1.015706,  -0.245928),  (0.350367,  0.106696)
(0.280443,  1.015706,  -0.245928),  (0.350367,  0.106696)
(0.276850,  1.002689,  -0.242762),  (0.357740,  0.102370)
(0.285062,  1.015706,  -0.233714),  (0.347220,  0.096337)
(0.285062,  1.015706,  -0.233714),  (0.347220,  0.096337)
(0.276850,  1.002689,  -0.242762),  (0.357740,  0.102370)
(0.280443,  0.998132,  -0.233714),  (0.356342,  0.094206)
(0.280443,  1.015706,  -0.245928),  (0.355172,  0.110583)
(0.266586,  1.015706,  -0.250000),  (0.365831,  0.111224)
(0.276850,  1.002689,  -0.242762),  (0.357740,  0.102370)
(0.266586,  1.015706,  -0.250000),  (0.365831,  0.111224)
(0.266586,  0.998132,  -0.245928),  (0.365702,  0.102469)
(0.276850,  1.002689,  -0.242762),  (0.357740,  0.102370)
(0.280443,  1.034005,  -0.245928),  (0.354982,  0.120969)
(0.266586,  1.034005,  -0.250000),  (0.365976,  0.121093)
(0.266586,  1.015706,  -0.250000),  (0.365831,  0.111224)
(0.280443,  1.034005,  -0.245928),  (0.354982,  0.120969)
(0.266586,  1.015706,  -0.250000),  (0.365831,  0.111224)
(0.280443,  1.015706,  -0.245928),  (0.355172,  0.110583)
(0.252728,  1.034005,  -0.245928),  (0.376961,  0.120647)
(0.266586,  1.015706,  -0.250000),  (0.365831,  0.111224)
(0.266586,  1.034005,  -0.250000),  (0.365976,  0.121093)
(0.266586,  1.015706,  -0.250000),  (0.365831,  0.111224)
(0.252728,  1.034005,  -0.245928),  (0.376961,  0.120647)
(0.252728,  1.015706,  -0.245928),  (0.376467,  0.110271)
(0.252728,  1.015706,  -0.245928),  (0.376467,  0.110271)
(0.256321,  1.002689,  -0.242762),  (0.373658,  0.102136)
(0.266586,  1.015706,  -0.250000),  (0.365831,  0.111224)
(0.266586,  1.015706,  -0.250000),  (0.365831,  0.111224)
(0.256321,  1.002689,  -0.242762),  (0.373658,  0.102136)
(0.266586,  0.998132,  -0.245928),  (0.365702,  0.102469)
(0.252728,  1.201072,  -0.195114),  (0.396738,  0.270338)
(0.248109,  1.214880,  -0.215921),  (0.386781,  0.252973)
(0.248109,  1.214880,  -0.195114),  (0.388034,  0.270997)
(0.248109,  1.214880,  -0.215921),  (0.386781,  0.252973)
(0.252728,  1.201072,  -0.195114),  (0.396738,  0.270338)
(0.251066,  1.199031,  -0.216463),  (0.395908,  0.251469)
(0.252728,  1.228688,  -0.215921),  (0.378317,  0.253723)
(0.252728,  1.228688,  -0.195114),  (0.379293,  0.271596)
(0.248109,  1.214880,  -0.195114),  (0.388034,  0.270997)
(0.252728,  1.228688,  -0.215921),  (0.378317,  0.253723)
(0.248109,  1.214880,  -0.195114),  (0.388034,  0.270997)
(0.248109,  1.214880,  -0.215921),  (0.386781,  0.252973)
(0.266586,  1.195870,  -0.211849),  (0.327825,  0.256902)
(0.280443,  1.201072,  -0.195114),  (0.339564,  0.271197)
(0.282106,  1.199031,  -0.216463),  (0.339826,  0.252311)
(0.280443,  1.201072,  -0.195114),  (0.339564,  0.271197)
(0.266586,  1.195870,  -0.211849),  (0.327825,  0.256902)
(0.266586,  1.196469,  -0.195114),  (0.328487,  0.271632)
(0.266586,  1.195870,  -0.211849),  (0.408042,  0.255696)
(0.252728,  1.201072,  -0.195114),  (0.396738,  0.270338)
(0.266586,  1.196469,  -0.195114),  (0.407822,  0.270441)
(0.252728,  1.201072,  -0.195114),  (0.396738,  0.270338)
(0.266586,  1.195870,  -0.211849),  (0.408042,  0.255696)
(0.251066,  1.199031,  -0.216463),  (0.395908,  0.251469)
(0.252728,  1.228688,  -0.195114),  (0.379293,  0.271596)
(0.252728,  1.228688,  -0.215921),  (0.378317,  0.253723)
(0.266586,  1.233291,  -0.195114),  (0.368168,  0.271930)
(0.266586,  1.233291,  -0.195114),  (0.368168,  0.271930)
(0.252728,  1.228688,  -0.215921),  (0.378317,  0.253723)
(0.266586,  1.233291,  -0.215921),  (0.367902,  0.254224)
(0.280443,  1.228688,  -0.195114),  (0.357039,  0.271930)
(0.266586,  1.233291,  -0.195114),  (0.368168,  0.271930)
(0.280443,  1.228688,  -0.215921),  (0.357476,  0.254036)
(0.266586,  1.233291,  -0.195114),  (0.368168,  0.271930)
(0.266586,  1.233291,  -0.215921),  (0.367902,  0.254224)
(0.280443,  1.228688,  -0.215921),  (0.357476,  0.254036)
(0.252728,  1.033281,  -0.195114),  (0.397841,  0.064087)
(0.266586,  1.039863,  -0.211849),  (0.409592,  0.078518)
(0.266586,  1.039139,  -0.195114),  (0.409098,  0.063805)
(0.266586,  1.039863,  -0.211849),  (0.409592,  0.078518)
(0.252728,  1.033281,  -0.195114),  (0.397841,  0.064087)
(0.251066,  1.035853,  -0.216463),  (0.397476,  0.082958)
(0.280443,  1.033281,  -0.195114),  (0.332450,  0.065048)
(0.266586,  1.039863,  -0.211849),  (0.321127,  0.079818)
(0.282106,  1.035853,  -0.216463),  (0.333369,  0.083900)
(0.266586,  1.039863,  -0.211849),  (0.321127,  0.079818)
(0.280443,  1.033281,  -0.195114),  (0.332450,  0.065048)
(0.266586,  1.039139,  -0.195114),  (0.321189,  0.065098)
(0.280443,  1.228688,  -0.215921),  (0.357476,  0.254036)
(0.285062,  1.214880,  -0.195114),  (0.348283,  0.271594)
(0.280443,  1.228688,  -0.195114),  (0.357039,  0.271930)
(0.285062,  1.214880,  -0.195114),  (0.348283,  0.271594)
(0.280443,  1.228688,  -0.215921),  (0.357476,  0.254036)
(0.285062,  1.214880,  -0.215921),  (0.348993,  0.253540)
(0.285062,  1.214880,  -0.215921),  (0.348993,  0.253540)
(0.280443,  1.201072,  -0.195114),  (0.339564,  0.271197)
(0.285062,  1.214880,  -0.195114),  (0.348283,  0.271594)
(0.280443,  1.201072,  -0.195114),  (0.339564,  0.271197)
(0.285062,  1.214880,  -0.215921),  (0.348993,  0.253540)
(0.282106,  1.199031,  -0.216463),  (0.339826,  0.252311)
(0.252728,  0.998132,  -0.195114),  (0.376382,  0.062740)
(0.252728,  0.998132,  -0.215921),  (0.375771,  0.080451)
(0.248109,  1.015706,  -0.195114),  (0.387137,  0.063342)
(0.248109,  1.015706,  -0.215921),  (0.386050,  0.081241)
(0.248109,  1.015706,  -0.195114),  (0.387137,  0.063342)
(0.252728,  0.998132,  -0.215921),  (0.375771,  0.080451)
(0.252728,  1.033281,  -0.195114),  (0.397841,  0.064087)
(0.248109,  1.015706,  -0.215921),  (0.386050,  0.081241)
(0.251066,  1.035853,  -0.216463),  (0.397476,  0.082958)
(0.248109,  1.015706,  -0.215921),  (0.386050,  0.081241)
(0.252728,  1.033281,  -0.195114),  (0.397841,  0.064087)
(0.248109,  1.015706,  -0.195114),  (0.387137,  0.063342)
(0.280443,  1.049837,  -0.245928),  (0.354821,  0.129993)
(0.266586,  1.049837,  -0.250000),  (0.366106,  0.129979)
(0.280443,  1.034005,  -0.245928),  (0.354982,  0.120969)
(0.266586,  1.049837,  -0.250000),  (0.366106,  0.129979)
(0.266586,  1.034005,  -0.250000),  (0.365976,  0.121093)
(0.280443,  1.034005,  -0.245928),  (0.354982,  0.120969)
(0.252728,  1.186269,  -0.245928),  (0.378370,  0.209059)
(0.252728,  1.049837,  -0.245928),  (0.377378,  0.129667)
(0.266586,  1.186269,  -0.250000),  (0.367222,  0.208934)
(0.266586,  1.186269,  -0.250000),  (0.367222,  0.208934)
(0.252728,  1.049837,  -0.245928),  (0.377378,  0.129667)
(0.266586,  1.049837,  -0.250000),  (0.366106,  0.129979)
(0.285062,  1.186269,  -0.233714),  (0.344907,  0.210154)
(0.285062,  1.049837,  -0.233714),  (0.343442,  0.129666)
(0.280443,  1.186269,  -0.221499),  (0.333531,  0.211363)
(0.280443,  1.186269,  -0.221499),  (0.333531,  0.211363)
(0.285062,  1.049837,  -0.233714),  (0.343442,  0.129666)
(0.280443,  1.049837,  -0.221499),  (0.331509,  0.128981)
(0.252728,  1.049837,  -0.245928),  (0.377378,  0.129667)
(0.252728,  1.034005,  -0.245928),  (0.376961,  0.120647)
(0.266586,  1.049837,  -0.250000),  (0.366106,  0.129979)
(0.266586,  1.049837,  -0.250000),  (0.366106,  0.129979)
(0.252728,  1.034005,  -0.245928),  (0.376961,  0.120647)
(0.266586,  1.034005,  -0.250000),  (0.365976,  0.121093)
(0.285062,  1.034005,  -0.233714),  (0.344012,  0.120708)
(0.280443,  1.049837,  -0.221499),  (0.331509,  0.128981)
(0.285062,  1.049837,  -0.233714),  (0.343442,  0.129666)
(0.280443,  1.049837,  -0.221499),  (0.331509,  0.128981)
(0.285062,  1.034005,  -0.233714),  (0.344012,  0.120708)
(0.282106,  1.035853,  -0.216463),  (0.329074,  0.119687)
(0.285062,  1.049837,  -0.233714),  (0.343442,  0.129666)
(0.285062,  1.186269,  -0.233714),  (0.344907,  0.210154)
(0.280443,  1.186269,  -0.245928),  (0.356099,  0.209387)
(0.280443,  1.186269,  -0.245928),  (0.356099,  0.209387)
(0.280443,  1.049837,  -0.245928),  (0.354821,  0.129993)
(0.285062,  1.049837,  -0.233714),  (0.343442,  0.129666)
(0.266586,  1.049837,  -0.217428),  (0.412358,  0.129452)
(0.252728,  1.186269,  -0.221499),  (0.400943,  0.210411)
(0.266586,  1.186269,  -0.217428),  (0.411920,  0.208914)
(0.252728,  1.186269,  -0.221499),  (0.400943,  0.210411)
(0.266586,  1.049837,  -0.217428),  (0.412358,  0.129452)
(0.252728,  1.049837,  -0.221499),  (0.400687,  0.128002)
(0.280443,  1.049837,  -0.245928),  (0.354821,  0.129993)
(0.280443,  1.034005,  -0.245928),  (0.354982,  0.120969)
(0.285062,  1.049837,  -0.233714),  (0.343442,  0.129666)
(0.285062,  1.049837,  -0.233714),  (0.343442,  0.129666)
(0.280443,  1.034005,  -0.245928),  (0.354982,  0.120969)
(0.285062,  1.034005,  -0.233714),  (0.344012,  0.120708)
(0.252728,  1.049837,  -0.221499),  (0.400687,  0.128002)
(0.266586,  1.039863,  -0.211849),  (0.415072,  0.122457)
(0.251066,  1.035853,  -0.216463),  (0.402865,  0.118637)
(0.266586,  1.039863,  -0.211849),  (0.415072,  0.122457)
(0.252728,  1.049837,  -0.221499),  (0.400687,  0.128002)
(0.266586,  1.049837,  -0.217428),  (0.412358,  0.129452)
(0.266586,  1.049837,  -0.217428),  (0.319886,  0.130753)
(0.266586,  1.186269,  -0.217428),  (0.322512,  0.210170)
(0.280443,  1.186269,  -0.221499),  (0.333531,  0.211363)
(0.280443,  1.186269,  -0.221499),  (0.333531,  0.211363)
(0.280443,  1.049837,  -0.221499),  (0.331509,  0.128981)
(0.266586,  1.049837,  -0.217428),  (0.319886,  0.130753)
(0.248109,  1.186269,  -0.233714),  (0.389545,  0.209521)
(0.252728,  1.049837,  -0.245928),  (0.377378,  0.129667)
(0.252728,  1.186269,  -0.245928),  (0.378370,  0.209059)
(0.252728,  1.049837,  -0.245928),  (0.377378,  0.129667)
(0.248109,  1.186269,  -0.233714),  (0.389545,  0.209521)
(0.248109,  1.049837,  -0.233714),  (0.388772,  0.129022)
(0.280443,  1.049837,  -0.221499),  (0.331509,  0.128981)
(0.266586,  1.039863,  -0.211849),  (0.316982,  0.123839)
(0.266586,  1.049837,  -0.217428),  (0.319886,  0.130753)
(0.266586,  1.039863,  -0.211849),  (0.316982,  0.123839)
(0.280443,  1.049837,  -0.221499),  (0.331509,  0.128981)
(0.282106,  1.035853,  -0.216463),  (0.329074,  0.119687)
(0.252728,  1.049837,  -0.245928),  (0.377378,  0.129667)
(0.248109,  1.049837,  -0.233714),  (0.388772,  0.129022)
(0.252728,  1.034005,  -0.245928),  (0.376961,  0.120647)
(0.248109,  1.049837,  -0.233714),  (0.388772,  0.129022)
(0.248109,  1.034005,  -0.233714),  (0.387946,  0.120072)
(0.252728,  1.034005,  -0.245928),  (0.376961,  0.120647)
(0.248109,  1.049837,  -0.233714),  (0.388772,  0.129022)
(0.248109,  1.186269,  -0.233714),  (0.389545,  0.209521)
(0.252728,  1.186269,  -0.221499),  (0.400943,  0.210411)
(0.252728,  1.186269,  -0.221499),  (0.400943,  0.210411)
(0.252728,  1.049837,  -0.221499),  (0.400687,  0.128002)
(0.248109,  1.049837,  -0.233714),  (0.388772,  0.129022)
(0.252728,  1.049837,  -0.221499),  (0.400687,  0.128002)
(0.248109,  1.034005,  -0.233714),  (0.387946,  0.120072)
(0.248109,  1.049837,  -0.233714),  (0.388772,  0.129022)
(0.248109,  1.034005,  -0.233714),  (0.387946,  0.120072)
(0.252728,  1.049837,  -0.221499),  (0.400687,  0.128002)
(0.251066,  1.035853,  -0.216463),  (0.402865,  0.118637)
(-0.387752,  1.983577,  0.250000),  (0.394291,  0.454412)
(0.384538,  0.016423,  0.250000),  (0.185353,  0.851309)
(-0.387752,  0.016423,  0.250000),  (0.394291,  0.851309)
(0.384538,  0.016423,  0.250000),  (0.185353,  0.851309)
(-0.387752,  1.983577,  0.250000),  (0.394291,  0.454412)
(0.384538,  1.983577,  0.250000),  (0.185353,  0.454412)
(0.384538,  0.000000,  -0.151041),  (0.185353,  0.977714)
(-0.387752,  0.000000,  0.239204),  (0.394291,  0.857936)
(0.384538,  0.000000,  0.239204),  (0.185353,  0.857936)
(-0.387752,  0.000000,  0.239204),  (0.394291,  0.857936)
(0.384538,  0.000000,  -0.151041),  (0.185353,  0.977714)
(-0.387752,  0.000000,  -0.151041),  (0.394291,  0.977714)
(0.384756,  0.016706,  -0.161836),  (0.185294,  0.984398)
(-0.363387,  0.050846,  -0.161836),  (0.387699,  0.991286)
(-0.387971,  0.016706,  -0.161836),  (0.394350,  0.984398)
(-0.363387,  0.050846,  -0.161836),  (0.387699,  0.991286)
(0.384756,  0.016706,  -0.161836),  (0.185294,  0.984398)
(0.360173,  0.050846,  -0.161836),  (0.191945,  0.991286)
(-0.353736,  1.935750,  -0.153175),  (0.688564,  0.378211)
(0.350522,  1.935750,  -0.113341),  (0.879096,  0.471620)
(0.350522,  1.935750,  -0.153175),  (0.879096,  0.378211)
(0.350522,  1.935750,  -0.113341),  (0.879096,  0.471620)
(-0.353736,  1.935750,  -0.153175),  (0.688564,  0.378211)
(-0.353736,  1.935750,  -0.113341),  (0.688564,  0.471620)
(0.350522,  1.935750,  -0.113341),  (0.879096,  0.471620)
(0.350522,  0.064250,  -0.153175),  (0.972505,  0.849217)
(0.350522,  1.935750,  -0.153175),  (0.972505,  0.471620)
(0.350522,  0.064250,  -0.153175),  (0.972505,  0.849217)
(0.350522,  1.935750,  -0.113341),  (0.879096,  0.471620)
(0.350522,  0.064250,  -0.113341),  (0.879096,  0.849217)
(-0.353736,  1.935750,  -0.113341),  (0.688564,  0.471620)
(-0.353736,  0.064250,  -0.153175),  (0.595155,  0.849217)
(-0.353736,  0.064250,  -0.113341),  (0.688564,  0.849217)
(-0.353736,  0.064250,  -0.153175),  (0.595155,  0.849217)
(-0.353736,  1.935750,  -0.113341),  (0.688564,  0.471620)
(-0.353736,  1.935750,  -0.153175),  (0.595155,  0.471620)
(-0.387752,  2.000000,  0.239204),  (0.394291,  0.447785)
(0.384538,  2.000000,  -0.151041),  (0.185353,  0.328008)
(0.384538,  2.000000,  0.239204),  (0.185353,  0.447785)
(0.384538,  2.000000,  -0.151041),  (0.185353,  0.328008)
(-0.387752,  2.000000,  0.239204),  (0.394291,  0.447785)
(-0.387752,  2.000000,  -0.151041),  (0.394291,  0.328008)
(-0.400000,  1.983577,  0.239204),  (0.400918,  0.454412)
(-0.400000,  0.016423,  -0.151041),  (0.520696,  0.851309)
(-0.400000,  1.983577,  -0.151041),  (0.520695,  0.454412)
(-0.400000,  0.016423,  -0.151041),  (0.520696,  0.851309)
(-0.400000,  1.983577,  0.239204),  (0.400918,  0.454412)
(-0.400000,  0.016423,  0.239204),  (0.400918,  0.851309)
(0.350522,  1.935750,  -0.113341),  (0.879096,  0.471620)
(-0.353736,  0.064250,  -0.113341),  (0.688564,  0.849217)
(0.350522,  0.064250,  -0.113341),  (0.879096,  0.849217)
(-0.353736,  0.064250,  -0.113341),  (0.688564,  0.849217)
(0.350522,  1.935750,  -0.113341),  (0.879096,  0.471620)
(-0.353736,  1.935750,  -0.113341),  (0.688564,  0.471620)
(-0.387971,  0.016706,  -0.161836),  (0.527264,  0.851252)
(-0.363388,  1.949154,  -0.161836),  (0.533915,  0.461358)
(-0.387971,  1.983294,  -0.161836),  (0.527264,  0.454469)
(-0.363388,  1.949154,  -0.161836),  (0.533915,  0.461358)
(-0.387971,  0.016706,  -0.161836),  (0.527264,  0.851252)
(-0.363387,  0.050846,  -0.161836),  (0.533914,  0.844364)
(0.384756,  0.016706,  -0.161836),  (0.052381,  0.851252)
(0.384756,  1.983294,  -0.161837),  (0.052381,  0.454469)
(0.360173,  1.949154,  -0.161837),  (0.045730,  0.461358)
(0.384756,  0.016706,  -0.161836),  (0.052381,  0.851252)
(0.360173,  1.949154,  -0.161837),  (0.045730,  0.461358)
(0.360173,  0.050846,  -0.161836),  (0.045730,  0.844364)
(-0.387971,  1.983294,  -0.161836),  (0.394350,  0.321324)
(0.360173,  1.949154,  -0.161837),  (0.191945,  0.314436)
(0.384756,  1.983294,  -0.161837),  (0.185294,  0.321324)
(0.360173,  1.949154,  -0.161837),  (0.191945,  0.314436)
(-0.387971,  1.983294,  -0.161836),  (0.394350,  0.321324)
(-0.363388,  1.949154,  -0.161836),  (0.387699,  0.314435)
(-0.352342,  0.065576,  -0.182586),  (0.482842,  0.437086)
(0.349128,  0.065576,  -0.161836),  (0.672620,  0.443455)
(0.349128,  0.065576,  -0.182586),  (0.672620,  0.437087)
(0.349128,  0.065576,  -0.161836),  (0.672620,  0.443455)
(-0.352342,  0.065576,  -0.182586),  (0.482842,  0.437086)
(-0.352342,  0.065576,  -0.161836),  (0.482842,  0.443455)
(0.340698,  1.923120,  -0.190017),  (0.670340,  0.060025)
(-0.343913,  0.076880,  -0.190017),  (0.485123,  0.432525)
(0.340698,  0.076880,  -0.190017),  (0.670339,  0.432525)
(-0.343913,  0.076880,  -0.190017),  (0.485123,  0.432525)
(0.340698,  1.923120,  -0.190017),  (0.670340,  0.060025)
(-0.343913,  1.923120,  -0.190017),  (0.485123,  0.060025)
(0.349128,  1.934424,  -0.161837),  (0.672620,  0.049095)
(-0.352342,  1.934424,  -0.161836),  (0.482843,  0.049095)
(-0.352342,  1.934424,  -0.182586),  (0.482843,  0.055463)
(0.349128,  1.934424,  -0.161837),  (0.672620,  0.049095)
(-0.352342,  1.934424,  -0.182586),  (0.482843,  0.055463)
(0.349128,  1.934424,  -0.182586),  (0.672620,  0.055464)
(0.349128,  1.934424,  -0.161837),  (0.681270,  0.057744)
(0.349128,  0.065576,  -0.182586),  (0.674900,  0.434806)
(0.349128,  0.065576,  -0.161836),  (0.681270,  0.434806)
(0.349128,  0.065576,  -0.182586),  (0.674900,  0.434806)
(0.349128,  1.934424,  -0.161837),  (0.681270,  0.057744)
(0.349128,  1.934424,  -0.182586),  (0.674901,  0.057744)
(0.384229,  1.676896,  -0.163882),  (0.727727,  0.295221)
(0.374453,  1.609004,  -0.162168),  (0.713252,  0.222236)
(0.374453,  1.676896,  -0.162168),  (0.713352,  0.295241)
(0.374453,  1.609004,  -0.162168),  (0.713252,  0.222236)
(0.384229,  1.676896,  -0.163882),  (0.727727,  0.295221)
(0.384229,  1.609004,  -0.163882),  (0.727620,  0.222226)
(0.392517,  1.676896,  -0.168763),  (0.742101,  0.295199)
(0.384229,  1.609004,  -0.163882),  (0.727620,  0.222226)
(0.384229,  1.676896,  -0.163882),  (0.727727,  0.295221)
(0.384229,  1.609004,  -0.163882),  (0.727620,  0.222226)
(0.392517,  1.676896,  -0.168763),  (0.742101,  0.295199)
(0.392517,  1.609004,  -0.168763),  (0.741984,  0.222214)
(0.398055,  1.676896,  -0.176069),  (0.756475,  0.295174)
(0.392517,  1.609004,  -0.168763),  (0.741984,  0.222214)
(0.392517,  1.676896,  -0.168763),  (0.742101,  0.295199)
(0.392517,  1.609004,  -0.168763),  (0.741984,  0.222214)
(0.398055,  1.676896,  -0.176069),  (0.756475,  0.295174)
(0.398055,  1.609004,  -0.176069),  (0.756344,  0.222201)
(0.400000,  1.676896,  -0.184687),  (0.770849,  0.295147)
(0.398055,  1.609004,  -0.176069),  (0.756344,  0.222201)
(0.398055,  1.676896,  -0.176069),  (0.756475,  0.295174)
(0.398055,  1.609004,  -0.176069),  (0.756344,  0.222201)
(0.400000,  1.676896,  -0.184687),  (0.770849,  0.295147)
(0.400000,  1.609004,  -0.184687),  (0.770699,  0.222187)
(0.398055,  1.676896,  -0.193304),  (0.785222,  0.295115)
(0.400000,  1.609004,  -0.184687),  (0.770699,  0.222187)
(0.400000,  1.676896,  -0.184687),  (0.770849,  0.295147)
(0.400000,  1.609004,  -0.184687),  (0.770699,  0.222187)
(0.398055,  1.676896,  -0.193304),  (0.785222,  0.295115)
(0.398055,  1.609004,  -0.193304),  (0.785049,  0.222170)
(0.392517,  1.676896,  -0.200610),  (0.799595,  0.295078)
(0.398055,  1.609004,  -0.193304),  (0.785049,  0.222170)
(0.398055,  1.676896,  -0.193304),  (0.785222,  0.295115)
(0.398055,  1.609004,  -0.193304),  (0.785049,  0.222170)
(0.392517,  1.676896,  -0.200610),  (0.799595,  0.295078)
(0.392517,  1.609004,  -0.200610),  (0.799393,  0.222150)
(0.384229,  1.676896,  -0.205491),  (0.813967,  0.295034)
(0.392517,  1.609004,  -0.200610),  (0.799393,  0.222150)
(0.392517,  1.676896,  -0.200610),  (0.799595,  0.295078)
(0.392517,  1.609004,  -0.200610),  (0.799393,  0.222150)
(0.384229,  1.676896,  -0.205491),  (0.813967,  0.295034)
(0.384229,  1.609004,  -0.205491),  (0.813730,  0.222128)
(0.372971,  1.676896,  -0.207656),  (0.830584,  0.294972)
(0.384229,  1.609004,  -0.205491),  (0.813730,  0.222128)
(0.384229,  1.676896,  -0.205491),  (0.813967,  0.295034)
(0.384229,  1.609004,  -0.205491),  (0.813730,  0.222128)
(0.372971,  1.676896,  -0.207656),  (0.830584,  0.294972)
(0.372971,  1.609004,  -0.207656),  (0.830290,  0.222096)
(0.364676,  1.676896,  -0.205971),  (0.842852,  0.294919)
(0.372971,  1.609004,  -0.207656),  (0.830290,  0.222096)
(0.372971,  1.676896,  -0.207656),  (0.830584,  0.294972)
(0.372971,  1.609004,  -0.207656),  (0.830290,  0.222096)
(0.364676,  1.676896,  -0.205971),  (0.842852,  0.294919)
(0.364676,  1.609004,  -0.205971),  (0.842517,  0.222069)
(0.356388,  1.473221,  -0.199795),  (0.855027,  0.066692)
(0.302407,  1.473221,  -0.199389),  (0.933141,  0.067950)
(0.350850,  1.473221,  -0.190271),  (0.863424,  0.051256)
(0.350850,  1.473221,  -0.190271),  (0.863424,  0.051256)
(0.302407,  1.473221,  -0.199389),  (0.933141,  0.067950)
(0.295820,  1.473221,  -0.189776),  (0.943059,  0.052405)
(0.374453,  1.676896,  -0.162168),  (0.615061,  0.975964)
(0.373970,  1.676896,  -0.184586),  (0.585498,  0.929849)
(0.384229,  1.676896,  -0.163882),  (0.595230,  0.984178)
(0.373970,  1.676896,  -0.184586),  (0.585498,  0.929849)
(0.392517,  1.676896,  -0.168763),  (0.573765,  0.984178)
(0.384229,  1.676896,  -0.163882),  (0.595230,  0.984178)
(0.374453,  1.676896,  -0.162168),  (0.713352,  0.295241)
(0.364676,  1.609004,  -0.163882),  (0.698880,  0.222246)
(0.364676,  1.676896,  -0.163882),  (0.698978,  0.295261)
(0.364676,  1.609004,  -0.163882),  (0.698880,  0.222246)
(0.374453,  1.676896,  -0.162168),  (0.713352,  0.295241)
(0.374453,  1.609004,  -0.162168),  (0.713252,  0.222236)
(0.373971,  1.473221,  -0.184586),  (0.756661,  0.075036)
(0.398067,  1.473485,  -0.176120),  (0.756692,  0.076333)
(0.400000,  1.473221,  -0.184687),  (0.756945,  0.076325)
(0.398067,  1.473485,  -0.176120),  (0.756692,  0.076333)
(0.373971,  1.473221,  -0.184586),  (0.756661,  0.075036)
(0.392517,  1.473221,  -0.168763),  (0.755970,  0.076147)
(0.302407,  1.676896,  -0.199389),  (0.935885,  0.294293)
(0.304119,  1.609004,  -0.205195),  (0.928773,  0.221571)
(0.312265,  1.676896,  -0.205195),  (0.918773,  0.294246)
(0.304119,  1.609004,  -0.205195),  (0.928773,  0.221571)
(0.302407,  1.676896,  -0.199389),  (0.935885,  0.294293)
(0.294261,  1.609004,  -0.199389),  (0.945653,  0.221590)
(0.295820,  1.676896,  -0.189776),  (0.954308,  0.295196)
(0.294261,  1.609004,  -0.199389),  (0.945653,  0.221590)
(0.302407,  1.676896,  -0.199389),  (0.935885,  0.294293)
(0.294261,  1.609004,  -0.199389),  (0.945653,  0.221590)
(0.295820,  1.676896,  -0.189776),  (0.954308,  0.295196)
(0.287674,  1.609004,  -0.189776),  (0.963814,  0.222024)
(0.312265,  1.676896,  -0.205195),  (0.918773,  0.294246)
(0.356388,  1.676896,  -0.199795),  (0.855114,  0.304756)
(0.302407,  1.676896,  -0.199389),  (0.933292,  0.303417)
(0.356388,  1.676896,  -0.199795),  (0.855114,  0.304756)
(0.312265,  1.676896,  -0.205195),  (0.918773,  0.294246)
(0.364676,  1.676896,  -0.205971),  (0.842852,  0.294919)
(0.312265,  1.676896,  -0.205195),  (0.918773,  0.294246)
(0.364676,  1.609004,  -0.205971),  (0.842517,  0.222069)
(0.364676,  1.676896,  -0.205971),  (0.842852,  0.294919)
(0.364676,  1.609004,  -0.205971),  (0.842517,  0.222069)
(0.312265,  1.676896,  -0.205195),  (0.918773,  0.294246)
(0.304119,  1.609004,  -0.205195),  (0.928773,  0.221571)
(0.302407,  1.676896,  -0.199389),  (0.933292,  0.303417)
(0.350850,  1.676896,  -0.190271),  (0.863534,  0.320196)
(0.295820,  1.676896,  -0.189776),  (0.943235,  0.318964)
(0.350850,  1.676896,  -0.190271),  (0.863534,  0.320196)
(0.302407,  1.676896,  -0.199389),  (0.933292,  0.303417)
(0.356388,  1.676896,  -0.199795),  (0.855114,  0.304756)
(0.364676,  1.473221,  -0.205971),  (0.842786,  0.076533)
(0.312265,  1.473221,  -0.205195),  (0.918644,  0.077128)
(0.356388,  1.473221,  -0.199795),  (0.855027,  0.066692)
(0.302407,  1.473221,  -0.199389),  (0.933141,  0.067950)
(0.356388,  1.473221,  -0.199795),  (0.855027,  0.066692)
(0.312265,  1.473221,  -0.205195),  (0.918644,  0.077128)
(0.364676,  1.541113,  -0.205971),  (0.842510,  0.149377)
(0.312265,  1.473221,  -0.205195),  (0.918644,  0.077128)
(0.364676,  1.473221,  -0.205971),  (0.842786,  0.076533)
(0.312265,  1.473221,  -0.205195),  (0.918644,  0.077128)
(0.364676,  1.541113,  -0.205971),  (0.842510,  0.149377)
(0.304119,  1.541113,  -0.205195),  (0.928656,  0.149901)
(0.304119,  1.609004,  -0.205195),  (0.928773,  0.221571)
(0.364676,  1.541113,  -0.205971),  (0.842510,  0.149377)
(0.364676,  1.609004,  -0.205971),  (0.842517,  0.222069)
(0.364676,  1.541113,  -0.205971),  (0.842510,  0.149377)
(0.304119,  1.609004,  -0.205195),  (0.928773,  0.221571)
(0.304119,  1.541113,  -0.205195),  (0.928656,  0.149901)
(0.287674,  1.541113,  -0.189776),  (0.963807,  0.149451)
(0.302407,  1.473221,  -0.199389),  (0.935776,  0.077070)
(0.294261,  1.541113,  -0.199389),  (0.945527,  0.149886)
(0.302407,  1.473221,  -0.199389),  (0.935776,  0.077070)
(0.287674,  1.541113,  -0.189776),  (0.963807,  0.149451)
(0.295820,  1.473221,  -0.189776),  (0.954229,  0.076150)
(0.287674,  1.609004,  -0.189776),  (0.963814,  0.222024)
(0.294261,  1.541113,  -0.199389),  (0.945527,  0.149886)
(0.294261,  1.609004,  -0.199389),  (0.945653,  0.221590)
(0.294261,  1.541113,  -0.199389),  (0.945527,  0.149886)
(0.287674,  1.609004,  -0.189776),  (0.963814,  0.222024)
(0.287674,  1.541113,  -0.189776),  (0.963807,  0.149451)
(0.302407,  1.473221,  -0.199389),  (0.935776,  0.077070)
(0.304119,  1.541113,  -0.205195),  (0.928656,  0.149901)
(0.294261,  1.541113,  -0.199389),  (0.945527,  0.149886)
(0.304119,  1.541113,  -0.205195),  (0.928656,  0.149901)
(0.302407,  1.473221,  -0.199389),  (0.935776,  0.077070)
(0.312265,  1.473221,  -0.205195),  (0.918644,  0.077128)
(0.294261,  1.609004,  -0.199389),  (0.945653,  0.221590)
(0.304119,  1.541113,  -0.205195),  (0.928656,  0.149901)
(0.304119,  1.609004,  -0.205195),  (0.928773,  0.221571)
(0.304119,  1.541113,  -0.205195),  (0.928656,  0.149901)
(0.294261,  1.609004,  -0.199389),  (0.945653,  0.221590)
(0.294261,  1.541113,  -0.199389),  (0.945527,  0.149886)
(0.374453,  1.541113,  -0.162168),  (0.713249,  0.149254)
(0.364676,  1.473221,  -0.163882),  (0.698965,  0.076260)
(0.364676,  1.541113,  -0.163882),  (0.698880,  0.149245)
(0.364676,  1.473221,  -0.163882),  (0.698965,  0.076260)
(0.374453,  1.541113,  -0.162168),  (0.713249,  0.149254)
(0.374453,  1.473221,  -0.162168),  (0.713334,  0.076277)
(0.374453,  1.609004,  -0.162168),  (0.713252,  0.222236)
(0.364676,  1.541113,  -0.163882),  (0.698880,  0.149245)
(0.364676,  1.609004,  -0.163882),  (0.698880,  0.222246)
(0.364676,  1.541113,  -0.163882),  (0.698880,  0.149245)
(0.374453,  1.609004,  -0.162168),  (0.713252,  0.222236)
(0.374453,  1.541113,  -0.162168),  (0.713249,  0.149254)
(0.364676,  1.541113,  -0.205971),  (0.842510,  0.149377)
(0.372971,  1.473221,  -0.207656),  (0.830520,  0.076491)
(0.372971,  1.541113,  -0.207656),  (0.830280,  0.149355)
(0.372971,  1.473221,  -0.207656),  (0.830520,  0.076491)
(0.364676,  1.541113,  -0.205971),  (0.842510,  0.149377)
(0.364676,  1.473221,  -0.205971),  (0.842786,  0.076533)
(0.364676,  1.609004,  -0.205971),  (0.842517,  0.222069)
(0.372971,  1.541113,  -0.207656),  (0.830280,  0.149355)
(0.372971,  1.609004,  -0.207656),  (0.830290,  0.222096)
(0.372971,  1.541113,  -0.207656),  (0.830280,  0.149355)
(0.364676,  1.609004,  -0.205971),  (0.842517,  0.222069)
(0.364676,  1.541113,  -0.205971),  (0.842510,  0.149377)
(0.372971,  1.541113,  -0.207656),  (0.830280,  0.149355)
(0.384229,  1.473221,  -0.205491),  (0.813909,  0.076443)
(0.384229,  1.541113,  -0.205491),  (0.813718,  0.149330)
(0.384229,  1.473221,  -0.205491),  (0.813909,  0.076443)
(0.372971,  1.541113,  -0.207656),  (0.830280,  0.149355)
(0.372971,  1.473221,  -0.207656),  (0.830520,  0.076491)
(0.372971,  1.609004,  -0.207656),  (0.830290,  0.222096)
(0.384229,  1.541113,  -0.205491),  (0.813718,  0.149330)
(0.384229,  1.609004,  -0.205491),  (0.813730,  0.222128)
(0.384229,  1.541113,  -0.205491),  (0.813718,  0.149330)
(0.372971,  1.609004,  -0.207656),  (0.830290,  0.222096)
(0.372971,  1.541113,  -0.207656),  (0.830280,  0.149355)
(0.384229,  1.541113,  -0.205491),  (0.813718,  0.149330)
(0.392517,  1.473221,  -0.200610),  (0.799542,  0.076409)
(0.392517,  1.541113,  -0.200610),  (0.799381,  0.149314)
(0.392517,  1.473221,  -0.200610),  (0.799542,  0.076409)
(0.384229,  1.541113,  -0.205491),  (0.813718,  0.149330)
(0.384229,  1.473221,  -0.205491),  (0.813909,  0.076443)
(0.384229,  1.609004,  -0.205491),  (0.813730,  0.222128)
(0.392517,  1.541113,  -0.200610),  (0.799381,  0.149314)
(0.392517,  1.609004,  -0.200610),  (0.799393,  0.222150)
(0.392517,  1.541113,  -0.200610),  (0.799381,  0.149314)
(0.384229,  1.609004,  -0.205491),  (0.813730,  0.222128)
(0.384229,  1.541113,  -0.205491),  (0.813718,  0.149330)
(0.392517,  1.541113,  -0.200610),  (0.799381,  0.149314)
(0.398055,  1.473221,  -0.193304),  (0.785175,  0.076380)
(0.398055,  1.541113,  -0.193304),  (0.785038,  0.149300)
(0.398055,  1.473221,  -0.193304),  (0.785175,  0.076380)
(0.392517,  1.541113,  -0.200610),  (0.799381,  0.149314)
(0.392517,  1.473221,  -0.200610),  (0.799542,  0.076409)
(0.392517,  1.609004,  -0.200610),  (0.799393,  0.222150)
(0.398055,  1.541113,  -0.193304),  (0.785038,  0.149300)
(0.398055,  1.609004,  -0.193304),  (0.785049,  0.222170)
(0.398055,  1.541113,  -0.193304),  (0.785038,  0.149300)
(0.392517,  1.609004,  -0.200610),  (0.799393,  0.222150)
(0.392517,  1.541113,  -0.200610),  (0.799381,  0.149314)
(0.398055,  1.541113,  -0.193304),  (0.785038,  0.149300)
(0.400000,  1.473221,  -0.184687),  (0.770808,  0.076355)
(0.400000,  1.541113,  -0.184687),  (0.770688,  0.149289)
(0.400000,  1.473221,  -0.184687),  (0.770808,  0.076355)
(0.398055,  1.541113,  -0.193304),  (0.785038,  0.149300)
(0.398055,  1.473221,  -0.193304),  (0.785175,  0.076380)
(0.398055,  1.609004,  -0.193304),  (0.785049,  0.222170)
(0.400000,  1.541113,  -0.184687),  (0.770688,  0.149289)
(0.400000,  1.609004,  -0.184687),  (0.770699,  0.222187)
(0.400000,  1.541113,  -0.184687),  (0.770688,  0.149289)
(0.398055,  1.609004,  -0.193304),  (0.785049,  0.222170)
(0.398055,  1.541113,  -0.193304),  (0.785038,  0.149300)
(0.400000,  1.609004,  -0.184687),  (0.770699,  0.222187)
(0.398055,  1.541113,  -0.176069),  (0.756335,  0.149279)
(0.398055,  1.609004,  -0.176069),  (0.756344,  0.222201)
(0.398055,  1.541113,  -0.176069),  (0.756335,  0.149279)
(0.400000,  1.609004,  -0.184687),  (0.770699,  0.222187)
(0.400000,  1.541113,  -0.184687),  (0.770688,  0.149289)
(0.392517,  1.541113,  -0.168763),  (0.741977,  0.149270)
(0.398067,  1.473485,  -0.176120),  (0.756440,  0.076333)
(0.392517,  1.473221,  -0.168763),  (0.742072,  0.076312)
(0.398067,  1.473485,  -0.176120),  (0.756440,  0.076333)
(0.392517,  1.541113,  -0.168763),  (0.741977,  0.149270)
(0.398055,  1.541113,  -0.176069),  (0.756335,  0.149279)
(0.398055,  1.609004,  -0.176069),  (0.756344,  0.222201)
(0.392517,  1.541113,  -0.168763),  (0.741977,  0.149270)
(0.392517,  1.609004,  -0.168763),  (0.741984,  0.222214)
(0.392517,  1.541113,  -0.168763),  (0.741977,  0.149270)
(0.398055,  1.609004,  -0.176069),  (0.756344,  0.222201)
(0.398055,  1.541113,  -0.176069),  (0.756335,  0.149279)
(0.392517,  1.541113,  -0.168763),  (0.741977,  0.149270)
(0.384229,  1.473221,  -0.163882),  (0.727703,  0.076294)
(0.384229,  1.541113,  -0.163882),  (0.727615,  0.149262)
(0.384229,  1.473221,  -0.163882),  (0.727703,  0.076294)
(0.392517,  1.541113,  -0.168763),  (0.741977,  0.149270)
(0.392517,  1.473221,  -0.168763),  (0.742072,  0.076312)
(0.392517,  1.609004,  -0.168763),  (0.741984,  0.222214)
(0.384229,  1.541113,  -0.163882),  (0.727615,  0.149262)
(0.384229,  1.609004,  -0.163882),  (0.727620,  0.222226)
(0.384229,  1.541113,  -0.163882),  (0.727615,  0.149262)
(0.392517,  1.609004,  -0.168763),  (0.741984,  0.222214)
(0.392517,  1.541113,  -0.168763),  (0.741977,  0.149270)
(0.384229,  1.541113,  -0.163882),  (0.727615,  0.149262)
(0.374453,  1.473221,  -0.162168),  (0.713334,  0.076277)
(0.374453,  1.541113,  -0.162168),  (0.713249,  0.149254)
(0.374453,  1.473221,  -0.162168),  (0.713334,  0.076277)
(0.384229,  1.541113,  -0.163882),  (0.727615,  0.149262)
(0.384229,  1.473221,  -0.163882),  (0.727703,  0.076294)
(0.384229,  1.609004,  -0.163882),  (0.727620,  0.222226)
(0.374453,  1.541113,  -0.162168),  (0.713249,  0.149254)
(0.374453,  1.609004,  -0.162168),  (0.713252,  0.222236)
(0.374453,  1.541113,  -0.162168),  (0.713249,  0.149254)
(0.384229,  1.609004,  -0.163882),  (0.727620,  0.222226)
(0.384229,  1.541113,  -0.163882),  (0.727615,  0.149262)
(0.373970,  1.676896,  -0.184586),  (0.585498,  0.929849)
(0.364676,  1.676896,  -0.205971),  (0.573114,  0.875291)
(0.372971,  1.676896,  -0.207656),  (0.555974,  0.881792)
(0.364676,  1.676896,  -0.205971),  (0.573114,  0.875291)
(0.373970,  1.676896,  -0.184586),  (0.585498,  0.929849)
(0.356388,  1.676896,  -0.199795),  (0.596336,  0.877920)
(0.373970,  1.676896,  -0.184586),  (0.585498,  0.929849)
(0.350850,  1.676896,  -0.176069),  (0.638454,  0.919489)
(0.348905,  1.676896,  -0.184687),  (0.630239,  0.899658)
(0.350850,  1.676896,  -0.176069),  (0.638454,  0.919489)
(0.373970,  1.676896,  -0.184586),  (0.585498,  0.929849)
(0.356388,  1.676896,  -0.168763),  (0.638454,  0.940954)
(0.373970,  1.676896,  -0.184586),  (0.585498,  0.929849)
(0.398055,  1.676896,  -0.193304),  (0.530541,  0.940954)
(0.400000,  1.676896,  -0.184687),  (0.538755,  0.960785)
(0.398055,  1.676896,  -0.193304),  (0.530541,  0.940954)
(0.373970,  1.676896,  -0.184586),  (0.585498,  0.929849)
(0.392517,  1.676896,  -0.200610),  (0.530541,  0.919489)
(0.373970,  1.676896,  -0.184586),  (0.585498,  0.929849)
(0.350850,  1.676896,  -0.190271),  (0.619178,  0.890641)
(0.356388,  1.676896,  -0.199795),  (0.596336,  0.877920)
(0.350850,  1.676896,  -0.190271),  (0.619178,  0.890641)
(0.373970,  1.676896,  -0.184586),  (0.585498,  0.929849)
(0.348905,  1.676896,  -0.184687),  (0.630239,  0.899658)
(0.373970,  1.676896,  -0.184586),  (0.585498,  0.929849)
(0.398055,  1.676896,  -0.176069),  (0.553933,  0.975964)
(0.392517,  1.676896,  -0.168763),  (0.573765,  0.984178)
(0.398055,  1.676896,  -0.176069),  (0.553933,  0.975964)
(0.373970,  1.676896,  -0.184586),  (0.585498,  0.929849)
(0.400000,  1.676896,  -0.184687),  (0.538755,  0.960785)
(0.373970,  1.676896,  -0.184586),  (0.585498,  0.929849)
(0.364676,  1.676896,  -0.163882),  (0.630239,  0.960786)
(0.356388,  1.676896,  -0.168763),  (0.638454,  0.940954)
(0.364676,  1.676896,  -0.163882),  (0.630239,  0.960786)
(0.373970,  1.676896,  -0.184586),  (0.585498,  0.929849)
(0.374453,  1.676896,  -0.162168),  (0.615061,  0.975964)
(0.373970,  1.676896,  -0.184586),  (0.585498,  0.929849)
(0.384229,  1.676896,  -0.205491),  (0.538755,  0.899658)
(0.392517,  1.676896,  -0.200610),  (0.530541,  0.919489)
(0.384229,  1.676896,  -0.205491),  (0.538755,  0.899658)
(0.373970,  1.676896,  -0.184586),  (0.585498,  0.929849)
(0.372971,  1.676896,  -0.207656),  (0.555974,  0.881792)
(0.400000,  1.541113,  -0.184687),  (0.770688,  0.149289)
(0.398067,  1.473485,  -0.176120),  (0.756438,  0.077183)
(0.398055,  1.541113,  -0.176069),  (0.756335,  0.149279)
(0.398067,  1.473485,  -0.176120),  (0.756438,  0.077183)
(0.400000,  1.541113,  -0.184687),  (0.770688,  0.149289)
(0.400000,  1.473221,  -0.184687),  (0.770808,  0.076355)
(0.373971,  1.473221,  -0.184586),  (0.756661,  0.075036)
(0.350850,  1.473221,  -0.190271),  (0.756734,  0.073821)
(0.348905,  1.473221,  -0.184687),  (0.756399,  0.073792)
(0.350850,  1.473221,  -0.190271),  (0.756734,  0.073821)
(0.373971,  1.473221,  -0.184586),  (0.756661,  0.075036)
(0.356388,  1.473221,  -0.199795),  (0.757329,  0.073980)
(0.373971,  1.473221,  -0.184586),  (0.756661,  0.075036)
(0.384229,  1.473221,  -0.205491),  (0.757946,  0.075291)
(0.372971,  1.473221,  -0.207656),  (0.757948,  0.074707)
(0.384229,  1.473221,  -0.205491),  (0.757946,  0.075291)
(0.373971,  1.473221,  -0.184586),  (0.756661,  0.075036)
(0.392517,  1.473221,  -0.200610),  (0.757760,  0.075761)
(0.373971,  1.473221,  -0.184586),  (0.756661,  0.075036)
(0.364676,  1.473221,  -0.163882),  (0.755398,  0.074826)
(0.374453,  1.473221,  -0.162168),  (0.755406,  0.075331)
(0.364676,  1.473221,  -0.163882),  (0.755398,  0.074826)
(0.373971,  1.473221,  -0.184586),  (0.756661,  0.075036)
(0.356388,  1.473221,  -0.168763),  (0.755584,  0.074356)
(0.373971,  1.473221,  -0.184586),  (0.756661,  0.075036)
(0.364676,  1.473221,  -0.205971),  (0.757764,  0.074316)
(0.356388,  1.473221,  -0.199795),  (0.757329,  0.073980)
(0.364676,  1.473221,  -0.205971),  (0.757764,  0.074316)
(0.373971,  1.473221,  -0.184586),  (0.756661,  0.075036)
(0.372971,  1.473221,  -0.207656),  (0.757948,  0.074707)
(0.373971,  1.473221,  -0.184586),  (0.756661,  0.075036)
(0.384229,  1.473221,  -0.163882),  (0.755607,  0.075795)
(0.392517,  1.473221,  -0.168763),  (0.755970,  0.076147)
(0.384229,  1.473221,  -0.163882),  (0.755607,  0.075795)
(0.373971,  1.473221,  -0.184586),  (0.756661,  0.075036)
(0.374453,  1.473221,  -0.162168),  (0.755406,  0.075331)
(0.373971,  1.473221,  -0.184586),  (0.756661,  0.075036)
(0.350850,  1.473221,  -0.176069),  (0.755935,  0.073993)
(0.356388,  1.473221,  -0.168763),  (0.755584,  0.074356)
(0.350850,  1.473221,  -0.176069),  (0.755935,  0.073993)
(0.373971,  1.473221,  -0.184586),  (0.756661,  0.075036)
(0.348905,  1.473221,  -0.184687),  (0.756399,  0.073792)
(0.373971,  1.473221,  -0.184586),  (0.756661,  0.075036)
(0.398055,  1.473221,  -0.193304),  (0.757409,  0.076124)
(0.392517,  1.473221,  -0.200610),  (0.757760,  0.075761)
(0.398055,  1.473221,  -0.193304),  (0.757409,  0.076124)
(0.373971,  1.473221,  -0.184586),  (0.756661,  0.075036)
(0.400000,  1.473221,  -0.184687),  (0.756945,  0.076325)
(0.384229,  0.583848,  -0.163882),  (0.243148,  0.070207)
(0.374453,  0.515957,  -0.162168),  (0.257620,  0.143192)
(0.374453,  0.583848,  -0.162168),  (0.257523,  0.070187)
(0.374453,  0.515957,  -0.162168),  (0.257620,  0.143192)
(0.384229,  0.583848,  -0.163882),  (0.243148,  0.070207)
(0.384229,  0.515957,  -0.163882),  (0.243252,  0.143202)
(0.392517,  0.583848,  -0.168763),  (0.228774,  0.070229)
(0.384229,  0.515957,  -0.163882),  (0.243252,  0.143202)
(0.384229,  0.583848,  -0.163882),  (0.243148,  0.070207)
(0.384229,  0.515957,  -0.163882),  (0.243252,  0.143202)
(0.392517,  0.583848,  -0.168763),  (0.228774,  0.070229)
(0.392517,  0.515957,  -0.168763),  (0.228888,  0.143213)
(0.398055,  0.583848,  -0.176069),  (0.214400,  0.070252)
(0.392517,  0.515957,  -0.168763),  (0.228888,  0.143213)
(0.392517,  0.583848,  -0.168763),  (0.228774,  0.070229)
(0.392517,  0.515957,  -0.168763),  (0.228888,  0.143213)
(0.398055,  0.583848,  -0.176069),  (0.214400,  0.070252)
(0.398055,  0.515957,  -0.176069),  (0.214528,  0.143225)
(0.400000,  0.583848,  -0.184687),  (0.200026,  0.070279)
(0.398055,  0.515957,  -0.176069),  (0.214528,  0.143225)
(0.398055,  0.583848,  -0.176069),  (0.214400,  0.070252)
(0.398055,  0.515957,  -0.176069),  (0.214528,  0.143225)
(0.400000,  0.583848,  -0.184687),  (0.200026,  0.070279)
(0.400000,  0.515957,  -0.184687),  (0.200173,  0.143239)
(0.398055,  0.583848,  -0.193304),  (0.185653,  0.070310)
(0.400000,  0.515957,  -0.184687),  (0.200173,  0.143239)
(0.400000,  0.583848,  -0.184687),  (0.200026,  0.070279)
(0.400000,  0.515957,  -0.184687),  (0.200173,  0.143239)
(0.398055,  0.583848,  -0.193304),  (0.185653,  0.070310)
(0.398055,  0.515957,  -0.193304),  (0.185823,  0.143256)
(0.392517,  0.583848,  -0.200610),  (0.171280,  0.070347)
(0.398055,  0.515957,  -0.193304),  (0.185823,  0.143256)
(0.398055,  0.583848,  -0.193304),  (0.185653,  0.070310)
(0.398055,  0.515957,  -0.193304),  (0.185823,  0.143256)
(0.392517,  0.583848,  -0.200610),  (0.171280,  0.070347)
(0.392517,  0.515957,  -0.200610),  (0.171479,  0.143275)
(0.384229,  0.583848,  -0.205491),  (0.156908,  0.070390)
(0.392517,  0.515957,  -0.200610),  (0.171479,  0.143275)
(0.392517,  0.583848,  -0.200610),  (0.171280,  0.070347)
(0.392517,  0.515957,  -0.200610),  (0.171479,  0.143275)
(0.384229,  0.583848,  -0.205491),  (0.156908,  0.070390)
(0.384229,  0.515957,  -0.205491),  (0.157142,  0.143297)
(0.372971,  0.583848,  -0.207656),  (0.140292,  0.070451)
(0.384229,  0.515957,  -0.205491),  (0.157142,  0.143297)
(0.384229,  0.583848,  -0.205491),  (0.156908,  0.070390)
(0.384229,  0.515957,  -0.205491),  (0.157142,  0.143297)
(0.372971,  0.583848,  -0.207656),  (0.140292,  0.070451)
(0.372971,  0.515957,  -0.207656),  (0.140582,  0.143327)
(0.364676,  0.583848,  -0.205971),  (0.128023,  0.070504)
(0.372971,  0.515957,  -0.207656),  (0.140582,  0.143327)
(0.372971,  0.583848,  -0.207656),  (0.140292,  0.070451)
(0.372971,  0.515957,  -0.207656),  (0.140582,  0.143327)
(0.364676,  0.583848,  -0.205971),  (0.128023,  0.070504)
(0.364676,  0.515957,  -0.205971),  (0.128354,  0.143354)
(0.356388,  0.380173,  -0.199795),  (0.115838,  0.298731)
(0.302407,  0.380173,  -0.199389),  (0.037724,  0.297469)
(0.350850,  0.380173,  -0.190271),  (0.107440,  0.314166)
(0.350850,  0.380173,  -0.190271),  (0.107440,  0.314166)
(0.302407,  0.380173,  -0.199389),  (0.037724,  0.297469)
(0.295820,  0.380173,  -0.189776),  (0.027805,  0.313013)
(0.374453,  0.583848,  -0.162168),  (0.504760,  0.975964)
(0.373970,  0.583848,  -0.184586),  (0.475197,  0.929849)
(0.384229,  0.583848,  -0.163882),  (0.484929,  0.984178)
(0.373970,  0.583848,  -0.184586),  (0.475197,  0.929849)
(0.392517,  0.583848,  -0.168763),  (0.463464,  0.984178)
(0.384229,  0.583848,  -0.163882),  (0.484929,  0.984178)
(0.374453,  0.583848,  -0.162168),  (0.257523,  0.070187)
(0.364676,  0.515957,  -0.163882),  (0.271991,  0.143183)
(0.364676,  0.583848,  -0.163882),  (0.271897,  0.070169)
(0.364676,  0.515957,  -0.163882),  (0.271991,  0.143183)
(0.374453,  0.583848,  -0.162168),  (0.257523,  0.070187)
(0.374453,  0.515957,  -0.162168),  (0.257620,  0.143192)
(0.373971,  0.380173,  -0.184586),  (0.258149,  0.293321)
(0.398067,  0.380437,  -0.176120),  (0.258118,  0.292023)
(0.400000,  0.380173,  -0.184687),  (0.257866,  0.292032)
(0.398067,  0.380437,  -0.176120),  (0.258118,  0.292023)
(0.373971,  0.380173,  -0.184586),  (0.258149,  0.293321)
(0.392517,  0.380173,  -0.168763),  (0.258841,  0.292210)
(0.302407,  0.583848,  -0.199389),  (0.034990,  0.071126)
(0.304119,  0.515957,  -0.205195),  (0.042099,  0.143848)
(0.312265,  0.583848,  -0.205195),  (0.052102,  0.071173)
(0.304119,  0.515957,  -0.205195),  (0.042099,  0.143848)
(0.302407,  0.583848,  -0.199389),  (0.034990,  0.071126)
(0.294261,  0.515957,  -0.199389),  (0.025218,  0.143828)
(0.295820,  0.583848,  -0.189776),  (0.016567,  0.070222)
(0.294261,  0.515957,  -0.199389),  (0.025218,  0.143828)
(0.302407,  0.583848,  -0.199389),  (0.034990,  0.071126)
(0.294261,  0.515957,  -0.199389),  (0.025218,  0.143828)
(0.295820,  0.583848,  -0.189776),  (0.016567,  0.070222)
(0.287674,  0.515957,  -0.189776),  (0.007057,  0.143394)
(0.312265,  0.583848,  -0.205195),  (0.052102,  0.071173)
(0.356388,  0.583848,  -0.199795),  (0.115762,  0.060666)
(0.302407,  0.583848,  -0.199389),  (0.037584,  0.062002)
(0.356388,  0.583848,  -0.199795),  (0.115762,  0.060666)
(0.312265,  0.583848,  -0.205195),  (0.052102,  0.071173)
(0.364676,  0.583848,  -0.205971),  (0.128023,  0.070504)
(0.312265,  0.583848,  -0.205195),  (0.052102,  0.071173)
(0.364676,  0.515957,  -0.205971),  (0.128354,  0.143354)
(0.364676,  0.583848,  -0.205971),  (0.128023,  0.070504)
(0.364676,  0.515957,  -0.205971),  (0.128354,  0.143354)
(0.312265,  0.583848,  -0.205195),  (0.052102,  0.071173)
(0.304119,  0.515957,  -0.205195),  (0.042099,  0.143848)
(0.302407,  0.583848,  -0.199389),  (0.037584,  0.062002)
(0.350850,  0.583848,  -0.190271),  (0.107342,  0.045226)
(0.295820,  0.583848,  -0.189776),  (0.027642,  0.046453)
(0.350850,  0.583848,  -0.190271),  (0.107342,  0.045226)
(0.302407,  0.583848,  -0.199389),  (0.037584,  0.062002)
(0.356388,  0.583848,  -0.199795),  (0.115762,  0.060666)
(0.364676,  0.380173,  -0.205971),  (0.128079,  0.288890)
(0.312265,  0.380173,  -0.205195),  (0.052222,  0.288291)
(0.356388,  0.380173,  -0.199795),  (0.115838,  0.298731)
(0.302407,  0.380173,  -0.199389),  (0.037724,  0.297469)
(0.356388,  0.380173,  -0.199795),  (0.115838,  0.298731)
(0.312265,  0.380173,  -0.205195),  (0.052222,  0.288291)
(0.364676,  0.448065,  -0.205971),  (0.128359,  0.216046)
(0.312265,  0.380173,  -0.205195),  (0.052222,  0.288291)
(0.364676,  0.380173,  -0.205971),  (0.128079,  0.288890)
(0.312265,  0.380173,  -0.205195),  (0.052222,  0.288291)
(0.364676,  0.448065,  -0.205971),  (0.128359,  0.216046)
(0.304119,  0.448065,  -0.205195),  (0.042213,  0.215517)
(0.304119,  0.515957,  -0.205195),  (0.042099,  0.143848)
(0.364676,  0.448065,  -0.205971),  (0.128359,  0.216046)
(0.364676,  0.515957,  -0.205971),  (0.128354,  0.143354)
(0.364676,  0.448065,  -0.205971),  (0.128359,  0.216046)
(0.304119,  0.515957,  -0.205195),  (0.042099,  0.143848)
(0.304119,  0.448065,  -0.205195),  (0.042213,  0.215517)
(0.287674,  0.448065,  -0.189776),  (0.007061,  0.215966)
(0.302407,  0.380173,  -0.199389),  (0.035089,  0.288348)
(0.294261,  0.448065,  -0.199389),  (0.025341,  0.215532)
(0.302407,  0.380173,  -0.199389),  (0.035089,  0.288348)
(0.287674,  0.448065,  -0.189776),  (0.007061,  0.215966)
(0.295820,  0.380173,  -0.189776),  (0.016636,  0.289268)
(0.287674,  0.515957,  -0.189776),  (0.007057,  0.143394)
(0.294261,  0.448065,  -0.199389),  (0.025341,  0.215532)
(0.294261,  0.515957,  -0.199389),  (0.025218,  0.143828)
(0.294261,  0.448065,  -0.199389),  (0.025341,  0.215532)
(0.287674,  0.515957,  -0.189776),  (0.007057,  0.143394)
(0.287674,  0.448065,  -0.189776),  (0.007061,  0.215966)
(0.302407,  0.380173,  -0.199389),  (0.035089,  0.288348)
(0.304119,  0.448065,  -0.205195),  (0.042213,  0.215517)
(0.294261,  0.448065,  -0.199389),  (0.025341,  0.215532)
(0.304119,  0.448065,  -0.205195),  (0.042213,  0.215517)
(0.302407,  0.380173,  -0.199389),  (0.035089,  0.288348)
(0.312265,  0.380173,  -0.205195),  (0.052222,  0.288291)
(0.294261,  0.515957,  -0.199389),  (0.025218,  0.143828)
(0.304119,  0.448065,  -0.205195),  (0.042213,  0.215517)
(0.304119,  0.515957,  -0.205195),  (0.042099,  0.143848)
(0.304119,  0.448065,  -0.205195),  (0.042213,  0.215517)
(0.294261,  0.515957,  -0.199389),  (0.025218,  0.143828)
(0.294261,  0.448065,  -0.199389),  (0.025341,  0.215532)
(0.374453,  0.448065,  -0.162168),  (0.257619,  0.216175)
(0.364676,  0.380173,  -0.163882),  (0.271900,  0.289169)
(0.364676,  0.448065,  -0.163882),  (0.271988,  0.216183)
(0.364676,  0.380173,  -0.163882),  (0.271900,  0.289169)
(0.374453,  0.448065,  -0.162168),  (0.257619,  0.216175)
(0.374453,  0.380173,  -0.162168),  (0.257531,  0.289152)
(0.374453,  0.515957,  -0.162168),  (0.257620,  0.143192)
(0.364676,  0.448065,  -0.163882),  (0.271988,  0.216183)
(0.364676,  0.515957,  -0.163882),  (0.271991,  0.143183)
(0.364676,  0.448065,  -0.163882),  (0.271988,  0.216183)
(0.374453,  0.515957,  -0.162168),  (0.257620,  0.143192)
(0.374453,  0.448065,  -0.162168),  (0.257619,  0.216175)
(0.364676,  0.448065,  -0.205971),  (0.128359,  0.216046)
(0.372971,  0.380173,  -0.207656),  (0.140345,  0.288933)
(0.372971,  0.448065,  -0.207656),  (0.140589,  0.216068)
(0.372971,  0.380173,  -0.207656),  (0.140345,  0.288933)
(0.364676,  0.448065,  -0.205971),  (0.128359,  0.216046)
(0.364676,  0.380173,  -0.205971),  (0.128079,  0.288890)
(0.364676,  0.515957,  -0.205971),  (0.128354,  0.143354)
(0.372971,  0.448065,  -0.207656),  (0.140589,  0.216068)
(0.372971,  0.515957,  -0.207656),  (0.140582,  0.143327)
(0.372971,  0.448065,  -0.207656),  (0.140589,  0.216068)
(0.364676,  0.515957,  -0.205971),  (0.128354,  0.143354)
(0.364676,  0.448065,  -0.205971),  (0.128359,  0.216046)
(0.372971,  0.448065,  -0.207656),  (0.140589,  0.216068)
(0.384229,  0.380173,  -0.205491),  (0.156956,  0.288981)
(0.384229,  0.448065,  -0.205491),  (0.157151,  0.216094)
(0.384229,  0.380173,  -0.205491),  (0.156956,  0.288981)
(0.372971,  0.448065,  -0.207656),  (0.140589,  0.216068)
(0.372971,  0.380173,  -0.207656),  (0.140345,  0.288933)
(0.372971,  0.515957,  -0.207656),  (0.140582,  0.143327)
(0.384229,  0.448065,  -0.205491),  (0.157151,  0.216094)
(0.384229,  0.515957,  -0.205491),  (0.157142,  0.143297)
(0.384229,  0.448065,  -0.205491),  (0.157151,  0.216094)
(0.372971,  0.515957,  -0.207656),  (0.140582,  0.143327)
(0.372971,  0.448065,  -0.207656),  (0.140589,  0.216068)
(0.384229,  0.448065,  -0.205491),  (0.157151,  0.216094)
(0.392517,  0.380173,  -0.200610),  (0.171323,  0.289015)
(0.392517,  0.448065,  -0.200610),  (0.171487,  0.216111)
(0.392517,  0.380173,  -0.200610),  (0.171323,  0.289015)
(0.384229,  0.448065,  -0.205491),  (0.157151,  0.216094)
(0.384229,  0.380173,  -0.205491),  (0.156956,  0.288981)
(0.384229,  0.515957,  -0.205491),  (0.157142,  0.143297)
(0.392517,  0.448065,  -0.200610),  (0.171487,  0.216111)
(0.392517,  0.515957,  -0.200610),  (0.171479,  0.143275)
(0.392517,  0.448065,  -0.200610),  (0.171487,  0.216111)
(0.384229,  0.515957,  -0.205491),  (0.157142,  0.143297)
(0.384229,  0.448065,  -0.205491),  (0.157151,  0.216094)
(0.392517,  0.448065,  -0.200610),  (0.171487,  0.216111)
(0.398055,  0.380173,  -0.193304),  (0.185690,  0.289045)
(0.398055,  0.448065,  -0.193304),  (0.185831,  0.216125)
(0.398055,  0.380173,  -0.193304),  (0.185690,  0.289045)
(0.392517,  0.448065,  -0.200610),  (0.171487,  0.216111)
(0.392517,  0.380173,  -0.200610),  (0.171323,  0.289015)
(0.392517,  0.515957,  -0.200610),  (0.171479,  0.143275)
(0.398055,  0.448065,  -0.193304),  (0.185831,  0.216125)
(0.398055,  0.515957,  -0.193304),  (0.185823,  0.143256)
(0.398055,  0.448065,  -0.193304),  (0.185831,  0.216125)
(0.392517,  0.515957,  -0.200610),  (0.171479,  0.143275)
(0.392517,  0.448065,  -0.200610),  (0.171487,  0.216111)
(0.398055,  0.448065,  -0.193304),  (0.185831,  0.216125)
(0.400000,  0.380173,  -0.184687),  (0.200058,  0.289071)
(0.400000,  0.448065,  -0.184687),  (0.200180,  0.216137)
(0.400000,  0.380173,  -0.184687),  (0.200058,  0.289071)
(0.398055,  0.448065,  -0.193304),  (0.185831,  0.216125)
(0.398055,  0.380173,  -0.193304),  (0.185690,  0.289045)
(0.398055,  0.515957,  -0.193304),  (0.185823,  0.143256)
(0.400000,  0.448065,  -0.184687),  (0.200180,  0.216137)
(0.400000,  0.515957,  -0.184687),  (0.200173,  0.143239)
(0.400000,  0.448065,  -0.184687),  (0.200180,  0.216137)
(0.398055,  0.515957,  -0.193304),  (0.185823,  0.143256)
(0.398055,  0.448065,  -0.193304),  (0.185831,  0.216125)
(0.400000,  0.515957,  -0.184687),  (0.200173,  0.143239)
(0.398055,  0.448065,  -0.176069),  (0.214533,  0.216148)
(0.398055,  0.515957,  -0.176069),  (0.214528,  0.143225)
(0.398055,  0.448065,  -0.176069),  (0.214533,  0.216148)
(0.400000,  0.515957,  -0.184687),  (0.200173,  0.143239)
(0.400000,  0.448065,  -0.184687),  (0.200180,  0.216137)
(0.392517,  0.448065,  -0.168763),  (0.228891,  0.216157)
(0.398067,  0.380437,  -0.176120),  (0.214426,  0.289094)
(0.392517,  0.380173,  -0.168763),  (0.228794,  0.289115)
(0.398067,  0.380437,  -0.176120),  (0.214426,  0.289094)
(0.392517,  0.448065,  -0.168763),  (0.228891,  0.216157)
(0.398055,  0.448065,  -0.176069),  (0.214533,  0.216148)
(0.398055,  0.515957,  -0.176069),  (0.214528,  0.143225)
(0.392517,  0.448065,  -0.168763),  (0.228891,  0.216157)
(0.392517,  0.515957,  -0.168763),  (0.228888,  0.143213)
(0.392517,  0.448065,  -0.168763),  (0.228891,  0.216157)
(0.398055,  0.515957,  -0.176069),  (0.214528,  0.143225)
(0.398055,  0.448065,  -0.176069),  (0.214533,  0.216148)
(0.392517,  0.448065,  -0.168763),  (0.228891,  0.216157)
(0.384229,  0.380173,  -0.163882),  (0.243162,  0.289134)
(0.384229,  0.448065,  -0.163882),  (0.243254,  0.216166)
(0.384229,  0.380173,  -0.163882),  (0.243162,  0.289134)
(0.392517,  0.448065,  -0.168763),  (0.228891,  0.216157)
(0.392517,  0.380173,  -0.168763),  (0.228794,  0.289115)
(0.392517,  0.515957,  -0.168763),  (0.228888,  0.143213)
(0.384229,  0.448065,  -0.163882),  (0.243254,  0.216166)
(0.384229,  0.515957,  -0.163882),  (0.243252,  0.143202)
(0.384229,  0.448065,  -0.163882),  (0.243254,  0.216166)
(0.392517,  0.515957,  -0.168763),  (0.228888,  0.143213)
(0.392517,  0.448065,  -0.168763),  (0.228891,  0.216157)
(0.384229,  0.448065,  -0.163882),  (0.243254,  0.216166)
(0.374453,  0.380173,  -0.162168),  (0.257531,  0.289152)
(0.374453,  0.448065,  -0.162168),  (0.257619,  0.216175)
(0.374453,  0.380173,  -0.162168),  (0.257531,  0.289152)
(0.384229,  0.448065,  -0.163882),  (0.243254,  0.216166)
(0.384229,  0.380173,  -0.163882),  (0.243162,  0.289134)
(0.384229,  0.515957,  -0.163882),  (0.243252,  0.143202)
(0.374453,  0.448065,  -0.162168),  (0.257619,  0.216175)
(0.374453,  0.515957,  -0.162168),  (0.257620,  0.143192)
(0.374453,  0.448065,  -0.162168),  (0.257619,  0.216175)
(0.384229,  0.515957,  -0.163882),  (0.243252,  0.143202)
(0.384229,  0.448065,  -0.163882),  (0.243254,  0.216166)
(0.373970,  0.583848,  -0.184586),  (0.475197,  0.929849)
(0.364676,  0.583848,  -0.205971),  (0.462813,  0.875291)
(0.372971,  0.583848,  -0.207656),  (0.445673,  0.881792)
(0.364676,  0.583848,  -0.205971),  (0.462813,  0.875291)
(0.373970,  0.583848,  -0.184586),  (0.475197,  0.929849)
(0.356388,  0.583848,  -0.199795),  (0.486035,  0.877920)
(0.373970,  0.583848,  -0.184586),  (0.475197,  0.929849)
(0.350850,  0.583848,  -0.176069),  (0.528153,  0.919489)
(0.348905,  0.583848,  -0.184687),  (0.519938,  0.899658)
(0.350850,  0.583848,  -0.176069),  (0.528153,  0.919489)
(0.373970,  0.583848,  -0.184586),  (0.475197,  0.929849)
(0.356388,  0.583848,  -0.168763),  (0.528153,  0.940954)
(0.373970,  0.583848,  -0.184586),  (0.475197,  0.929849)
(0.398055,  0.583848,  -0.193304),  (0.420240,  0.940954)
(0.400000,  0.583848,  -0.184687),  (0.428454,  0.960785)
(0.398055,  0.583848,  -0.193304),  (0.420240,  0.940954)
(0.373970,  0.583848,  -0.184586),  (0.475197,  0.929849)
(0.392517,  0.583848,  -0.200610),  (0.420240,  0.919489)
(0.373970,  0.583848,  -0.184586),  (0.475197,  0.929849)
(0.350850,  0.583848,  -0.190271),  (0.508878,  0.890641)
(0.356388,  0.583848,  -0.199795),  (0.486035,  0.877920)
(0.350850,  0.583848,  -0.190271),  (0.508878,  0.890641)
(0.373970,  0.583848,  -0.184586),  (0.475197,  0.929849)
(0.348905,  0.583848,  -0.184687),  (0.519938,  0.899658)
(0.373970,  0.583848,  -0.184586),  (0.475197,  0.929849)
(0.398055,  0.583848,  -0.176069),  (0.443632,  0.975964)
(0.392517,  0.583848,  -0.168763),  (0.463464,  0.984178)
(0.398055,  0.583848,  -0.176069),  (0.443632,  0.975964)
(0.373970,  0.583848,  -0.184586),  (0.475197,  0.929849)
(0.400000,  0.583848,  -0.184687),  (0.428454,  0.960785)
(0.373970,  0.583848,  -0.184586),  (0.475197,  0.929849)
(0.364676,  0.583848,  -0.163882),  (0.519938,  0.960786)
(0.356388,  0.583848,  -0.168763),  (0.528153,  0.940954)
(0.364676,  0.583848,  -0.163882),  (0.519938,  0.960786)
(0.373970,  0.583848,  -0.184586),  (0.475197,  0.929849)
(0.374453,  0.583848,  -0.162168),  (0.504760,  0.975964)
(0.373970,  0.583848,  -0.184586),  (0.475197,  0.929849)
(0.384229,  0.583848,  -0.205491),  (0.428454,  0.899658)
(0.392517,  0.583848,  -0.200610),  (0.420240,  0.919489)
(0.384229,  0.583848,  -0.205491),  (0.428454,  0.899658)
(0.373970,  0.583848,  -0.184586),  (0.475197,  0.929849)
(0.372971,  0.583848,  -0.207656),  (0.445673,  0.881792)
(0.400000,  0.448065,  -0.184687),  (0.200180,  0.216137)
(0.398067,  0.380437,  -0.176120),  (0.214427,  0.288244)
(0.398055,  0.448065,  -0.176069),  (0.214533,  0.216148)
(0.398067,  0.380437,  -0.176120),  (0.214427,  0.288244)
(0.400000,  0.448065,  -0.184687),  (0.200180,  0.216137)
(0.400000,  0.380173,  -0.184687),  (0.200058,  0.289071)
(0.373971,  0.380173,  -0.184586),  (0.258149,  0.293321)
(0.350850,  0.380173,  -0.190271),  (0.258077,  0.294535)
(0.348905,  0.380173,  -0.184687),  (0.258411,  0.294564)
(0.350850,  0.380173,  -0.190271),  (0.258077,  0.294535)
(0.373971,  0.380173,  -0.184586),  (0.258149,  0.293321)
(0.356388,  0.380173,  -0.199795),  (0.257482,  0.294376)
(0.373971,  0.380173,  -0.184586),  (0.258149,  0.293321)
(0.384229,  0.380173,  -0.205491),  (0.256864,  0.293066)
(0.372971,  0.380173,  -0.207656),  (0.256863,  0.293649)
(0.384229,  0.380173,  -0.205491),  (0.256864,  0.293066)
(0.373971,  0.380173,  -0.184586),  (0.258149,  0.293321)
(0.392517,  0.380173,  -0.200610),  (0.257050,  0.292596)
(0.373971,  0.380173,  -0.184586),  (0.258149,  0.293321)
(0.364676,  0.380173,  -0.163882),  (0.259413,  0.293530)
(0.374453,  0.380173,  -0.162168),  (0.259405,  0.293025)
(0.364676,  0.380173,  -0.163882),  (0.259413,  0.293530)
(0.373971,  0.380173,  -0.184586),  (0.258149,  0.293321)
(0.356388,  0.380173,  -0.168763),  (0.259227,  0.294000)
(0.373971,  0.380173,  -0.184586),  (0.258149,  0.293321)
(0.364676,  0.380173,  -0.205971),  (0.257046,  0.294040)
(0.356388,  0.380173,  -0.199795),  (0.257482,  0.294376)
(0.364676,  0.380173,  -0.205971),  (0.257046,  0.294040)
(0.373971,  0.380173,  -0.184586),  (0.258149,  0.293321)
(0.372971,  0.380173,  -0.207656),  (0.256863,  0.293649)
(0.373971,  0.380173,  -0.184586),  (0.258149,  0.293321)
(0.384229,  0.380173,  -0.163882),  (0.259204,  0.292561)
(0.392517,  0.380173,  -0.168763),  (0.258841,  0.292210)
(0.384229,  0.380173,  -0.163882),  (0.259204,  0.292561)
(0.373971,  0.380173,  -0.184586),  (0.258149,  0.293321)
(0.374453,  0.380173,  -0.162168),  (0.259405,  0.293025)
(0.373971,  0.380173,  -0.184586),  (0.258149,  0.293321)
(0.350850,  0.380173,  -0.176069),  (0.258875,  0.294363)
(0.356388,  0.380173,  -0.168763),  (0.259227,  0.294000)
(0.350850,  0.380173,  -0.176069),  (0.258875,  0.294363)
(0.373971,  0.380173,  -0.184586),  (0.258149,  0.293321)
(0.348905,  0.380173,  -0.184687),  (0.258411,  0.294564)
(0.373971,  0.380173,  -0.184586),  (0.258149,  0.293321)
(0.398055,  0.380173,  -0.193304),  (0.257402,  0.292233)
(0.392517,  0.380173,  -0.200610),  (0.257050,  0.292596)
(0.398055,  0.380173,  -0.193304),  (0.257402,  0.292233)
(0.373971,  0.380173,  -0.184586),  (0.258149,  0.293321)
(0.400000,  0.380173,  -0.184687),  (0.257866,  0.292032)
(0.396786,  0.016423,  0.239204),  (0.178726,  0.851309)
(0.384538,  0.000000,  0.239204),  (0.178726,  0.854623)
(0.384538,  0.016423,  0.250000),  (0.182040,  0.851309)
(0.396786,  0.016423,  -0.151041),  (0.058949,  0.851309)
(0.384756,  0.016706,  -0.161836),  (0.055635,  0.851252)
(0.384538,  0.000000,  -0.151041),  (0.058949,  0.854623)
(-0.387971,  0.016706,  -0.161836),  (0.527264,  0.851252)
(-0.400000,  0.016423,  -0.151041),  (0.524009,  0.851309)
(-0.387752,  0.000000,  -0.151041),  (0.525608,  0.852967)
(-0.400000,  0.016423,  0.239204),  (0.400918,  0.851309)
(-0.387752,  0.016423,  0.250000),  (0.397605,  0.851309)
(-0.387752,  0.000000,  0.239204),  (0.400918,  0.854623)
(0.384538,  1.983577,  0.250000),  (0.185353,  0.454412)
(0.384538,  2.000000,  0.239204),  (0.185353,  0.451099)
(0.396786,  1.983577,  0.239204),  (0.182040,  0.454412)
(0.384756,  1.983294,  -0.161837),  (0.052381,  0.454469)
(0.396785,  1.983577,  -0.151041),  (0.055635,  0.454412)
(0.384538,  2.000000,  -0.151041),  (0.054037,  0.452754)
(-0.400000,  1.983577,  -0.151041),  (0.520695,  0.454412)
(-0.387971,  1.983294,  -0.161836),  (0.524009,  0.454469)
(-0.387752,  2.000000,  -0.151041),  (0.520695,  0.451099)
(-0.387752,  1.983577,  0.250000),  (0.394291,  0.454412)
(-0.400000,  1.983577,  0.239204),  (0.397605,  0.454412)
(-0.387752,  2.000000,  0.239204),  (0.394291,  0.451099)
(0.384538,  0.000000,  -0.151041),  (0.058949,  0.854623)
(0.396786,  0.016423,  0.239204),  (0.178726,  0.851309)
(0.396786,  0.016423,  -0.151041),  (0.058949,  0.851309)
(0.396786,  0.016423,  0.239204),  (0.178726,  0.851309)
(0.384538,  0.000000,  -0.151041),  (0.058949,  0.854623)
(0.384538,  0.000000,  0.239204),  (0.178726,  0.854623)
(-0.387971,  0.016706,  -0.161836),  (0.394350,  0.984398)
(0.384538,  0.000000,  -0.151041),  (0.185353,  0.977714)
(0.384756,  0.016706,  -0.161836),  (0.185294,  0.984398)
(0.384538,  0.000000,  -0.151041),  (0.185353,  0.977714)
(-0.387971,  0.016706,  -0.161836),  (0.394350,  0.984398)
(-0.387752,  0.000000,  -0.151041),  (0.394291,  0.977714)
(-0.387752,  0.000000,  0.239204),  (0.400918,  0.854623)
(-0.400000,  0.016423,  -0.151041),  (0.520696,  0.851309)
(-0.400000,  0.016423,  0.239204),  (0.400918,  0.851309)
(-0.400000,  0.016423,  -0.151041),  (0.520696,  0.851309)
(-0.387752,  0.000000,  0.239204),  (0.400918,  0.854623)
(-0.387752,  0.000000,  -0.151041),  (0.520696,  0.854623)
(-0.387752,  0.000000,  0.239204),  (0.394291,  0.857936)
(0.384538,  0.016423,  0.250000),  (0.185353,  0.851309)
(0.384538,  0.000000,  0.239204),  (0.185353,  0.857936)
(0.384538,  0.016423,  0.250000),  (0.185353,  0.851309)
(-0.387752,  0.000000,  0.239204),  (0.394291,  0.857936)
(-0.387752,  0.016423,  0.250000),  (0.394291,  0.851309)
(0.384538,  1.983577,  0.250000),  (0.185353,  0.454412)
(-0.387752,  1.983577,  0.250000),  (0.394291,  0.454412)
(-0.387752,  2.000000,  0.239204),  (0.394291,  0.447785)
(0.384538,  1.983577,  0.250000),  (0.185353,  0.454412)
(-0.387752,  2.000000,  0.239204),  (0.394291,  0.447785)
(0.384538,  2.000000,  0.239204),  (0.185353,  0.447785)
(-0.387752,  2.000000,  -0.151041),  (0.520695,  0.451099)
(-0.387752,  2.000000,  0.239204),  (0.400918,  0.451099)
(-0.400000,  1.983577,  0.239204),  (0.400918,  0.454412)
(-0.400000,  1.983577,  0.239204),  (0.400918,  0.454412)
(-0.400000,  1.983577,  -0.151041),  (0.520695,  0.454412)
(-0.387752,  2.000000,  -0.151041),  (0.520695,  0.451099)
(0.384538,  2.000000,  -0.151041),  (0.185353,  0.328008)
(-0.387752,  2.000000,  -0.151041),  (0.394291,  0.328008)
(-0.387971,  1.983294,  -0.161836),  (0.394350,  0.321324)
(0.384538,  2.000000,  -0.151041),  (0.185353,  0.328008)
(-0.387971,  1.983294,  -0.161836),  (0.394350,  0.321324)
(0.384756,  1.983294,  -0.161837),  (0.185294,  0.321324)
(0.384538,  2.000000,  0.239204),  (0.178726,  0.451099)
(0.384538,  2.000000,  -0.151041),  (0.058949,  0.451099)
(0.396785,  1.983577,  -0.151041),  (0.058949,  0.454412)
(0.384538,  2.000000,  0.239204),  (0.178726,  0.451099)
(0.396785,  1.983577,  -0.151041),  (0.058949,  0.454412)
(0.396786,  1.983577,  0.239204),  (0.178726,  0.454412)
(0.384538,  1.983577,  0.250000),  (0.185353,  0.454412)
(0.396786,  0.016423,  0.239204),  (0.178726,  0.851309)
(0.384538,  0.016423,  0.250000),  (0.185353,  0.851309)
(0.396786,  0.016423,  0.239204),  (0.178726,  0.851309)
(0.384538,  1.983577,  0.250000),  (0.185353,  0.454412)
(0.396786,  1.983577,  0.239204),  (0.178726,  0.454412)
(0.396785,  1.983577,  -0.151041),  (0.058949,  0.454412)
(0.384756,  0.016706,  -0.161836),  (0.052381,  0.851252)
(0.396786,  0.016423,  -0.151041),  (0.058949,  0.851309)
(0.384756,  0.016706,  -0.161836),  (0.052381,  0.851252)
(0.396785,  1.983577,  -0.151041),  (0.058949,  0.454412)
(0.384756,  1.983294,  -0.161837),  (0.052381,  0.454469)
(-0.400000,  1.983577,  -0.151041),  (0.520695,  0.454412)
(-0.387971,  0.016706,  -0.161836),  (0.527264,  0.851252)
(-0.387971,  1.983294,  -0.161836),  (0.527264,  0.454469)
(-0.387971,  0.016706,  -0.161836),  (0.527264,  0.851252)
(-0.400000,  1.983577,  -0.151041),  (0.520695,  0.454412)
(-0.400000,  0.016423,  -0.151041),  (0.520696,  0.851309)
(-0.400000,  1.983577,  0.239204),  (0.400918,  0.454412)
(-0.387752,  0.016423,  0.250000),  (0.394291,  0.851309)
(-0.400000,  0.016423,  0.239204),  (0.400918,  0.851309)
(-0.387752,  0.016423,  0.250000),  (0.394291,  0.851309)
(-0.400000,  1.983577,  0.239204),  (0.400918,  0.454412)
(-0.387752,  1.983577,  0.250000),  (0.394291,  0.454412)
(0.396786,  1.983577,  0.239204),  (0.178726,  0.454412)
(0.396786,  0.016423,  -0.151041),  (0.058949,  0.851309)
(0.396786,  0.016423,  0.239204),  (0.178726,  0.851309)
(0.396786,  0.016423,  -0.151041),  (0.058949,  0.851309)
(0.396786,  1.983577,  0.239204),  (0.178726,  0.454412)
(0.396785,  1.983577,  -0.151041),  (0.058949,  0.454412)
(0.349128,  1.934424,  -0.182586),  (0.674901,  0.057744)
(0.340698,  0.076880,  -0.190017),  (0.670339,  0.432525)
(0.349128,  0.065576,  -0.182586),  (0.674900,  0.434806)
(0.340698,  0.076880,  -0.190017),  (0.670339,  0.432525)
(0.349128,  1.934424,  -0.182586),  (0.674901,  0.057744)
(0.340698,  1.923120,  -0.190017),  (0.670340,  0.060025)
(0.349128,  1.934424,  -0.182586),  (0.672620,  0.055464)
(-0.352342,  1.934424,  -0.182586),  (0.482843,  0.055463)
(-0.343913,  1.923120,  -0.190017),  (0.485123,  0.060025)
(0.349128,  1.934424,  -0.182586),  (0.672620,  0.055464)
(-0.343913,  1.923120,  -0.190017),  (0.485123,  0.060025)
(0.340698,  1.923120,  -0.190017),  (0.670340,  0.060025)
(0.340698,  0.076880,  -0.190017),  (0.670339,  0.432525)
(-0.343913,  0.076880,  -0.190017),  (0.485123,  0.432525)
(-0.352342,  0.065576,  -0.182586),  (0.482842,  0.437086)
(0.340698,  0.076880,  -0.190017),  (0.670339,  0.432525)
(-0.352342,  0.065576,  -0.182586),  (0.482842,  0.437086)
(0.349128,  0.065576,  -0.182586),  (0.672620,  0.437087)
(-0.352342,  1.934424,  -0.182586),  (0.480562,  0.057744)
(-0.343913,  0.076880,  -0.190017),  (0.485123,  0.432525)
(-0.343913,  1.923120,  -0.190017),  (0.485123,  0.060025)
(-0.352342,  1.934424,  -0.182586),  (0.480562,  0.057744)
(-0.352342,  0.065576,  -0.182586),  (0.480561,  0.434806)
(-0.343913,  0.076880,  -0.190017),  (0.485123,  0.432525)
(-0.352342,  1.934424,  -0.161836),  (0.474193,  0.057744)
(-0.352342,  0.065576,  -0.161836),  (0.474193,  0.434806)
(-0.352342,  1.934424,  -0.182586),  (0.480562,  0.057744)
(-0.352342,  1.934424,  -0.182586),  (0.480562,  0.057744)
(-0.352342,  0.065576,  -0.161836),  (0.474193,  0.434806)
(-0.352342,  0.065576,  -0.182586),  (0.480561,  0.434806)
(-0.353736,  0.064250,  -0.153175),  (0.688564,  0.942626)
(0.360173,  0.050846,  -0.161836),  (0.879096,  0.962938)
(0.350522,  0.064250,  -0.153175),  (0.879096,  0.942627)
(0.360173,  0.050846,  -0.161836),  (0.879096,  0.962938)
(-0.353736,  0.064250,  -0.153175),  (0.688564,  0.942626)
(-0.363387,  0.050846,  -0.161836),  (0.688564,  0.962938)
(0.360173,  1.949154,  -0.161837),  (0.045730,  0.461358)
(0.350522,  0.064250,  -0.153175),  (0.043119,  0.841659)
(0.360173,  0.050846,  -0.161836),  (0.045730,  0.844364)
(0.350522,  0.064250,  -0.153175),  (0.043119,  0.841659)
(0.360173,  1.949154,  -0.161837),  (0.045730,  0.461358)
(0.350522,  1.935750,  -0.153175),  (0.043119,  0.464062)
(0.360173,  1.949154,  -0.161837),  (0.879096,  0.357899)
(-0.363388,  1.949154,  -0.161836),  (0.688564,  0.357899)
(-0.353736,  1.935750,  -0.153175),  (0.688564,  0.378211)
(0.360173,  1.949154,  -0.161837),  (0.879096,  0.357899)
(-0.353736,  1.935750,  -0.153175),  (0.688564,  0.378211)
(0.350522,  1.935750,  -0.153175),  (0.879096,  0.378211)
(-0.363388,  1.949154,  -0.161836),  (0.574843,  0.471620)
(-0.353736,  0.064250,  -0.153175),  (0.595155,  0.849217)
(-0.353736,  1.935750,  -0.153175),  (0.595155,  0.471620)
(-0.363388,  1.949154,  -0.161836),  (0.574843,  0.471620)
(-0.363387,  0.050846,  -0.161836),  (0.574843,  0.849217)
(-0.353736,  0.064250,  -0.153175),  (0.595155,  0.849217)
(0.350522,  0.064250,  -0.113341),  (0.879096,  0.849217)
(-0.353736,  0.064250,  -0.113341),  (0.688564,  0.849217)
(-0.353736,  0.064250,  -0.153175),  (0.688564,  0.942626)
(0.350522,  0.064250,  -0.113341),  (0.879096,  0.849217)
(-0.353736,  0.064250,  -0.153175),  (0.688564,  0.942626)
(0.350522,  0.064250,  -0.153175),  (0.879096,  0.942627)
