(0.631821,  1.822320,  -1.967428),  (0.381483,  0.228011)
(0.620273,  1.800709,  -1.869712),  (0.392472,  0.236621)
(0.631821,  1.800708,  -1.967428),  (0.389451,  0.225789)
(0.620273,  1.800709,  -1.869712),  (0.392472,  0.236621)
(0.631821,  1.822320,  -1.967428),  (0.381483,  0.228011)
(0.620273,  1.822320,  -1.869712),  (0.384618,  0.238387)
(0.640802,  1.837663,  -1.942094),  (0.375416,  0.231856)
(0.631821,  1.843033,  -1.869712),  (0.377063,  0.239915)
(0.620273,  1.822320,  -1.869712),  (0.384618,  0.238387)
(0.620273,  1.822320,  -1.869712),  (0.384618,  0.238387)
(0.631821,  1.822320,  -1.967428),  (0.381483,  0.228011)
(0.640802,  1.837663,  -1.942094),  (0.375416,  0.231856)
(0.631821,  1.843033,  -1.727367),  (0.378317,  0.253723)
(0.620273,  1.822320,  -1.869712),  (0.384618,  0.238387)
(0.631821,  1.843033,  -1.869712),  (0.377063,  0.239915)
(0.620273,  1.822320,  -1.869712),  (0.384618,  0.238387)
(0.631821,  1.843033,  -1.727367),  (0.378317,  0.253723)
(0.620273,  1.822320,  -1.727367),  (0.386781,  0.252973)
(0.620273,  1.822320,  -1.727367),  (0.386781,  0.252973)
(0.620273,  1.800709,  -1.869712),  (0.392472,  0.236621)
(0.620273,  1.822320,  -1.869712),  (0.384618,  0.238387)
(0.620273,  1.800709,  -1.869712),  (0.392472,  0.236621)
(0.620273,  1.822320,  -1.727367),  (0.386781,  0.252973)
(0.627664,  1.798547,  -1.731707),  (0.395908,  0.251469)
(0.701108,  1.497198,  -1.727367),  (0.354990,  0.080757)
(0.666465,  1.488411,  -1.727367),  (0.365375,  0.080189)
(0.666465,  1.488411,  -1.560911),  (0.365118,  0.062701)
(0.701108,  1.497198,  -1.727367),  (0.354990,  0.080757)
(0.666465,  1.488411,  -1.560911),  (0.365118,  0.062701)
(0.701108,  1.497198,  -1.560911),  (0.353860,  0.063071)
(0.631821,  1.497198,  -1.727367),  (0.375771,  0.080451)
(0.666465,  1.488411,  -1.560911),  (0.365118,  0.062701)
(0.666465,  1.488411,  -1.727367),  (0.365375,  0.080189)
(0.666465,  1.488411,  -1.560911),  (0.365118,  0.062701)
(0.631821,  1.497198,  -1.727367),  (0.375771,  0.080451)
(0.631821,  1.497198,  -1.560911),  (0.376382,  0.062740)
(0.712655,  1.822320,  -1.727367),  (0.348993,  0.253540)
(0.712655,  1.800709,  -1.869712),  (0.342815,  0.237366)
(0.705265,  1.798547,  -1.731707),  (0.339826,  0.252311)
(0.712655,  1.800709,  -1.869712),  (0.342815,  0.237366)
(0.712655,  1.822320,  -1.727367),  (0.348993,  0.253540)
(0.712655,  1.822320,  -1.869712),  (0.350718,  0.238896)
(0.701108,  1.843033,  -1.727367),  (0.357476,  0.254036)
(0.701108,  1.843033,  -1.869712),  (0.358315,  0.240196)
(0.712655,  1.822320,  -1.869712),  (0.350718,  0.238896)
(0.701108,  1.843033,  -1.727367),  (0.357476,  0.254036)
(0.712655,  1.822320,  -1.869712),  (0.350718,  0.238896)
(0.712655,  1.822320,  -1.727367),  (0.348993,  0.253540)
(0.692126,  1.837663,  -1.942094),  (0.359720,  0.232092)
(0.712655,  1.822320,  -1.869712),  (0.350718,  0.238896)
(0.701108,  1.843033,  -1.869712),  (0.358315,  0.240196)
(0.712655,  1.822320,  -1.869712),  (0.350718,  0.238896)
(0.692126,  1.837663,  -1.942094),  (0.359720,  0.232092)
(0.701108,  1.822320,  -1.967428),  (0.353540,  0.228431)
(0.701108,  1.822320,  -1.967428),  (0.353540,  0.228431)
(0.712655,  1.800709,  -1.869712),  (0.342815,  0.237366)
(0.712655,  1.822320,  -1.869712),  (0.350718,  0.238896)
(0.712655,  1.800709,  -1.869712),  (0.342815,  0.237366)
(0.701108,  1.822320,  -1.967428),  (0.353540,  0.228431)
(0.701108,  1.800708,  -1.967428),  (0.345509,  0.226448)
(0.701108,  1.822320,  -1.967428),  (0.357014,  0.225423)
(0.666465,  1.800709,  -2.000000),  (0.367340,  0.216775)
(0.701108,  1.800708,  -1.967428),  (0.356534,  0.217290)
(0.666465,  1.800709,  -2.000000),  (0.367340,  0.216775)
(0.701108,  1.822320,  -1.967428),  (0.357014,  0.225423)
(0.666465,  1.822320,  -2.000000),  (0.367453,  0.224352)
(0.692126,  1.837663,  -1.942094),  (0.359720,  0.232092)
(0.666465,  1.843033,  -1.967428),  (0.367559,  0.231416)
(0.666465,  1.822320,  -2.000000),  (0.367453,  0.224352)
(0.666465,  1.822320,  -2.000000),  (0.367453,  0.224352)
(0.701108,  1.822320,  -1.967428),  (0.357014,  0.225423)
(0.692126,  1.837663,  -1.942094),  (0.359720,  0.232092)
(0.640802,  1.837663,  -1.942094),  (0.375416,  0.231856)
(0.666465,  1.822320,  -2.000000),  (0.367453,  0.224352)
(0.666465,  1.843033,  -1.967428),  (0.367559,  0.231416)
(0.666465,  1.822320,  -2.000000),  (0.367453,  0.224352)
(0.640802,  1.837663,  -1.942094),  (0.375416,  0.231856)
(0.631821,  1.822320,  -1.967428),  (0.377920,  0.225109)
(0.631821,  1.822320,  -1.967428),  (0.377920,  0.225109)
(0.666465,  1.800709,  -2.000000),  (0.367340,  0.216775)
(0.666465,  1.822320,  -2.000000),  (0.367453,  0.224352)
(0.666465,  1.800709,  -2.000000),  (0.367340,  0.216775)
(0.631821,  1.822320,  -1.967428),  (0.377920,  0.225109)
(0.631821,  1.800708,  -1.967428),  (0.378156,  0.216966)
(0.631821,  1.497198,  -1.869712),  (0.374815,  0.093934)
(0.631821,  1.497198,  -1.727367),  (0.375771,  0.080451)
(0.666465,  1.488411,  -1.869712),  (0.365575,  0.093824)
(0.666465,  1.488411,  -1.869712),  (0.365575,  0.093824)
(0.631821,  1.497198,  -1.727367),  (0.375771,  0.080451)
(0.666465,  1.488411,  -1.727367),  (0.365375,  0.080189)
(0.701108,  1.497198,  -1.869712),  (0.356342,  0.094206)
(0.666465,  1.488411,  -1.869712),  (0.365575,  0.093824)
(0.701108,  1.497198,  -1.727367),  (0.354990,  0.080757)
(0.666465,  1.488411,  -1.869712),  (0.365575,  0.093824)
(0.666465,  1.488411,  -1.727367),  (0.365375,  0.080189)
(0.701108,  1.497198,  -1.727367),  (0.354990,  0.080757)
(0.692126,  1.504033,  -1.942094),  (0.357740,  0.102370)
(0.666465,  1.497198,  -1.967428),  (0.365702,  0.102469)
(0.666465,  1.488411,  -1.869712),  (0.365575,  0.093824)
(0.666465,  1.488411,  -1.869712),  (0.365575,  0.093824)
(0.701108,  1.497198,  -1.869712),  (0.356342,  0.094206)
(0.692126,  1.504033,  -1.942094),  (0.357740,  0.102370)
(0.640802,  1.504033,  -1.942094),  (0.373658,  0.102136)
(0.666465,  1.488411,  -1.869712),  (0.365575,  0.093824)
(0.666465,  1.497198,  -1.967428),  (0.365702,  0.102469)
(0.666465,  1.488411,  -1.869712),  (0.365575,  0.093824)
(0.640802,  1.504033,  -1.942094),  (0.373658,  0.102136)
(0.631821,  1.497198,  -1.869712),  (0.374815,  0.093934)
(0.701108,  1.843033,  -1.727367),  (0.357476,  0.254036)
(0.666465,  1.849937,  -1.727367),  (0.367902,  0.254224)
(0.666465,  1.849937,  -1.869712),  (0.367691,  0.240192)
(0.701108,  1.843033,  -1.727367),  (0.357476,  0.254036)
(0.666465,  1.849937,  -1.869712),  (0.367691,  0.240192)
(0.701108,  1.843033,  -1.869712),  (0.358315,  0.240196)
(0.631821,  1.843033,  -1.727367),  (0.378317,  0.253723)
(0.666465,  1.849937,  -1.869712),  (0.367691,  0.240192)
(0.666465,  1.849937,  -1.727367),  (0.367902,  0.254224)
(0.666465,  1.849937,  -1.869712),  (0.367691,  0.240192)
(0.631821,  1.843033,  -1.727367),  (0.378317,  0.253723)
(0.631821,  1.843033,  -1.869712),  (0.377063,  0.239915)
(0.631821,  1.843033,  -1.869712),  (0.377063,  0.239915)
(0.640802,  1.837663,  -1.942094),  (0.375416,  0.231856)
(0.666465,  1.849937,  -1.869712),  (0.367691,  0.240192)
(0.666465,  1.849937,  -1.869712),  (0.367691,  0.240192)
(0.640802,  1.837663,  -1.942094),  (0.375416,  0.231856)
(0.666465,  1.843033,  -1.967428),  (0.367559,  0.231416)
(0.701108,  1.843033,  -1.869712),  (0.358315,  0.240196)
(0.666465,  1.849937,  -1.869712),  (0.367691,  0.240192)
(0.692126,  1.837663,  -1.942094),  (0.359720,  0.232092)
(0.666465,  1.849937,  -1.869712),  (0.367691,  0.240192)
(0.666465,  1.843033,  -1.967428),  (0.367559,  0.231416)
(0.692126,  1.837663,  -1.942094),  (0.359720,  0.232092)
(0.701108,  1.800708,  -1.967428),  (0.356534,  0.217290)
(0.666465,  1.800709,  -2.000000),  (0.367340,  0.216775)
(0.666465,  1.779404,  -2.000000),  (0.367222,  0.208934)
(0.701108,  1.800708,  -1.967428),  (0.356534,  0.217290)
(0.666465,  1.779404,  -2.000000),  (0.367222,  0.208934)
(0.701108,  1.779404,  -1.967428),  (0.356099,  0.209387)
(0.631821,  1.800708,  -1.967428),  (0.378156,  0.216966)
(0.666465,  1.779404,  -2.000000),  (0.367222,  0.208934)
(0.666465,  1.800709,  -2.000000),  (0.367340,  0.216775)
(0.666465,  1.779404,  -2.000000),  (0.367222,  0.208934)
(0.631821,  1.800708,  -1.967428),  (0.378156,  0.216966)
(0.631821,  1.779404,  -1.967428),  (0.378370,  0.209059)
(0.666465,  1.779404,  -2.000000),  (0.367222,  0.208934)
(0.666465,  1.574755,  -2.000000),  (0.366106,  0.129979)
(0.701108,  1.779404,  -1.967428),  (0.356099,  0.209387)
(0.701108,  1.779404,  -1.967428),  (0.356099,  0.209387)
(0.666465,  1.574755,  -2.000000),  (0.366106,  0.129979)
(0.701108,  1.574755,  -1.967428),  (0.354821,  0.129993)
(0.712655,  1.800709,  -1.869712),  (0.345754,  0.217937)
(0.701108,  1.779404,  -1.771995),  (0.333531,  0.211363)
(0.705265,  1.798547,  -1.731707),  (0.331559,  0.219683)
(0.701108,  1.779404,  -1.771995),  (0.333531,  0.211363)
(0.712655,  1.800709,  -1.869712),  (0.345754,  0.217937)
(0.712655,  1.779404,  -1.869712),  (0.344907,  0.210154)
(0.701108,  1.800708,  -1.967428),  (0.356534,  0.217290)
(0.712655,  1.779404,  -1.869712),  (0.344907,  0.210154)
(0.712655,  1.800709,  -1.869712),  (0.345754,  0.217937)
(0.712655,  1.779404,  -1.869712),  (0.344907,  0.210154)
(0.701108,  1.800708,  -1.967428),  (0.356534,  0.217290)
(0.701108,  1.779404,  -1.967428),  (0.356099,  0.209387)
(0.666465,  1.793804,  -1.694795),  (0.414551,  0.215266)
(0.631821,  1.779404,  -1.771995),  (0.400943,  0.210411)
(0.627664,  1.798547,  -1.731707),  (0.403142,  0.218666)
(0.631821,  1.779404,  -1.771995),  (0.400943,  0.210411)
(0.666465,  1.793804,  -1.694795),  (0.414551,  0.215266)
(0.666465,  1.779404,  -1.739423),  (0.411920,  0.208914)
(0.666465,  1.793804,  -1.694795),  (0.320056,  0.216594)
(0.701108,  1.779404,  -1.771995),  (0.333531,  0.211363)
(0.666465,  1.779404,  -1.739423),  (0.322512,  0.210170)
(0.701108,  1.779404,  -1.771995),  (0.333531,  0.211363)
(0.666465,  1.793804,  -1.694795),  (0.320056,  0.216594)
(0.705265,  1.798547,  -1.731707),  (0.331559,  0.219683)
(0.631821,  1.800708,  -1.967428),  (0.378156,  0.216966)
(0.620273,  1.800709,  -1.869712),  (0.388918,  0.217311)
(0.620273,  1.779404,  -1.869712),  (0.389545,  0.209521)
(0.631821,  1.800708,  -1.967428),  (0.378156,  0.216966)
(0.620273,  1.779404,  -1.869712),  (0.389545,  0.209521)
(0.631821,  1.779404,  -1.967428),  (0.378370,  0.209059)
(0.620273,  1.800709,  -1.869712),  (0.388918,  0.217311)
(0.631821,  1.779404,  -1.771995),  (0.400943,  0.210411)
(0.620273,  1.779404,  -1.869712),  (0.389545,  0.209521)
(0.631821,  1.779404,  -1.771995),  (0.400943,  0.210411)
(0.620273,  1.800709,  -1.869712),  (0.388918,  0.217311)
(0.627664,  1.798547,  -1.731707),  (0.403142,  0.218666)
(0.631821,  1.523560,  -1.967428),  (0.381155,  0.106243)
(0.620273,  1.523560,  -1.869712),  (0.383996,  0.095797)
(0.640802,  1.504033,  -1.942094),  (0.373658,  0.102136)
(0.620273,  1.523560,  -1.869712),  (0.383996,  0.095797)
(0.631821,  1.497198,  -1.869712),  (0.374815,  0.093934)
(0.640802,  1.504033,  -1.942094),  (0.373658,  0.102136)
(0.631821,  1.551007,  -1.967428),  (0.391332,  0.108718)
(0.620273,  1.551007,  -1.869712),  (0.393981,  0.097824)
(0.620273,  1.523560,  -1.869712),  (0.383996,  0.095797)
(0.631821,  1.551007,  -1.967428),  (0.391332,  0.108718)
(0.620273,  1.523560,  -1.869712),  (0.383996,  0.095797)
(0.631821,  1.523560,  -1.967428),  (0.381155,  0.106243)
(0.620273,  1.551007,  -1.869712),  (0.393981,  0.097824)
(0.620273,  1.523560,  -1.727367),  (0.386050,  0.081241)
(0.620273,  1.523560,  -1.869712),  (0.383996,  0.095797)
(0.620273,  1.523560,  -1.727367),  (0.386050,  0.081241)
(0.620273,  1.551007,  -1.869712),  (0.393981,  0.097824)
(0.627664,  1.553779,  -1.731707),  (0.397476,  0.082958)
(0.631821,  1.497198,  -1.727367),  (0.375771,  0.080451)
(0.620273,  1.523560,  -1.869712),  (0.383996,  0.095797)
(0.620273,  1.523560,  -1.727367),  (0.386050,  0.081241)
(0.620273,  1.523560,  -1.869712),  (0.383996,  0.095797)
(0.631821,  1.497198,  -1.727367),  (0.375771,  0.080451)
(0.631821,  1.497198,  -1.869712),  (0.374815,  0.093934)
(0.701108,  1.549921,  -1.560911),  (0.332450,  0.065048)
(0.712655,  1.523560,  -1.727367),  (0.344740,  0.081848)
(0.712655,  1.523560,  -1.560911),  (0.343127,  0.063989)
(0.712655,  1.523560,  -1.727367),  (0.344740,  0.081848)
(0.701108,  1.549921,  -1.560911),  (0.332450,  0.065048)
(0.705265,  1.553779,  -1.731707),  (0.333369,  0.083900)
(0.701108,  1.497198,  -1.727367),  (0.354990,  0.080757)
(0.712655,  1.523560,  -1.560911),  (0.343127,  0.063989)
(0.712655,  1.523560,  -1.727367),  (0.344740,  0.081848)
(0.712655,  1.523560,  -1.560911),  (0.343127,  0.063989)
(0.701108,  1.497198,  -1.727367),  (0.354990,  0.080757)
(0.701108,  1.497198,  -1.560911),  (0.353860,  0.063071)
(0.712655,  1.523560,  -1.727367),  (0.344740,  0.081848)
(0.712655,  1.523560,  -1.869712),  (0.347220,  0.096337)
(0.701108,  1.497198,  -1.727367),  (0.354990,  0.080757)
(0.712655,  1.523560,  -1.869712),  (0.347220,  0.096337)
(0.701108,  1.497198,  -1.869712),  (0.356342,  0.094206)
(0.701108,  1.497198,  -1.727367),  (0.354990,  0.080757)
(0.712655,  1.551007,  -1.869712),  (0.337299,  0.098657)
(0.712655,  1.523560,  -1.727367),  (0.344740,  0.081848)
(0.705265,  1.553779,  -1.731707),  (0.333369,  0.083900)
(0.712655,  1.523560,  -1.727367),  (0.344740,  0.081848)
(0.712655,  1.551007,  -1.869712),  (0.337299,  0.098657)
(0.712655,  1.523560,  -1.869712),  (0.347220,  0.096337)
(0.701108,  1.551007,  -1.967428),  (0.340267,  0.109468)
(0.712655,  1.523560,  -1.869712),  (0.347220,  0.096337)
(0.712655,  1.551007,  -1.869712),  (0.337299,  0.098657)
(0.712655,  1.523560,  -1.869712),  (0.347220,  0.096337)
(0.701108,  1.551007,  -1.967428),  (0.340267,  0.109468)
(0.701108,  1.523560,  -1.967428),  (0.350367,  0.106696)
(0.701108,  1.523560,  -1.967428),  (0.350367,  0.106696)
(0.692126,  1.504033,  -1.942094),  (0.357740,  0.102370)
(0.712655,  1.523560,  -1.869712),  (0.347220,  0.096337)
(0.712655,  1.523560,  -1.869712),  (0.347220,  0.096337)
(0.692126,  1.504033,  -1.942094),  (0.357740,  0.102370)
(0.701108,  1.497198,  -1.869712),  (0.356342,  0.094206)
(0.701108,  1.523560,  -1.967428),  (0.355172,  0.110583)
(0.666465,  1.523560,  -2.000000),  (0.365831,  0.111224)
(0.692126,  1.504033,  -1.942094),  (0.357740,  0.102370)
(0.666465,  1.523560,  -2.000000),  (0.365831,  0.111224)
(0.666465,  1.497198,  -1.967428),  (0.365702,  0.102469)
(0.692126,  1.504033,  -1.942094),  (0.357740,  0.102370)
(0.701108,  1.551007,  -1.967428),  (0.354982,  0.120969)
(0.666465,  1.551007,  -2.000000),  (0.365976,  0.121093)
(0.666465,  1.523560,  -2.000000),  (0.365831,  0.111224)
(0.701108,  1.551007,  -1.967428),  (0.354982,  0.120969)
(0.666465,  1.523560,  -2.000000),  (0.365831,  0.111224)
(0.701108,  1.523560,  -1.967428),  (0.355172,  0.110583)
(0.631821,  1.551007,  -1.967428),  (0.376961,  0.120647)
(0.666465,  1.523560,  -2.000000),  (0.365831,  0.111224)
(0.666465,  1.551007,  -2.000000),  (0.365976,  0.121093)
(0.666465,  1.523560,  -2.000000),  (0.365831,  0.111224)
(0.631821,  1.551007,  -1.967428),  (0.376961,  0.120647)
(0.631821,  1.523560,  -1.967428),  (0.376467,  0.110271)
(0.631821,  1.523560,  -1.967428),  (0.376467,  0.110271)
(0.640802,  1.504033,  -1.942094),  (0.373658,  0.102136)
(0.666465,  1.523560,  -2.000000),  (0.365831,  0.111224)
(0.666465,  1.523560,  -2.000000),  (0.365831,  0.111224)
(0.640802,  1.504033,  -1.942094),  (0.373658,  0.102136)
(0.666465,  1.497198,  -1.967428),  (0.365702,  0.102469)
(0.631821,  1.801608,  -1.560911),  (0.396738,  0.270338)
(0.620273,  1.822320,  -1.727367),  (0.386781,  0.252973)
(0.620273,  1.822320,  -1.560911),  (0.388034,  0.270997)
(0.620273,  1.822320,  -1.727367),  (0.386781,  0.252973)
(0.631821,  1.801608,  -1.560911),  (0.396738,  0.270338)
(0.627664,  1.798547,  -1.731707),  (0.395908,  0.251469)
(0.631821,  1.843033,  -1.727367),  (0.378317,  0.253723)
(0.631821,  1.843033,  -1.560911),  (0.379293,  0.271596)
(0.620273,  1.822320,  -1.560911),  (0.388034,  0.270997)
(0.631821,  1.843033,  -1.727367),  (0.378317,  0.253723)
(0.620273,  1.822320,  -1.560911),  (0.388034,  0.270997)
(0.620273,  1.822320,  -1.727367),  (0.386781,  0.252973)
(0.666465,  1.793804,  -1.694795),  (0.327825,  0.256902)
(0.701108,  1.801608,  -1.560911),  (0.339564,  0.271197)
(0.705265,  1.798547,  -1.731707),  (0.339826,  0.252311)
(0.701108,  1.801608,  -1.560911),  (0.339564,  0.271197)
(0.666465,  1.793804,  -1.694795),  (0.327825,  0.256902)
(0.666465,  1.794704,  -1.560911),  (0.328487,  0.271632)
(0.666465,  1.793804,  -1.694795),  (0.408042,  0.255696)
(0.631821,  1.801608,  -1.560911),  (0.396738,  0.270338)
(0.666465,  1.794704,  -1.560911),  (0.407822,  0.270441)
(0.631821,  1.801608,  -1.560911),  (0.396738,  0.270338)
(0.666465,  1.793804,  -1.694795),  (0.408042,  0.255696)
(0.627664,  1.798547,  -1.731707),  (0.395908,  0.251469)
(0.631821,  1.843033,  -1.560911),  (0.379293,  0.271596)
(0.631821,  1.843033,  -1.727367),  (0.378317,  0.253723)
(0.666465,  1.849937,  -1.560911),  (0.368168,  0.271930)
(0.666465,  1.849937,  -1.560911),  (0.368168,  0.271930)
(0.631821,  1.843033,  -1.727367),  (0.378317,  0.253723)
(0.666465,  1.849937,  -1.727367),  (0.367902,  0.254224)
(0.701108,  1.843033,  -1.560911),  (0.357039,  0.271930)
(0.666465,  1.849937,  -1.560911),  (0.368168,  0.271930)
(0.701108,  1.843033,  -1.727367),  (0.357476,  0.254036)
(0.666465,  1.849937,  -1.560911),  (0.368168,  0.271930)
(0.666465,  1.849937,  -1.727367),  (0.367902,  0.254224)
(0.701108,  1.843033,  -1.727367),  (0.357476,  0.254036)
(0.631821,  1.549921,  -1.560911),  (0.397841,  0.064087)
(0.666465,  1.559794,  -1.694795),  (0.409592,  0.078518)
(0.666465,  1.558708,  -1.560911),  (0.409098,  0.063805)
(0.666465,  1.559794,  -1.694795),  (0.409592,  0.078518)
(0.631821,  1.549921,  -1.560911),  (0.397841,  0.064087)
(0.627664,  1.553779,  -1.731707),  (0.397476,  0.082958)
(0.701108,  1.549921,  -1.560911),  (0.332450,  0.065048)
(0.666465,  1.559794,  -1.694795),  (0.321127,  0.079818)
(0.705265,  1.553779,  -1.731707),  (0.333369,  0.083900)
(0.666465,  1.559794,  -1.694795),  (0.321127,  0.079818)
(0.701108,  1.549921,  -1.560911),  (0.332450,  0.065048)
(0.666465,  1.558708,  -1.560911),  (0.321189,  0.065098)
(0.701108,  1.843033,  -1.727367),  (0.357476,  0.254036)
(0.712655,  1.822320,  -1.560911),  (0.348283,  0.271594)
(0.701108,  1.843033,  -1.560911),  (0.357039,  0.271930)
(0.712655,  1.822320,  -1.560911),  (0.348283,  0.271594)
(0.701108,  1.843033,  -1.727367),  (0.357476,  0.254036)
(0.712655,  1.822320,  -1.727367),  (0.348993,  0.253540)
(0.712655,  1.822320,  -1.727367),  (0.348993,  0.253540)
(0.701108,  1.801608,  -1.560911),  (0.339564,  0.271197)
(0.712655,  1.822320,  -1.560911),  (0.348283,  0.271594)
(0.701108,  1.801608,  -1.560911),  (0.339564,  0.271197)
(0.712655,  1.822320,  -1.727367),  (0.348993,  0.253540)
(0.705265,  1.798547,  -1.731707),  (0.339826,  0.252311)
(0.631821,  1.497198,  -1.560911),  (0.376382,  0.062740)
(0.631821,  1.497198,  -1.727367),  (0.375771,  0.080451)
(0.620273,  1.523560,  -1.560911),  (0.387137,  0.063342)
(0.620273,  1.523560,  -1.727367),  (0.386050,  0.081241)
(0.620273,  1.523560,  -1.560911),  (0.387137,  0.063342)
(0.631821,  1.497198,  -1.727367),  (0.375771,  0.080451)
(0.631821,  1.549921,  -1.560911),  (0.397841,  0.064087)
(0.620273,  1.523560,  -1.727367),  (0.386050,  0.081241)
(0.627664,  1.553779,  -1.731707),  (0.397476,  0.082958)
(0.620273,  1.523560,  -1.727367),  (0.386050,  0.081241)
(0.631821,  1.549921,  -1.560911),  (0.397841,  0.064087)
(0.620273,  1.523560,  -1.560911),  (0.387137,  0.063342)
(0.701108,  1.574755,  -1.967428),  (0.354821,  0.129993)
(0.666465,  1.574755,  -2.000000),  (0.366106,  0.129979)
(0.701108,  1.551007,  -1.967428),  (0.354982,  0.120969)
(0.666465,  1.574755,  -2.000000),  (0.366106,  0.129979)
(0.666465,  1.551007,  -2.000000),  (0.365976,  0.121093)
(0.701108,  1.551007,  -1.967428),  (0.354982,  0.120969)
(0.631821,  1.779404,  -1.967428),  (0.378370,  0.209059)
(0.631821,  1.574755,  -1.967428),  (0.377378,  0.129667)
(0.666465,  1.779404,  -2.000000),  (0.367222,  0.208934)
(0.666465,  1.779404,  -2.000000),  (0.367222,  0.208934)
(0.631821,  1.574755,  -1.967428),  (0.377378,  0.129667)
(0.666465,  1.574755,  -2.000000),  (0.366106,  0.129979)
(0.712655,  1.779404,  -1.869712),  (0.344907,  0.210154)
(0.712655,  1.574755,  -1.869712),  (0.343442,  0.129666)
(0.701108,  1.779404,  -1.771995),  (0.333531,  0.211363)
(0.701108,  1.779404,  -1.771995),  (0.333531,  0.211363)
(0.712655,  1.574755,  -1.869712),  (0.343442,  0.129666)
(0.701108,  1.574755,  -1.771995),  (0.331509,  0.128981)
(0.631821,  1.574755,  -1.967428),  (0.377378,  0.129667)
(0.631821,  1.551007,  -1.967428),  (0.376961,  0.120647)
(0.666465,  1.574755,  -2.000000),  (0.366106,  0.129979)
(0.666465,  1.574755,  -2.000000),  (0.366106,  0.129979)
(0.631821,  1.551007,  -1.967428),  (0.376961,  0.120647)
(0.666465,  1.551007,  -2.000000),  (0.365976,  0.121093)
(0.712655,  1.551007,  -1.869712),  (0.344012,  0.120708)
(0.701108,  1.574755,  -1.771995),  (0.331509,  0.128981)
(0.712655,  1.574755,  -1.869712),  (0.343442,  0.129666)
(0.701108,  1.574755,  -1.771995),  (0.331509,  0.128981)
(0.712655,  1.551007,  -1.869712),  (0.344012,  0.120708)
(0.705265,  1.553779,  -1.731707),  (0.329074,  0.119687)
(0.712655,  1.574755,  -1.869712),  (0.343442,  0.129666)
(0.712655,  1.779404,  -1.869712),  (0.344907,  0.210154)
(0.701108,  1.779404,  -1.967428),  (0.356099,  0.209387)
(0.701108,  1.779404,  -1.967428),  (0.356099,  0.209387)
(0.701108,  1.574755,  -1.967428),  (0.354821,  0.129993)
(0.712655,  1.574755,  -1.869712),  (0.343442,  0.129666)
(0.666465,  1.574755,  -1.739423),  (0.412358,  0.129452)
(0.631821,  1.779404,  -1.771995),  (0.400943,  0.210411)
(0.666465,  1.779404,  -1.739423),  (0.411920,  0.208914)
(0.631821,  1.779404,  -1.771995),  (0.400943,  0.210411)
(0.666465,  1.574755,  -1.739423),  (0.412358,  0.129452)
(0.631821,  1.574755,  -1.771995),  (0.400687,  0.128002)
(0.701108,  1.574755,  -1.967428),  (0.354821,  0.129993)
(0.701108,  1.551007,  -1.967428),  (0.354982,  0.120969)
(0.712655,  1.574755,  -1.869712),  (0.343442,  0.129666)
(0.712655,  1.574755,  -1.869712),  (0.343442,  0.129666)
(0.701108,  1.551007,  -1.967428),  (0.354982,  0.120969)
(0.712655,  1.551007,  -1.869712),  (0.344012,  0.120708)
(0.631821,  1.574755,  -1.771995),  (0.400687,  0.128002)
(0.666465,  1.559794,  -1.694795),  (0.415072,  0.122457)
(0.627664,  1.553779,  -1.731707),  (0.402865,  0.118637)
(0.666465,  1.559794,  -1.694795),  (0.415072,  0.122457)
(0.631821,  1.574755,  -1.771995),  (0.400687,  0.128002)
(0.666465,  1.574755,  -1.739423),  (0.412358,  0.129452)
(0.666465,  1.574755,  -1.739423),  (0.319886,  0.130753)
(0.666465,  1.779404,  -1.739423),  (0.322512,  0.210170)
(0.701108,  1.779404,  -1.771995),  (0.333531,  0.211363)
(0.701108,  1.779404,  -1.771995),  (0.333531,  0.211363)
(0.701108,  1.574755,  -1.771995),  (0.331509,  0.128981)
(0.666465,  1.574755,  -1.739423),  (0.319886,  0.130753)
(0.620273,  1.779404,  -1.869712),  (0.389545,  0.209521)
(0.631821,  1.574755,  -1.967428),  (0.377378,  0.129667)
(0.631821,  1.779404,  -1.967428),  (0.378370,  0.209059)
(0.631821,  1.574755,  -1.967428),  (0.377378,  0.129667)
(0.620273,  1.779404,  -1.869712),  (0.389545,  0.209521)
(0.620273,  1.574755,  -1.869712),  (0.388772,  0.129022)
(0.701108,  1.574755,  -1.771995),  (0.331509,  0.128981)
(0.666465,  1.559794,  -1.694795),  (0.316982,  0.123839)
(0.666465,  1.574755,  -1.739423),  (0.319886,  0.130753)
(0.666465,  1.559794,  -1.694795),  (0.316982,  0.123839)
(0.701108,  1.574755,  -1.771995),  (0.331509,  0.128981)
(0.705265,  1.553779,  -1.731707),  (0.329074,  0.119687)
(0.631821,  1.574755,  -1.967428),  (0.377378,  0.129667)
(0.620273,  1.574755,  -1.869712),  (0.388772,  0.129022)
(0.631821,  1.551007,  -1.967428),  (0.376961,  0.120647)
(0.620273,  1.574755,  -1.869712),  (0.388772,  0.129022)
(0.620273,  1.551007,  -1.869712),  (0.387946,  0.120072)
(0.631821,  1.551007,  -1.967428),  (0.376961,  0.120647)
(0.620273,  1.574755,  -1.869712),  (0.388772,  0.129022)
(0.620273,  1.779404,  -1.869712),  (0.389545,  0.209521)
(0.631821,  1.779404,  -1.771995),  (0.400943,  0.210411)
(0.631821,  1.779404,  -1.771995),  (0.400943,  0.210411)
(0.631821,  1.574755,  -1.771995),  (0.400687,  0.128002)
(0.620273,  1.574755,  -1.869712),  (0.388772,  0.129022)
(0.631821,  1.574755,  -1.771995),  (0.400687,  0.128002)
(0.620273,  1.551007,  -1.869712),  (0.387946,  0.120072)
(0.620273,  1.574755,  -1.869712),  (0.388772,  0.129022)
(0.620273,  1.551007,  -1.869712),  (0.387946,  0.120072)
(0.631821,  1.574755,  -1.771995),  (0.400687,  0.128002)
(0.627664,  1.553779,  -1.731707),  (0.402865,  0.118637)
(-0.969380,  2.975365,  2.000000),  (0.394291,  0.454412)
(0.961344,  0.024635,  2.000000),  (0.185353,  0.851309)
(-0.969380,  0.024635,  2.000000),  (0.394291,  0.851309)
(0.961344,  0.024635,  2.000000),  (0.185353,  0.851309)
(-0.969380,  2.975365,  2.000000),  (0.394291,  0.454412)
(0.961345,  2.975365,  1.999999),  (0.185353,  0.454412)
(0.961344,  0.000000,  -1.208325),  (0.185353,  0.977714)
(-0.969380,  0.000000,  1.913633),  (0.394291,  0.857936)
(0.961344,  0.000000,  1.913632),  (0.185353,  0.857936)
(-0.969380,  0.000000,  1.913633),  (0.394291,  0.857936)
(0.961344,  0.000000,  -1.208325),  (0.185353,  0.977714)
(-0.969380,  0.000000,  -1.208324),  (0.394291,  0.977714)
(0.961891,  0.025059,  -1.294692),  (0.185294,  0.984398)
(-0.908468,  0.076270,  -1.294691),  (0.387699,  0.991286)
(-0.969926,  0.025059,  -1.294691),  (0.394350,  0.984398)
(-0.908468,  0.076270,  -1.294691),  (0.387699,  0.991286)
(0.961891,  0.025059,  -1.294692),  (0.185294,  0.984398)
(0.900432,  0.076270,  -1.294692),  (0.191945,  0.991286)
(-0.884340,  2.903625,  -1.225397),  (0.688564,  0.378211)
(0.876304,  2.903625,  -0.906730),  (0.879096,  0.471620)
(0.876304,  2.903625,  -1.225398),  (0.879096,  0.378211)
(0.876304,  2.903625,  -0.906730),  (0.879096,  0.471620)
(-0.884340,  2.903625,  -1.225397),  (0.688564,  0.378211)
(-0.884340,  2.903625,  -0.906729),  (0.688564,  0.471620)
(0.876304,  2.903625,  -0.906730),  (0.879096,  0.471620)
(0.876305,  0.096375,  -1.225398),  (0.972505,  0.849217)
(0.876304,  2.903625,  -1.225398),  (0.972505,  0.471620)
(0.876305,  0.096375,  -1.225398),  (0.972505,  0.849217)
(0.876304,  2.903625,  -0.906730),  (0.879096,  0.471620)
(0.876305,  0.096375,  -0.906729),  (0.879096,  0.849217)
(-0.884340,  2.903625,  -0.906729),  (0.688564,  0.471620)
(-0.884340,  0.096375,  -1.225397),  (0.595155,  0.849217)
(-0.884340,  0.096375,  -0.906729),  (0.688564,  0.849217)
(-0.884340,  0.096375,  -1.225397),  (0.595155,  0.849217)
(-0.884340,  2.903625,  -0.906729),  (0.688564,  0.471620)
(-0.884340,  2.903625,  -1.225397),  (0.595155,  0.471620)
(-0.969380,  3.000000,  1.913633),  (0.394291,  0.447785)
(0.961344,  3.000000,  -1.208326),  (0.185353,  0.328008)
(0.961345,  3.000000,  1.913632),  (0.185353,  0.447785)
(0.961344,  3.000000,  -1.208326),  (0.185353,  0.328008)
(-0.969380,  3.000000,  1.913633),  (0.394291,  0.447785)
(-0.969380,  3.000000,  -1.208324),  (0.394291,  0.328008)
(-0.999999,  2.975365,  1.913633),  (0.400918,  0.454412)
(-0.999999,  0.024635,  -1.208324),  (0.520696,  0.851309)
(-1.000000,  2.975365,  -1.208324),  (0.520695,  0.454412)
(-0.999999,  0.024635,  -1.208324),  (0.520696,  0.851309)
(-0.999999,  2.975365,  1.913633),  (0.400918,  0.454412)
(-0.999999,  0.024635,  1.913633),  (0.400918,  0.851309)
(0.876304,  2.903625,  -0.906730),  (0.879096,  0.471620)
(-0.884340,  0.096375,  -0.906729),  (0.688564,  0.849217)
(0.876305,  0.096375,  -0.906729),  (0.879096,  0.849217)
(-0.884340,  0.096375,  -0.906729),  (0.688564,  0.849217)
(0.876304,  2.903625,  -0.906730),  (0.879096,  0.471620)
(-0.884340,  2.903625,  -0.906729),  (0.688564,  0.471620)
(-0.969926,  0.025059,  -1.294691),  (0.527264,  0.851252)
(-0.908469,  2.923730,  -1.294691),  (0.533915,  0.461358)
(-0.969926,  2.974941,  -1.294691),  (0.527264,  0.454469)
(-0.908469,  2.923730,  -1.294691),  (0.533915,  0.461358)
(-0.969926,  0.025059,  -1.294691),  (0.527264,  0.851252)
(-0.908468,  0.076270,  -1.294691),  (0.533914,  0.844364)
(0.961891,  0.025059,  -1.294692),  (0.052381,  0.851252)
(0.961890,  2.974941,  -1.294693),  (0.052381,  0.454469)
(0.900432,  2.923730,  -1.294692),  (0.045730,  0.461358)
(0.961891,  0.025059,  -1.294692),  (0.052381,  0.851252)
(0.900432,  2.923730,  -1.294692),  (0.045730,  0.461358)
(0.900432,  0.076270,  -1.294692),  (0.045730,  0.844364)
(-0.969926,  2.974941,  -1.294691),  (0.394350,  0.321324)
(0.900432,  2.923730,  -1.294692),  (0.191945,  0.314436)
(0.961890,  2.974941,  -1.294693),  (0.185294,  0.321324)
(0.900432,  2.923730,  -1.294692),  (0.191945,  0.314436)
(-0.969926,  2.974941,  -1.294691),  (0.394350,  0.321324)
(-0.908469,  2.923730,  -1.294691),  (0.387699,  0.314435)
(-0.880856,  0.098365,  -1.460689),  (0.482842,  0.437086)
(0.872820,  0.098365,  -1.294692),  (0.672620,  0.443455)
(0.872820,  0.098365,  -1.460689),  (0.672620,  0.437087)
(0.872820,  0.098365,  -1.294692),  (0.672620,  0.443455)
(-0.880856,  0.098365,  -1.460689),  (0.482842,  0.437086)
(-0.880856,  0.098365,  -1.294691),  (0.482842,  0.443455)
(0.851745,  2.884680,  -1.520134),  (0.670340,  0.060025)
(-0.859782,  0.115320,  -1.520133),  (0.485123,  0.432525)
(0.851746,  0.115320,  -1.520133),  (0.670339,  0.432525)
(-0.859782,  0.115320,  -1.520133),  (0.485123,  0.432525)
(0.851745,  2.884680,  -1.520134),  (0.670340,  0.060025)
(-0.859782,  2.884680,  -1.520133),  (0.485123,  0.060025)
(0.872820,  2.901635,  -1.294692),  (0.672620,  0.049095)
(-0.880856,  2.901635,  -1.294691),  (0.482843,  0.049095)
(-0.880856,  2.901635,  -1.460688),  (0.482843,  0.055463)
(0.872820,  2.901635,  -1.294692),  (0.672620,  0.049095)
(-0.880856,  2.901635,  -1.460688),  (0.482843,  0.055463)
(0.872820,  2.901635,  -1.460690),  (0.672620,  0.055464)
(0.872820,  2.901635,  -1.294692),  (0.681270,  0.057744)
(0.872820,  0.098365,  -1.460689),  (0.674900,  0.434806)
(0.872820,  0.098365,  -1.294692),  (0.681270,  0.434806)
(0.872820,  0.098365,  -1.460689),  (0.674900,  0.434806)
(0.872820,  2.901635,  -1.294692),  (0.681270,  0.057744)
(0.872820,  2.901635,  -1.460690),  (0.674901,  0.057744)
(0.960573,  2.515343,  -1.311054),  (0.727727,  0.295221)
(0.936131,  2.413506,  -1.297341),  (0.713252,  0.222236)
(0.936131,  2.515343,  -1.297341),  (0.713352,  0.295241)
(0.936131,  2.413506,  -1.297341),  (0.713252,  0.222236)
(0.960573,  2.515343,  -1.311054),  (0.727727,  0.295221)
(0.960573,  2.413506,  -1.311054),  (0.727620,  0.222226)
(0.981293,  2.515343,  -1.350107),  (0.742101,  0.295199)
(0.960573,  2.413506,  -1.311054),  (0.727620,  0.222226)
(0.960573,  2.515343,  -1.311054),  (0.727727,  0.295221)
(0.960573,  2.413506,  -1.311054),  (0.727620,  0.222226)
(0.981293,  2.515343,  -1.350107),  (0.742101,  0.295199)
(0.981293,  2.413506,  -1.350107),  (0.741984,  0.222214)
(0.995138,  2.515343,  -1.408552),  (0.756475,  0.295174)
(0.981293,  2.413506,  -1.350107),  (0.741984,  0.222214)
(0.981293,  2.515343,  -1.350107),  (0.742101,  0.295199)
(0.981293,  2.413506,  -1.350107),  (0.741984,  0.222214)
(0.995138,  2.515343,  -1.408552),  (0.756475,  0.295174)
(0.995138,  2.413506,  -1.408552),  (0.756344,  0.222201)
(1.000000,  2.515343,  -1.477493),  (0.770849,  0.295147)
(0.995138,  2.413506,  -1.408552),  (0.756344,  0.222201)
(0.995138,  2.515343,  -1.408552),  (0.756475,  0.295174)
(0.995138,  2.413506,  -1.408552),  (0.756344,  0.222201)
(1.000000,  2.515343,  -1.477493),  (0.770849,  0.295147)
(1.000000,  2.413506,  -1.477493),  (0.770699,  0.222187)
(0.995138,  2.515343,  -1.546433),  (0.785222,  0.295115)
(1.000000,  2.413506,  -1.477493),  (0.770699,  0.222187)
(1.000000,  2.515343,  -1.477493),  (0.770849,  0.295147)
(1.000000,  2.413506,  -1.477493),  (0.770699,  0.222187)
(0.995138,  2.515343,  -1.546433),  (0.785222,  0.295115)
(0.995138,  2.413506,  -1.546433),  (0.785049,  0.222170)
(0.981293,  2.515343,  -1.604879),  (0.799595,  0.295078)
(0.995138,  2.413506,  -1.546433),  (0.785049,  0.222170)
(0.995138,  2.515343,  -1.546433),  (0.785222,  0.295115)
(0.995138,  2.413506,  -1.546433),  (0.785049,  0.222170)
(0.981293,  2.515343,  -1.604879),  (0.799595,  0.295078)
(0.981293,  2.413506,  -1.604879),  (0.799393,  0.222150)
(0.960573,  2.515343,  -1.643931),  (0.813967,  0.295034)
(0.981293,  2.413506,  -1.604879),  (0.799393,  0.222150)
(0.981293,  2.515343,  -1.604879),  (0.799595,  0.295078)
(0.981293,  2.413506,  -1.604879),  (0.799393,  0.222150)
(0.960573,  2.515343,  -1.643931),  (0.813967,  0.295034)
(0.960573,  2.413506,  -1.643931),  (0.813730,  0.222128)
(0.932427,  2.515343,  -1.661250),  (0.830584,  0.294972)
(0.960573,  2.413506,  -1.643931),  (0.813730,  0.222128)
(0.960573,  2.515343,  -1.643931),  (0.813967,  0.295034)
(0.960573,  2.413506,  -1.643931),  (0.813730,  0.222128)
(0.932427,  2.515343,  -1.661250),  (0.830584,  0.294972)
(0.932427,  2.413506,  -1.661250),  (0.830290,  0.222096)
(0.911690,  2.515343,  -1.647768),  (0.842852,  0.294919)
(0.932427,  2.413506,  -1.661250),  (0.830290,  0.222096)
(0.932427,  2.515343,  -1.661250),  (0.830584,  0.294972)
(0.932427,  2.413506,  -1.661250),  (0.830290,  0.222096)
(0.911690,  2.515343,  -1.647768),  (0.842852,  0.294919)
(0.911690,  2.413506,  -1.647768),  (0.842517,  0.222069)
(0.890969,  2.209831,  -1.598361),  (0.855027,  0.066692)
(0.756018,  2.209831,  -1.595115),  (0.933141,  0.067950)
(0.877125,  2.209831,  -1.522166),  (0.863424,  0.051256)
(0.877125,  2.209831,  -1.522166),  (0.863424,  0.051256)
(0.756018,  2.209831,  -1.595115),  (0.933141,  0.067950)
(0.739551,  2.209831,  -1.518204),  (0.943059,  0.052405)
(0.936131,  2.515343,  -1.297341),  (0.615061,  0.975964)
(0.934925,  2.515343,  -1.476685),  (0.585498,  0.929849)
(0.960573,  2.515343,  -1.311054),  (0.595230,  0.984178)
(0.934925,  2.515343,  -1.476685),  (0.585498,  0.929849)
(0.981293,  2.515343,  -1.350107),  (0.573765,  0.984178)
(0.960573,  2.515343,  -1.311054),  (0.595230,  0.984178)
(0.936131,  2.515343,  -1.297341),  (0.713352,  0.295241)
(0.911690,  2.413506,  -1.311054),  (0.698880,  0.222246)
(0.911690,  2.515343,  -1.311054),  (0.698978,  0.295261)
(0.911690,  2.413506,  -1.311054),  (0.698880,  0.222246)
(0.936131,  2.515343,  -1.297341),  (0.713352,  0.295241)
(0.936131,  2.413506,  -1.297341),  (0.713252,  0.222236)
(0.934927,  2.209831,  -1.476685),  (0.756661,  0.075036)
(0.995167,  2.210227,  -1.408956),  (0.756692,  0.076333)
(1.000000,  2.209831,  -1.477493),  (0.756945,  0.076325)
(0.995167,  2.210227,  -1.408956),  (0.756692,  0.076333)
(0.934927,  2.209831,  -1.476685),  (0.756661,  0.075036)
(0.981293,  2.209831,  -1.350107),  (0.755970,  0.076147)
(0.756018,  2.515343,  -1.595115),  (0.935885,  0.294293)
(0.760298,  2.413506,  -1.641563),  (0.928773,  0.221571)
(0.780663,  2.515343,  -1.641563),  (0.918773,  0.294246)
(0.760298,  2.413506,  -1.641563),  (0.928773,  0.221571)
(0.756018,  2.515343,  -1.595115),  (0.935885,  0.294293)
(0.735653,  2.413506,  -1.595115),  (0.945653,  0.221590)
(0.739551,  2.515343,  -1.518204),  (0.954308,  0.295196)
(0.735653,  2.413506,  -1.595115),  (0.945653,  0.221590)
(0.756018,  2.515343,  -1.595115),  (0.935885,  0.294293)
(0.735653,  2.413506,  -1.595115),  (0.945653,  0.221590)
(0.739551,  2.515343,  -1.518204),  (0.954308,  0.295196)
(0.719186,  2.413506,  -1.518204),  (0.963814,  0.222024)
(0.780663,  2.515343,  -1.641563),  (0.918773,  0.294246)
(0.890969,  2.515343,  -1.598361),  (0.855114,  0.304756)
(0.756018,  2.515343,  -1.595115),  (0.933292,  0.303417)
(0.890969,  2.515343,  -1.598361),  (0.855114,  0.304756)
(0.780663,  2.515343,  -1.641563),  (0.918773,  0.294246)
(0.911690,  2.515343,  -1.647768),  (0.842852,  0.294919)
(0.780663,  2.515343,  -1.641563),  (0.918773,  0.294246)
(0.911690,  2.413506,  -1.647768),  (0.842517,  0.222069)
(0.911690,  2.515343,  -1.647768),  (0.842852,  0.294919)
(0.911690,  2.413506,  -1.647768),  (0.842517,  0.222069)
(0.780663,  2.515343,  -1.641563),  (0.918773,  0.294246)
(0.760298,  2.413506,  -1.641563),  (0.928773,  0.221571)
(0.756018,  2.515343,  -1.595115),  (0.933292,  0.303417)
(0.877125,  2.515343,  -1.522166),  (0.863534,  0.320196)
(0.739551,  2.515343,  -1.518204),  (0.943235,  0.318964)
(0.877125,  2.515343,  -1.522166),  (0.863534,  0.320196)
(0.756018,  2.515343,  -1.595115),  (0.933292,  0.303417)
(0.890969,  2.515343,  -1.598361),  (0.855114,  0.304756)
(0.911690,  2.209831,  -1.647768),  (0.842786,  0.076533)
(0.780663,  2.209831,  -1.641563),  (0.918644,  0.077128)
(0.890969,  2.209831,  -1.598361),  (0.855027,  0.066692)
(0.756018,  2.209831,  -1.595115),  (0.933141,  0.067950)
(0.890969,  2.209831,  -1.598361),  (0.855027,  0.066692)
(0.780663,  2.209831,  -1.641563),  (0.918644,  0.077128)
(0.911690,  2.311669,  -1.647768),  (0.842510,  0.149377)
(0.780663,  2.209831,  -1.641563),  (0.918644,  0.077128)
(0.911690,  2.209831,  -1.647768),  (0.842786,  0.076533)
(0.780663,  2.209831,  -1.641563),  (0.918644,  0.077128)
(0.911690,  2.311669,  -1.647768),  (0.842510,  0.149377)
(0.760298,  2.311669,  -1.641563),  (0.928656,  0.149901)
(0.760298,  2.413506,  -1.641563),  (0.928773,  0.221571)
(0.911690,  2.311669,  -1.647768),  (0.842510,  0.149377)
(0.911690,  2.413506,  -1.647768),  (0.842517,  0.222069)
(0.911690,  2.311669,  -1.647768),  (0.842510,  0.149377)
(0.760298,  2.413506,  -1.641563),  (0.928773,  0.221571)
(0.760298,  2.311669,  -1.641563),  (0.928656,  0.149901)
(0.719186,  2.311669,  -1.518204),  (0.963807,  0.149451)
(0.756018,  2.209831,  -1.595115),  (0.935776,  0.077070)
(0.735653,  2.311669,  -1.595115),  (0.945527,  0.149886)
(0.756018,  2.209831,  -1.595115),  (0.935776,  0.077070)
(0.719186,  2.311669,  -1.518204),  (0.963807,  0.149451)
(0.739551,  2.209831,  -1.518204),  (0.954229,  0.076150)
(0.719186,  2.413506,  -1.518204),  (0.963814,  0.222024)
(0.735653,  2.311669,  -1.595115),  (0.945527,  0.149886)
(0.735653,  2.413506,  -1.595115),  (0.945653,  0.221590)
(0.735653,  2.311669,  -1.595115),  (0.945527,  0.149886)
(0.719186,  2.413506,  -1.518204),  (0.963814,  0.222024)
(0.719186,  2.311669,  -1.518204),  (0.963807,  0.149451)
(0.756018,  2.209831,  -1.595115),  (0.935776,  0.077070)
(0.760298,  2.311669,  -1.641563),  (0.928656,  0.149901)
(0.735653,  2.311669,  -1.595115),  (0.945527,  0.149886)
(0.760298,  2.311669,  -1.641563),  (0.928656,  0.149901)
(0.756018,  2.209831,  -1.595115),  (0.935776,  0.077070)
(0.780663,  2.209831,  -1.641563),  (0.918644,  0.077128)
(0.735653,  2.413506,  -1.595115),  (0.945653,  0.221590)
(0.760298,  2.311669,  -1.641563),  (0.928656,  0.149901)
(0.760298,  2.413506,  -1.641563),  (0.928773,  0.221571)
(0.760298,  2.311669,  -1.641563),  (0.928656,  0.149901)
(0.735653,  2.413506,  -1.595115),  (0.945653,  0.221590)
(0.735653,  2.311669,  -1.595115),  (0.945527,  0.149886)
(0.936131,  2.311669,  -1.297341),  (0.713249,  0.149254)
(0.911690,  2.209831,  -1.311054),  (0.698965,  0.076260)
(0.911690,  2.311669,  -1.311054),  (0.698880,  0.149245)
(0.911690,  2.209831,  -1.311054),  (0.698965,  0.076260)
(0.936131,  2.311669,  -1.297341),  (0.713249,  0.149254)
(0.936131,  2.209831,  -1.297341),  (0.713334,  0.076277)
(0.936131,  2.413506,  -1.297341),  (0.713252,  0.222236)
(0.911690,  2.311669,  -1.311054),  (0.698880,  0.149245)
(0.911690,  2.413506,  -1.311054),  (0.698880,  0.222246)
(0.911690,  2.311669,  -1.311054),  (0.698880,  0.149245)
(0.936131,  2.413506,  -1.297341),  (0.713252,  0.222236)
(0.936131,  2.311669,  -1.297341),  (0.713249,  0.149254)
(0.911690,  2.311669,  -1.647768),  (0.842510,  0.149377)
(0.932427,  2.209831,  -1.661250),  (0.830520,  0.076491)
(0.932427,  2.311669,  -1.661250),  (0.830280,  0.149355)
(0.932427,  2.209831,  -1.661250),  (0.830520,  0.076491)
(0.911690,  2.311669,  -1.647768),  (0.842510,  0.149377)
(0.911690,  2.209831,  -1.647768),  (0.842786,  0.076533)
(0.911690,  2.413506,  -1.647768),  (0.842517,  0.222069)
(0.932427,  2.311669,  -1.661250),  (0.830280,  0.149355)
(0.932427,  2.413506,  -1.661250),  (0.830290,  0.222096)
(0.932427,  2.311669,  -1.661250),  (0.830280,  0.149355)
(0.911690,  2.413506,  -1.647768),  (0.842517,  0.222069)
(0.911690,  2.311669,  -1.647768),  (0.842510,  0.149377)
(0.932427,  2.311669,  -1.661250),  (0.830280,  0.149355)
(0.960573,  2.209831,  -1.643931),  (0.813909,  0.076443)
(0.960573,  2.311669,  -1.643931),  (0.813718,  0.149330)
(0.960573,  2.209831,  -1.643931),  (0.813909,  0.076443)
(0.932427,  2.311669,  -1.661250),  (0.830280,  0.149355)
(0.932427,  2.209831,  -1.661250),  (0.830520,  0.076491)
(0.932427,  2.413506,  -1.661250),  (0.830290,  0.222096)
(0.960573,  2.311669,  -1.643931),  (0.813718,  0.149330)
(0.960573,  2.413506,  -1.643931),  (0.813730,  0.222128)
(0.960573,  2.311669,  -1.643931),  (0.813718,  0.149330)
(0.932427,  2.413506,  -1.661250),  (0.830290,  0.222096)
(0.932427,  2.311669,  -1.661250),  (0.830280,  0.149355)
(0.960573,  2.311669,  -1.643931),  (0.813718,  0.149330)
(0.981293,  2.209831,  -1.604879),  (0.799542,  0.076409)
(0.981293,  2.311669,  -1.604879),  (0.799381,  0.149314)
(0.981293,  2.209831,  -1.604879),  (0.799542,  0.076409)
(0.960573,  2.311669,  -1.643931),  (0.813718,  0.149330)
(0.960573,  2.209831,  -1.643931),  (0.813909,  0.076443)
(0.960573,  2.413506,  -1.643931),  (0.813730,  0.222128)
(0.981293,  2.311669,  -1.604879),  (0.799381,  0.149314)
(0.981293,  2.413506,  -1.604879),  (0.799393,  0.222150)
(0.981293,  2.311669,  -1.604879),  (0.799381,  0.149314)
(0.960573,  2.413506,  -1.643931),  (0.813730,  0.222128)
(0.960573,  2.311669,  -1.643931),  (0.813718,  0.149330)
(0.981293,  2.311669,  -1.604879),  (0.799381,  0.149314)
(0.995138,  2.209831,  -1.546433),  (0.785175,  0.076380)
(0.995138,  2.311669,  -1.546433),  (0.785038,  0.149300)
(0.995138,  2.209831,  -1.546433),  (0.785175,  0.076380)
(0.981293,  2.311669,  -1.604879),  (0.799381,  0.149314)
(0.981293,  2.209831,  -1.604879),  (0.799542,  0.076409)
(0.981293,  2.413506,  -1.604879),  (0.799393,  0.222150)
(0.995138,  2.311669,  -1.546433),  (0.785038,  0.149300)
(0.995138,  2.413506,  -1.546433),  (0.785049,  0.222170)
(0.995138,  2.311669,  -1.546433),  (0.785038,  0.149300)
(0.981293,  2.413506,  -1.604879),  (0.799393,  0.222150)
(0.981293,  2.311669,  -1.604879),  (0.799381,  0.149314)
(0.995138,  2.311669,  -1.546433),  (0.785038,  0.149300)
(1.000000,  2.209831,  -1.477493),  (0.770808,  0.076355)
(1.000000,  2.311669,  -1.477493),  (0.770688,  0.149289)
(1.000000,  2.209831,  -1.477493),  (0.770808,  0.076355)
(0.995138,  2.311669,  -1.546433),  (0.785038,  0.149300)
(0.995138,  2.209831,  -1.546433),  (0.785175,  0.076380)
(0.995138,  2.413506,  -1.546433),  (0.785049,  0.222170)
(1.000000,  2.311669,  -1.477493),  (0.770688,  0.149289)
(1.000000,  2.413506,  -1.477493),  (0.770699,  0.222187)
(1.000000,  2.311669,  -1.477493),  (0.770688,  0.149289)
(0.995138,  2.413506,  -1.546433),  (0.785049,  0.222170)
(0.995138,  2.311669,  -1.546433),  (0.785038,  0.149300)
(1.000000,  2.413506,  -1.477493),  (0.770699,  0.222187)
(0.995138,  2.311669,  -1.408552),  (0.756335,  0.149279)
(0.995138,  2.413506,  -1.408552),  (0.756344,  0.222201)
(0.995138,  2.311669,  -1.408552),  (0.756335,  0.149279)
(1.000000,  2.413506,  -1.477493),  (0.770699,  0.222187)
(1.000000,  2.311669,  -1.477493),  (0.770688,  0.149289)
(0.981293,  2.311669,  -1.350107),  (0.741977,  0.149270)
(0.995167,  2.210227,  -1.408956),  (0.756440,  0.076333)
(0.981293,  2.209831,  -1.350107),  (0.742072,  0.076312)
(0.995167,  2.210227,  -1.408956),  (0.756440,  0.076333)
(0.981293,  2.311669,  -1.350107),  (0.741977,  0.149270)
(0.995138,  2.311669,  -1.408552),  (0.756335,  0.149279)
(0.995138,  2.413506,  -1.408552),  (0.756344,  0.222201)
(0.981293,  2.311669,  -1.350107),  (0.741977,  0.149270)
(0.981293,  2.413506,  -1.350107),  (0.741984,  0.222214)
(0.981293,  2.311669,  -1.350107),  (0.741977,  0.149270)
(0.995138,  2.413506,  -1.408552),  (0.756344,  0.222201)
(0.995138,  2.311669,  -1.408552),  (0.756335,  0.149279)
(0.981293,  2.311669,  -1.350107),  (0.741977,  0.149270)
(0.960573,  2.209831,  -1.311054),  (0.727703,  0.076294)
(0.960573,  2.311669,  -1.311054),  (0.727615,  0.149262)
(0.960573,  2.209831,  -1.311054),  (0.727703,  0.076294)
(0.981293,  2.311669,  -1.350107),  (0.741977,  0.149270)
(0.981293,  2.209831,  -1.350107),  (0.742072,  0.076312)
(0.981293,  2.413506,  -1.350107),  (0.741984,  0.222214)
(0.960573,  2.311669,  -1.311054),  (0.727615,  0.149262)
(0.960573,  2.413506,  -1.311054),  (0.727620,  0.222226)
(0.960573,  2.311669,  -1.311054),  (0.727615,  0.149262)
(0.981293,  2.413506,  -1.350107),  (0.741984,  0.222214)
(0.981293,  2.311669,  -1.350107),  (0.741977,  0.149270)
(0.960573,  2.311669,  -1.311054),  (0.727615,  0.149262)
(0.936131,  2.209831,  -1.297341),  (0.713334,  0.076277)
(0.936131,  2.311669,  -1.297341),  (0.713249,  0.149254)
(0.936131,  2.209831,  -1.297341),  (0.713334,  0.076277)
(0.960573,  2.311669,  -1.311054),  (0.727615,  0.149262)
(0.960573,  2.209831,  -1.311054),  (0.727703,  0.076294)
(0.960573,  2.413506,  -1.311054),  (0.727620,  0.222226)
(0.936131,  2.311669,  -1.297341),  (0.713249,  0.149254)
(0.936131,  2.413506,  -1.297341),  (0.713252,  0.222236)
(0.936131,  2.311669,  -1.297341),  (0.713249,  0.149254)
(0.960573,  2.413506,  -1.311054),  (0.727620,  0.222226)
(0.960573,  2.311669,  -1.311054),  (0.727615,  0.149262)
(0.934925,  2.515343,  -1.476685),  (0.585498,  0.929849)
(0.911690,  2.515343,  -1.647768),  (0.573114,  0.875291)
(0.932427,  2.515343,  -1.661250),  (0.555974,  0.881792)
(0.911690,  2.515343,  -1.647768),  (0.573114,  0.875291)
(0.934925,  2.515343,  -1.476685),  (0.585498,  0.929849)
(0.890969,  2.515343,  -1.598361),  (0.596336,  0.877920)
(0.934925,  2.515343,  -1.476685),  (0.585498,  0.929849)
(0.877125,  2.515343,  -1.408552),  (0.638454,  0.919489)
(0.872263,  2.515343,  -1.477493),  (0.630239,  0.899658)
(0.877125,  2.515343,  -1.408552),  (0.638454,  0.919489)
(0.934925,  2.515343,  -1.476685),  (0.585498,  0.929849)
(0.890969,  2.515343,  -1.350107),  (0.638454,  0.940954)
(0.934925,  2.515343,  -1.476685),  (0.585498,  0.929849)
(0.995138,  2.515343,  -1.546433),  (0.530541,  0.940954)
(1.000000,  2.515343,  -1.477493),  (0.538755,  0.960785)
(0.995138,  2.515343,  -1.546433),  (0.530541,  0.940954)
(0.934925,  2.515343,  -1.476685),  (0.585498,  0.929849)
(0.981293,  2.515343,  -1.604879),  (0.530541,  0.919489)
(0.934925,  2.515343,  -1.476685),  (0.585498,  0.929849)
(0.877125,  2.515343,  -1.522166),  (0.619178,  0.890641)
(0.890969,  2.515343,  -1.598361),  (0.596336,  0.877920)
(0.877125,  2.515343,  -1.522166),  (0.619178,  0.890641)
(0.934925,  2.515343,  -1.476685),  (0.585498,  0.929849)
(0.872263,  2.515343,  -1.477493),  (0.630239,  0.899658)
(0.934925,  2.515343,  -1.476685),  (0.585498,  0.929849)
(0.995138,  2.515343,  -1.408552),  (0.553933,  0.975964)
(0.981293,  2.515343,  -1.350107),  (0.573765,  0.984178)
(0.995138,  2.515343,  -1.408552),  (0.553933,  0.975964)
(0.934925,  2.515343,  -1.476685),  (0.585498,  0.929849)
(1.000000,  2.515343,  -1.477493),  (0.538755,  0.960785)
(0.934925,  2.515343,  -1.476685),  (0.585498,  0.929849)
(0.911690,  2.515343,  -1.311054),  (0.630239,  0.960786)
(0.890969,  2.515343,  -1.350107),  (0.638454,  0.940954)
(0.911690,  2.515343,  -1.311054),  (0.630239,  0.960786)
(0.934925,  2.515343,  -1.476685),  (0.585498,  0.929849)
(0.936131,  2.515343,  -1.297341),  (0.615061,  0.975964)
(0.934925,  2.515343,  -1.476685),  (0.585498,  0.929849)
(0.960573,  2.515343,  -1.643931),  (0.538755,  0.899658)
(0.981293,  2.515343,  -1.604879),  (0.530541,  0.919489)
(0.960573,  2.515343,  -1.643931),  (0.538755,  0.899658)
(0.934925,  2.515343,  -1.476685),  (0.585498,  0.929849)
(0.932427,  2.515343,  -1.661250),  (0.555974,  0.881792)
(1.000000,  2.311669,  -1.477493),  (0.770688,  0.149289)
(0.995167,  2.210227,  -1.408956),  (0.756438,  0.077183)
(0.995138,  2.311669,  -1.408552),  (0.756335,  0.149279)
(0.995167,  2.210227,  -1.408956),  (0.756438,  0.077183)
(1.000000,  2.311669,  -1.477493),  (0.770688,  0.149289)
(1.000000,  2.209831,  -1.477493),  (0.770808,  0.076355)
(0.934927,  2.209831,  -1.476685),  (0.756661,  0.075036)
(0.877125,  2.209831,  -1.522166),  (0.756734,  0.073821)
(0.872263,  2.209831,  -1.477493),  (0.756399,  0.073792)
(0.877125,  2.209831,  -1.522166),  (0.756734,  0.073821)
(0.934927,  2.209831,  -1.476685),  (0.756661,  0.075036)
(0.890969,  2.209831,  -1.598361),  (0.757329,  0.073980)
(0.934927,  2.209831,  -1.476685),  (0.756661,  0.075036)
(0.960573,  2.209831,  -1.643931),  (0.757946,  0.075291)
(0.932427,  2.209831,  -1.661250),  (0.757948,  0.074707)
(0.960573,  2.209831,  -1.643931),  (0.757946,  0.075291)
(0.934927,  2.209831,  -1.476685),  (0.756661,  0.075036)
(0.981293,  2.209831,  -1.604879),  (0.757760,  0.075761)
(0.934927,  2.209831,  -1.476685),  (0.756661,  0.075036)
(0.911690,  2.209831,  -1.311054),  (0.755398,  0.074826)
(0.936131,  2.209831,  -1.297341),  (0.755406,  0.075331)
(0.911690,  2.209831,  -1.311054),  (0.755398,  0.074826)
(0.934927,  2.209831,  -1.476685),  (0.756661,  0.075036)
(0.890969,  2.209831,  -1.350107),  (0.755584,  0.074356)
(0.934927,  2.209831,  -1.476685),  (0.756661,  0.075036)
(0.911690,  2.209831,  -1.647768),  (0.757764,  0.074316)
(0.890969,  2.209831,  -1.598361),  (0.757329,  0.073980)
(0.911690,  2.209831,  -1.647768),  (0.757764,  0.074316)
(0.934927,  2.209831,  -1.476685),  (0.756661,  0.075036)
(0.932427,  2.209831,  -1.661250),  (0.757948,  0.074707)
(0.934927,  2.209831,  -1.476685),  (0.756661,  0.075036)
(0.960573,  2.209831,  -1.311054),  (0.755607,  0.075795)
(0.981293,  2.209831,  -1.350107),  (0.755970,  0.076147)
(0.960573,  2.209831,  -1.311054),  (0.755607,  0.075795)
(0.934927,  2.209831,  -1.476685),  (0.756661,  0.075036)
(0.936131,  2.209831,  -1.297341),  (0.755406,  0.075331)
(0.934927,  2.209831,  -1.476685),  (0.756661,  0.075036)
(0.877125,  2.209831,  -1.408552),  (0.755935,  0.073993)
(0.890969,  2.209831,  -1.350107),  (0.755584,  0.074356)
(0.877125,  2.209831,  -1.408552),  (0.755935,  0.073993)
(0.934927,  2.209831,  -1.476685),  (0.756661,  0.075036)
(0.872263,  2.209831,  -1.477493),  (0.756399,  0.073792)
(0.934927,  2.209831,  -1.476685),  (0.756661,  0.075036)
(0.995138,  2.209831,  -1.546433),  (0.757409,  0.076124)
(0.981293,  2.209831,  -1.604879),  (0.757760,  0.075761)
(0.995138,  2.209831,  -1.546433),  (0.757409,  0.076124)
(0.934927,  2.209831,  -1.476685),  (0.756661,  0.075036)
(1.000000,  2.209831,  -1.477493),  (0.756945,  0.076325)
(0.960573,  0.875772,  -1.311054),  (0.243148,  0.070207)
(0.936131,  0.773935,  -1.297341),  (0.257620,  0.143192)
(0.936131,  0.875772,  -1.297341),  (0.257523,  0.070187)
(0.936131,  0.773935,  -1.297341),  (0.257620,  0.143192)
(0.960573,  0.875772,  -1.311054),  (0.243148,  0.070207)
(0.960573,  0.773935,  -1.311054),  (0.243252,  0.143202)
(0.981293,  0.875772,  -1.350107),  (0.228774,  0.070229)
(0.960573,  0.773935,  -1.311054),  (0.243252,  0.143202)
(0.960573,  0.875772,  -1.311054),  (0.243148,  0.070207)
(0.960573,  0.773935,  -1.311054),  (0.243252,  0.143202)
(0.981293,  0.875772,  -1.350107),  (0.228774,  0.070229)
(0.981293,  0.773935,  -1.350107),  (0.228888,  0.143213)
(0.995138,  0.875772,  -1.408552),  (0.214400,  0.070252)
(0.981293,  0.773935,  -1.350107),  (0.228888,  0.143213)
(0.981293,  0.875772,  -1.350107),  (0.228774,  0.070229)
(0.981293,  0.773935,  -1.350107),  (0.228888,  0.143213)
(0.995138,  0.875772,  -1.408552),  (0.214400,  0.070252)
(0.995138,  0.773935,  -1.408552),  (0.214528,  0.143225)
(1.000000,  0.875772,  -1.477493),  (0.200026,  0.070279)
(0.995138,  0.773935,  -1.408552),  (0.214528,  0.143225)
(0.995138,  0.875772,  -1.408552),  (0.214400,  0.070252)
(0.995138,  0.773935,  -1.408552),  (0.214528,  0.143225)
(1.000000,  0.875772,  -1.477493),  (0.200026,  0.070279)
(1.000000,  0.773935,  -1.477493),  (0.200173,  0.143239)
(0.995138,  0.875772,  -1.546433),  (0.185653,  0.070310)
(1.000000,  0.773935,  -1.477493),  (0.200173,  0.143239)
(1.000000,  0.875772,  -1.477493),  (0.200026,  0.070279)
(1.000000,  0.773935,  -1.477493),  (0.200173,  0.143239)
(0.995138,  0.875772,  -1.546433),  (0.185653,  0.070310)
(0.995138,  0.773935,  -1.546433),  (0.185823,  0.143256)
(0.981293,  0.875772,  -1.604879),  (0.171280,  0.070347)
(0.995138,  0.773935,  -1.546433),  (0.185823,  0.143256)
(0.995138,  0.875772,  -1.546433),  (0.185653,  0.070310)
(0.995138,  0.773935,  -1.546433),  (0.185823,  0.143256)
(0.981293,  0.875772,  -1.604879),  (0.171280,  0.070347)
(0.981293,  0.773935,  -1.604879),  (0.171479,  0.143275)
(0.960573,  0.875772,  -1.643931),  (0.156908,  0.070390)
(0.981293,  0.773935,  -1.604879),  (0.171479,  0.143275)
(0.981293,  0.875772,  -1.604879),  (0.171280,  0.070347)
(0.981293,  0.773935,  -1.604879),  (0.171479,  0.143275)
(0.960573,  0.875772,  -1.643931),  (0.156908,  0.070390)
(0.960573,  0.773935,  -1.643931),  (0.157142,  0.143297)
(0.932427,  0.875772,  -1.661250),  (0.140292,  0.070451)
(0.960573,  0.773935,  -1.643931),  (0.157142,  0.143297)
(0.960573,  0.875772,  -1.643931),  (0.156908,  0.070390)
(0.960573,  0.773935,  -1.643931),  (0.157142,  0.143297)
(0.932427,  0.875772,  -1.661250),  (0.140292,  0.070451)
(0.932427,  0.773935,  -1.661250),  (0.140582,  0.143327)
(0.911690,  0.875772,  -1.647768),  (0.128023,  0.070504)
(0.932427,  0.773935,  -1.661250),  (0.140582,  0.143327)
(0.932427,  0.875772,  -1.661250),  (0.140292,  0.070451)
(0.932427,  0.773935,  -1.661250),  (0.140582,  0.143327)
(0.911690,  0.875772,  -1.647768),  (0.128023,  0.070504)
(0.911690,  0.773935,  -1.647768),  (0.128354,  0.143354)
(0.890969,  0.570260,  -1.598361),  (0.115838,  0.298731)
(0.756018,  0.570260,  -1.595115),  (0.037724,  0.297469)
(0.877125,  0.570260,  -1.522166),  (0.107440,  0.314166)
(0.877125,  0.570260,  -1.522166),  (0.107440,  0.314166)
(0.756018,  0.570260,  -1.595115),  (0.037724,  0.297469)
(0.739551,  0.570260,  -1.518204),  (0.027805,  0.313013)
(0.936131,  0.875772,  -1.297341),  (0.504760,  0.975964)
(0.934925,  0.875772,  -1.476685),  (0.475197,  0.929849)
(0.960573,  0.875772,  -1.311054),  (0.484929,  0.984178)
(0.934925,  0.875772,  -1.476685),  (0.475197,  0.929849)
(0.981293,  0.875772,  -1.350107),  (0.463464,  0.984178)
(0.960573,  0.875772,  -1.311054),  (0.484929,  0.984178)
(0.936131,  0.875772,  -1.297341),  (0.257523,  0.070187)
(0.911690,  0.773935,  -1.311054),  (0.271991,  0.143183)
(0.911690,  0.875772,  -1.311054),  (0.271897,  0.070169)
(0.911690,  0.773935,  -1.311054),  (0.271991,  0.143183)
(0.936131,  0.875772,  -1.297341),  (0.257523,  0.070187)
(0.936131,  0.773935,  -1.297341),  (0.257620,  0.143192)
(0.934927,  0.570260,  -1.476685),  (0.258149,  0.293321)
(0.995167,  0.570656,  -1.408956),  (0.258118,  0.292023)
(1.000000,  0.570260,  -1.477493),  (0.257866,  0.292032)
(0.995167,  0.570656,  -1.408956),  (0.258118,  0.292023)
(0.934927,  0.570260,  -1.476685),  (0.258149,  0.293321)
(0.981293,  0.570260,  -1.350107),  (0.258841,  0.292210)
(0.756018,  0.875772,  -1.595115),  (0.034990,  0.071126)
(0.760298,  0.773935,  -1.641563),  (0.042099,  0.143848)
(0.780663,  0.875772,  -1.641563),  (0.052102,  0.071173)
(0.760298,  0.773935,  -1.641563),  (0.042099,  0.143848)
(0.756018,  0.875772,  -1.595115),  (0.034990,  0.071126)
(0.735653,  0.773935,  -1.595115),  (0.025218,  0.143828)
(0.739551,  0.875772,  -1.518204),  (0.016567,  0.070222)
(0.735653,  0.773935,  -1.595115),  (0.025218,  0.143828)
(0.756018,  0.875772,  -1.595115),  (0.034990,  0.071126)
(0.735653,  0.773935,  -1.595115),  (0.025218,  0.143828)
(0.739551,  0.875772,  -1.518204),  (0.016567,  0.070222)
(0.719186,  0.773935,  -1.518204),  (0.007057,  0.143394)
(0.780663,  0.875772,  -1.641563),  (0.052102,  0.071173)
(0.890969,  0.875772,  -1.598361),  (0.115762,  0.060666)
(0.756018,  0.875772,  -1.595115),  (0.037584,  0.062002)
(0.890969,  0.875772,  -1.598361),  (0.115762,  0.060666)
(0.780663,  0.875772,  -1.641563),  (0.052102,  0.071173)
(0.911690,  0.875772,  -1.647768),  (0.128023,  0.070504)
(0.780663,  0.875772,  -1.641563),  (0.052102,  0.071173)
(0.911690,  0.773935,  -1.647768),  (0.128354,  0.143354)
(0.911690,  0.875772,  -1.647768),  (0.128023,  0.070504)
(0.911690,  0.773935,  -1.647768),  (0.128354,  0.143354)
(0.780663,  0.875772,  -1.641563),  (0.052102,  0.071173)
(0.760298,  0.773935,  -1.641563),  (0.042099,  0.143848)
(0.756018,  0.875772,  -1.595115),  (0.037584,  0.062002)
(0.877125,  0.875772,  -1.522166),  (0.107342,  0.045226)
(0.739551,  0.875772,  -1.518204),  (0.027642,  0.046453)
(0.877125,  0.875772,  -1.522166),  (0.107342,  0.045226)
(0.756018,  0.875772,  -1.595115),  (0.037584,  0.062002)
(0.890969,  0.875772,  -1.598361),  (0.115762,  0.060666)
(0.911690,  0.570260,  -1.647768),  (0.128079,  0.288890)
(0.780663,  0.570260,  -1.641563),  (0.052222,  0.288291)
(0.890969,  0.570260,  -1.598361),  (0.115838,  0.298731)
(0.756018,  0.570260,  -1.595115),  (0.037724,  0.297469)
(0.890969,  0.570260,  -1.598361),  (0.115838,  0.298731)
(0.780663,  0.570260,  -1.641563),  (0.052222,  0.288291)
(0.911690,  0.672098,  -1.647768),  (0.128359,  0.216046)
(0.780663,  0.570260,  -1.641563),  (0.052222,  0.288291)
(0.911690,  0.570260,  -1.647768),  (0.128079,  0.288890)
(0.780663,  0.570260,  -1.641563),  (0.052222,  0.288291)
(0.911690,  0.672098,  -1.647768),  (0.128359,  0.216046)
(0.760298,  0.672098,  -1.641563),  (0.042213,  0.215517)
(0.760298,  0.773935,  -1.641563),  (0.042099,  0.143848)
(0.911690,  0.672098,  -1.647768),  (0.128359,  0.216046)
(0.911690,  0.773935,  -1.647768),  (0.128354,  0.143354)
(0.911690,  0.672098,  -1.647768),  (0.128359,  0.216046)
(0.760298,  0.773935,  -1.641563),  (0.042099,  0.143848)
(0.760298,  0.672098,  -1.641563),  (0.042213,  0.215517)
(0.719186,  0.672098,  -1.518204),  (0.007061,  0.215966)
(0.756018,  0.570260,  -1.595115),  (0.035089,  0.288348)
(0.735653,  0.672098,  -1.595115),  (0.025341,  0.215532)
(0.756018,  0.570260,  -1.595115),  (0.035089,  0.288348)
(0.719186,  0.672098,  -1.518204),  (0.007061,  0.215966)
(0.739551,  0.570260,  -1.518204),  (0.016636,  0.289268)
(0.719186,  0.773935,  -1.518204),  (0.007057,  0.143394)
(0.735653,  0.672098,  -1.595115),  (0.025341,  0.215532)
(0.735653,  0.773935,  -1.595115),  (0.025218,  0.143828)
(0.735653,  0.672098,  -1.595115),  (0.025341,  0.215532)
(0.719186,  0.773935,  -1.518204),  (0.007057,  0.143394)
(0.719186,  0.672098,  -1.518204),  (0.007061,  0.215966)
(0.756018,  0.570260,  -1.595115),  (0.035089,  0.288348)
(0.760298,  0.672098,  -1.641563),  (0.042213,  0.215517)
(0.735653,  0.672098,  -1.595115),  (0.025341,  0.215532)
(0.760298,  0.672098,  -1.641563),  (0.042213,  0.215517)
(0.756018,  0.570260,  -1.595115),  (0.035089,  0.288348)
(0.780663,  0.570260,  -1.641563),  (0.052222,  0.288291)
(0.735653,  0.773935,  -1.595115),  (0.025218,  0.143828)
(0.760298,  0.672098,  -1.641563),  (0.042213,  0.215517)
(0.760298,  0.773935,  -1.641563),  (0.042099,  0.143848)
(0.760298,  0.672098,  -1.641563),  (0.042213,  0.215517)
(0.735653,  0.773935,  -1.595115),  (0.025218,  0.143828)
(0.735653,  0.672098,  -1.595115),  (0.025341,  0.215532)
(0.936131,  0.672098,  -1.297341),  (0.257619,  0.216175)
(0.911690,  0.570260,  -1.311054),  (0.271900,  0.289169)
(0.911690,  0.672098,  -1.311054),  (0.271988,  0.216183)
(0.911690,  0.570260,  -1.311054),  (0.271900,  0.289169)
(0.936131,  0.672098,  -1.297341),  (0.257619,  0.216175)
(0.936131,  0.570260,  -1.297341),  (0.257531,  0.289152)
(0.936131,  0.773935,  -1.297341),  (0.257620,  0.143192)
(0.911690,  0.672098,  -1.311054),  (0.271988,  0.216183)
(0.911690,  0.773935,  -1.311054),  (0.271991,  0.143183)
(0.911690,  0.672098,  -1.311054),  (0.271988,  0.216183)
(0.936131,  0.773935,  -1.297341),  (0.257620,  0.143192)
(0.936131,  0.672098,  -1.297341),  (0.257619,  0.216175)
(0.911690,  0.672098,  -1.647768),  (0.128359,  0.216046)
(0.932427,  0.570260,  -1.661250),  (0.140345,  0.288933)
(0.932427,  0.672098,  -1.661250),  (0.140589,  0.216068)
(0.932427,  0.570260,  -1.661250),  (0.140345,  0.288933)
(0.911690,  0.672098,  -1.647768),  (0.128359,  0.216046)
(0.911690,  0.570260,  -1.647768),  (0.128079,  0.288890)
(0.911690,  0.773935,  -1.647768),  (0.128354,  0.143354)
(0.932427,  0.672098,  -1.661250),  (0.140589,  0.216068)
(0.932427,  0.773935,  -1.661250),  (0.140582,  0.143327)
(0.932427,  0.672098,  -1.661250),  (0.140589,  0.216068)
(0.911690,  0.773935,  -1.647768),  (0.128354,  0.143354)
(0.911690,  0.672098,  -1.647768),  (0.128359,  0.216046)
(0.932427,  0.672098,  -1.661250),  (0.140589,  0.216068)
(0.960573,  0.570260,  -1.643931),  (0.156956,  0.288981)
(0.960573,  0.672098,  -1.643931),  (0.157151,  0.216094)
(0.960573,  0.570260,  -1.643931),  (0.156956,  0.288981)
(0.932427,  0.672098,  -1.661250),  (0.140589,  0.216068)
(0.932427,  0.570260,  -1.661250),  (0.140345,  0.288933)
(0.932427,  0.773935,  -1.661250),  (0.140582,  0.143327)
(0.960573,  0.672098,  -1.643931),  (0.157151,  0.216094)
(0.960573,  0.773935,  -1.643931),  (0.157142,  0.143297)
(0.960573,  0.672098,  -1.643931),  (0.157151,  0.216094)
(0.932427,  0.773935,  -1.661250),  (0.140582,  0.143327)
(0.932427,  0.672098,  -1.661250),  (0.140589,  0.216068)
(0.960573,  0.672098,  -1.643931),  (0.157151,  0.216094)
(0.981293,  0.570260,  -1.604879),  (0.171323,  0.289015)
(0.981293,  0.672098,  -1.604879),  (0.171487,  0.216111)
(0.981293,  0.570260,  -1.604879),  (0.171323,  0.289015)
(0.960573,  0.672098,  -1.643931),  (0.157151,  0.216094)
(0.960573,  0.570260,  -1.643931),  (0.156956,  0.288981)
(0.960573,  0.773935,  -1.643931),  (0.157142,  0.143297)
(0.981293,  0.672098,  -1.604879),  (0.171487,  0.216111)
(0.981293,  0.773935,  -1.604879),  (0.171479,  0.143275)
(0.981293,  0.672098,  -1.604879),  (0.171487,  0.216111)
(0.960573,  0.773935,  -1.643931),  (0.157142,  0.143297)
(0.960573,  0.672098,  -1.643931),  (0.157151,  0.216094)
(0.981293,  0.672098,  -1.604879),  (0.171487,  0.216111)
(0.995138,  0.570260,  -1.546433),  (0.185690,  0.289045)
(0.995138,  0.672098,  -1.546433),  (0.185831,  0.216125)
(0.995138,  0.570260,  -1.546433),  (0.185690,  0.289045)
(0.981293,  0.672098,  -1.604879),  (0.171487,  0.216111)
(0.981293,  0.570260,  -1.604879),  (0.171323,  0.289015)
(0.981293,  0.773935,  -1.604879),  (0.171479,  0.143275)
(0.995138,  0.672098,  -1.546433),  (0.185831,  0.216125)
(0.995138,  0.773935,  -1.546433),  (0.185823,  0.143256)
(0.995138,  0.672098,  -1.546433),  (0.185831,  0.216125)
(0.981293,  0.773935,  -1.604879),  (0.171479,  0.143275)
(0.981293,  0.672098,  -1.604879),  (0.171487,  0.216111)
(0.995138,  0.672098,  -1.546433),  (0.185831,  0.216125)
(1.000000,  0.570260,  -1.477493),  (0.200058,  0.289071)
(1.000000,  0.672098,  -1.477493),  (0.200180,  0.216137)
(1.000000,  0.570260,  -1.477493),  (0.200058,  0.289071)
(0.995138,  0.672098,  -1.546433),  (0.185831,  0.216125)
(0.995138,  0.570260,  -1.546433),  (0.185690,  0.289045)
(0.995138,  0.773935,  -1.546433),  (0.185823,  0.143256)
(1.000000,  0.672098,  -1.477493),  (0.200180,  0.216137)
(1.000000,  0.773935,  -1.477493),  (0.200173,  0.143239)
(1.000000,  0.672098,  -1.477493),  (0.200180,  0.216137)
(0.995138,  0.773935,  -1.546433),  (0.185823,  0.143256)
(0.995138,  0.672098,  -1.546433),  (0.185831,  0.216125)
(1.000000,  0.773935,  -1.477493),  (0.200173,  0.143239)
(0.995138,  0.672098,  -1.408552),  (0.214533,  0.216148)
(0.995138,  0.773935,  -1.408552),  (0.214528,  0.143225)
(0.995138,  0.672098,  -1.408552),  (0.214533,  0.216148)
(1.000000,  0.773935,  -1.477493),  (0.200173,  0.143239)
(1.000000,  0.672098,  -1.477493),  (0.200180,  0.216137)
(0.981293,  0.672098,  -1.350107),  (0.228891,  0.216157)
(0.995167,  0.570656,  -1.408956),  (0.214426,  0.289094)
(0.981293,  0.570260,  -1.350107),  (0.228794,  0.289115)
(0.995167,  0.570656,  -1.408956),  (0.214426,  0.289094)
(0.981293,  0.672098,  -1.350107),  (0.228891,  0.216157)
(0.995138,  0.672098,  -1.408552),  (0.214533,  0.216148)
(0.995138,  0.773935,  -1.408552),  (0.214528,  0.143225)
(0.981293,  0.672098,  -1.350107),  (0.228891,  0.216157)
(0.981293,  0.773935,  -1.350107),  (0.228888,  0.143213)
(0.981293,  0.672098,  -1.350107),  (0.228891,  0.216157)
(0.995138,  0.773935,  -1.408552),  (0.214528,  0.143225)
(0.995138,  0.672098,  -1.408552),  (0.214533,  0.216148)
(0.981293,  0.672098,  -1.350107),  (0.228891,  0.216157)
(0.960573,  0.570260,  -1.311054),  (0.243162,  0.289134)
(0.960573,  0.672098,  -1.311054),  (0.243254,  0.216166)
(0.960573,  0.570260,  -1.311054),  (0.243162,  0.289134)
(0.981293,  0.672098,  -1.350107),  (0.228891,  0.216157)
(0.981293,  0.570260,  -1.350107),  (0.228794,  0.289115)
(0.981293,  0.773935,  -1.350107),  (0.228888,  0.143213)
(0.960573,  0.672098,  -1.311054),  (0.243254,  0.216166)
(0.960573,  0.773935,  -1.311054),  (0.243252,  0.143202)
(0.960573,  0.672098,  -1.311054),  (0.243254,  0.216166)
(0.981293,  0.773935,  -1.350107),  (0.228888,  0.143213)
(0.981293,  0.672098,  -1.350107),  (0.228891,  0.216157)
(0.960573,  0.672098,  -1.311054),  (0.243254,  0.216166)
(0.936131,  0.570260,  -1.297341),  (0.257531,  0.289152)
(0.936131,  0.672098,  -1.297341),  (0.257619,  0.216175)
(0.936131,  0.570260,  -1.297341),  (0.257531,  0.289152)
(0.960573,  0.672098,  -1.311054),  (0.243254,  0.216166)
(0.960573,  0.570260,  -1.311054),  (0.243162,  0.289134)
(0.960573,  0.773935,  -1.311054),  (0.243252,  0.143202)
(0.936131,  0.672098,  -1.297341),  (0.257619,  0.216175)
(0.936131,  0.773935,  -1.297341),  (0.257620,  0.143192)
(0.936131,  0.672098,  -1.297341),  (0.257619,  0.216175)
(0.960573,  0.773935,  -1.311054),  (0.243252,  0.143202)
(0.960573,  0.672098,  -1.311054),  (0.243254,  0.216166)
(0.934925,  0.875772,  -1.476685),  (0.475197,  0.929849)
(0.911690,  0.875772,  -1.647768),  (0.462813,  0.875291)
(0.932427,  0.875772,  -1.661250),  (0.445673,  0.881792)
(0.911690,  0.875772,  -1.647768),  (0.462813,  0.875291)
(0.934925,  0.875772,  -1.476685),  (0.475197,  0.929849)
(0.890969,  0.875772,  -1.598361),  (0.486035,  0.877920)
(0.934925,  0.875772,  -1.476685),  (0.475197,  0.929849)
(0.877125,  0.875772,  -1.408552),  (0.528153,  0.919489)
(0.872263,  0.875772,  -1.477493),  (0.519938,  0.899658)
(0.877125,  0.875772,  -1.408552),  (0.528153,  0.919489)
(0.934925,  0.875772,  -1.476685),  (0.475197,  0.929849)
(0.890969,  0.875772,  -1.350107),  (0.528153,  0.940954)
(0.934925,  0.875772,  -1.476685),  (0.475197,  0.929849)
(0.995138,  0.875772,  -1.546433),  (0.420240,  0.940954)
(1.000000,  0.875772,  -1.477493),  (0.428454,  0.960785)
(0.995138,  0.875772,  -1.546433),  (0.420240,  0.940954)
(0.934925,  0.875772,  -1.476685),  (0.475197,  0.929849)
(0.981293,  0.875772,  -1.604879),  (0.420240,  0.919489)
(0.934925,  0.875772,  -1.476685),  (0.475197,  0.929849)
(0.877125,  0.875772,  -1.522166),  (0.508878,  0.890641)
(0.890969,  0.875772,  -1.598361),  (0.486035,  0.877920)
(0.877125,  0.875772,  -1.522166),  (0.508878,  0.890641)
(0.934925,  0.875772,  -1.476685),  (0.475197,  0.929849)
(0.872263,  0.875772,  -1.477493),  (0.519938,  0.899658)
(0.934925,  0.875772,  -1.476685),  (0.475197,  0.929849)
(0.995138,  0.875772,  -1.408552),  (0.443632,  0.975964)
(0.981293,  0.875772,  -1.350107),  (0.463464,  0.984178)
(0.995138,  0.875772,  -1.408552),  (0.443632,  0.975964)
(0.934925,  0.875772,  -1.476685),  (0.475197,  0.929849)
(1.000000,  0.875772,  -1.477493),  (0.428454,  0.960785)
(0.934925,  0.875772,  -1.476685),  (0.475197,  0.929849)
(0.911690,  0.875772,  -1.311054),  (0.519938,  0.960786)
(0.890969,  0.875772,  -1.350107),  (0.528153,  0.940954)
(0.911690,  0.875772,  -1.311054),  (0.519938,  0.960786)
(0.934925,  0.875772,  -1.476685),  (0.475197,  0.929849)
(0.936131,  0.875772,  -1.297341),  (0.504760,  0.975964)
(0.934925,  0.875772,  -1.476685),  (0.475197,  0.929849)
(0.960573,  0.875772,  -1.643931),  (0.428454,  0.899658)
(0.981293,  0.875772,  -1.604879),  (0.420240,  0.919489)
(0.960573,  0.875772,  -1.643931),  (0.428454,  0.899658)
(0.934925,  0.875772,  -1.476685),  (0.475197,  0.929849)
(0.932427,  0.875772,  -1.661250),  (0.445673,  0.881792)
(1.000000,  0.672098,  -1.477493),  (0.200180,  0.216137)
(0.995167,  0.570656,  -1.408956),  (0.214427,  0.288244)
(0.995138,  0.672098,  -1.408552),  (0.214533,  0.216148)
(0.995167,  0.570656,  -1.408956),  (0.214427,  0.288244)
(1.000000,  0.672098,  -1.477493),  (0.200180,  0.216137)
(1.000000,  0.570260,  -1.477493),  (0.200058,  0.289071)
(0.934927,  0.570260,  -1.476685),  (0.258149,  0.293321)
(0.877125,  0.570260,  -1.522166),  (0.258077,  0.294535)
(0.872263,  0.570260,  -1.477493),  (0.258411,  0.294564)
(0.877125,  0.570260,  -1.522166),  (0.258077,  0.294535)
(0.934927,  0.570260,  -1.476685),  (0.258149,  0.293321)
(0.890969,  0.570260,  -1.598361),  (0.257482,  0.294376)
(0.934927,  0.570260,  -1.476685),  (0.258149,  0.293321)
(0.960573,  0.570260,  -1.643931),  (0.256864,  0.293066)
(0.932427,  0.570260,  -1.661250),  (0.256863,  0.293649)
(0.960573,  0.570260,  -1.643931),  (0.256864,  0.293066)
(0.934927,  0.570260,  -1.476685),  (0.258149,  0.293321)
(0.981293,  0.570260,  -1.604879),  (0.257050,  0.292596)
(0.934927,  0.570260,  -1.476685),  (0.258149,  0.293321)
(0.911690,  0.570260,  -1.311054),  (0.259413,  0.293530)
(0.936131,  0.570260,  -1.297341),  (0.259405,  0.293025)
(0.911690,  0.570260,  -1.311054),  (0.259413,  0.293530)
(0.934927,  0.570260,  -1.476685),  (0.258149,  0.293321)
(0.890969,  0.570260,  -1.350107),  (0.259227,  0.294000)
(0.934927,  0.570260,  -1.476685),  (0.258149,  0.293321)
(0.911690,  0.570260,  -1.647768),  (0.257046,  0.294040)
(0.890969,  0.570260,  -1.598361),  (0.257482,  0.294376)
(0.911690,  0.570260,  -1.647768),  (0.257046,  0.294040)
(0.934927,  0.570260,  -1.476685),  (0.258149,  0.293321)
(0.932427,  0.570260,  -1.661250),  (0.256863,  0.293649)
(0.934927,  0.570260,  -1.476685),  (0.258149,  0.293321)
(0.960573,  0.570260,  -1.311054),  (0.259204,  0.292561)
(0.981293,  0.570260,  -1.350107),  (0.258841,  0.292210)
(0.960573,  0.570260,  -1.311054),  (0.259204,  0.292561)
(0.934927,  0.570260,  -1.476685),  (0.258149,  0.293321)
(0.936131,  0.570260,  -1.297341),  (0.259405,  0.293025)
(0.934927,  0.570260,  -1.476685),  (0.258149,  0.293321)
(0.877125,  0.570260,  -1.408552),  (0.258875,  0.294363)
(0.890969,  0.570260,  -1.350107),  (0.259227,  0.294000)
(0.877125,  0.570260,  -1.408552),  (0.258875,  0.294363)
(0.934927,  0.570260,  -1.476685),  (0.258149,  0.293321)
(0.872263,  0.570260,  -1.477493),  (0.258411,  0.294564)
(0.934927,  0.570260,  -1.476685),  (0.258149,  0.293321)
(0.995138,  0.570260,  -1.546433),  (0.257402,  0.292233)
(0.981293,  0.570260,  -1.604879),  (0.257050,  0.292596)
(0.995138,  0.570260,  -1.546433),  (0.257402,  0.292233)
(0.934927,  0.570260,  -1.476685),  (0.258149,  0.293321)
(1.000000,  0.570260,  -1.477493),  (0.257866,  0.292032)
(0.991964,  0.024635,  1.913632),  (0.178726,  0.851309)
(0.961344,  0.000000,  1.913632),  (0.178726,  0.854623)
(0.961344,  0.024635,  2.000000),  (0.182040,  0.851309)
(0.991964,  0.024635,  -1.208325),  (0.058949,  0.851309)
(0.961891,  0.025059,  -1.294692),  (0.055635,  0.851252)
(0.961344,  0.000000,  -1.208325),  (0.058949,  0.854623)
(-0.969926,  0.025059,  -1.294691),  (0.527264,  0.851252)
(-0.999999,  0.024635,  -1.208324),  (0.524009,  0.851309)
(-0.969380,  0.000000,  -1.208324),  (0.525608,  0.852967)
(-0.999999,  0.024635,  1.913633),  (0.400918,  0.851309)
(-0.969380,  0.024635,  2.000000),  (0.397605,  0.851309)
(-0.969380,  0.000000,  1.913633),  (0.400918,  0.854623)
(0.961345,  2.975365,  1.999999),  (0.185353,  0.454412)
(0.961345,  3.000000,  1.913632),  (0.185353,  0.451099)
(0.991964,  2.975365,  1.913632),  (0.182040,  0.454412)
(0.961890,  2.974941,  -1.294693),  (0.052381,  0.454469)
(0.991963,  2.975365,  -1.208326),  (0.055635,  0.454412)
(0.961344,  3.000000,  -1.208326),  (0.054037,  0.452754)
(-1.000000,  2.975365,  -1.208324),  (0.520695,  0.454412)
(-0.969926,  2.974941,  -1.294691),  (0.524009,  0.454469)
(-0.969380,  3.000000,  -1.208324),  (0.520695,  0.451099)
(-0.969380,  2.975365,  2.000000),  (0.394291,  0.454412)
(-0.999999,  2.975365,  1.913633),  (0.397605,  0.454412)
(-0.969380,  3.000000,  1.913633),  (0.394291,  0.451099)
(0.961344,  0.000000,  -1.208325),  (0.058949,  0.854623)
(0.991964,  0.024635,  1.913632),  (0.178726,  0.851309)
(0.991964,  0.024635,  -1.208325),  (0.058949,  0.851309)
(0.991964,  0.024635,  1.913632),  (0.178726,  0.851309)
(0.961344,  0.000000,  -1.208325),  (0.058949,  0.854623)
(0.961344,  0.000000,  1.913632),  (0.178726,  0.854623)
(-0.969926,  0.025059,  -1.294691),  (0.394350,  0.984398)
(0.961344,  0.000000,  -1.208325),  (0.185353,  0.977714)
(0.961891,  0.025059,  -1.294692),  (0.185294,  0.984398)
(0.961344,  0.000000,  -1.208325),  (0.185353,  0.977714)
(-0.969926,  0.025059,  -1.294691),  (0.394350,  0.984398)
(-0.969380,  0.000000,  -1.208324),  (0.394291,  0.977714)
(-0.969380,  0.000000,  1.913633),  (0.400918,  0.854623)
(-0.999999,  0.024635,  -1.208324),  (0.520696,  0.851309)
(-0.999999,  0.024635,  1.913633),  (0.400918,  0.851309)
(-0.999999,  0.024635,  -1.208324),  (0.520696,  0.851309)
(-0.969380,  0.000000,  1.913633),  (0.400918,  0.854623)
(-0.969380,  0.000000,  -1.208324),  (0.520696,  0.854623)
(-0.969380,  0.000000,  1.913633),  (0.394291,  0.857936)
(0.961344,  0.024635,  2.000000),  (0.185353,  0.851309)
(0.961344,  0.000000,  1.913632),  (0.185353,  0.857936)
(0.961344,  0.024635,  2.000000),  (0.185353,  0.851309)
(-0.969380,  0.000000,  1.913633),  (0.394291,  0.857936)
(-0.969380,  0.024635,  2.000000),  (0.394291,  0.851309)
(0.961345,  2.975365,  1.999999),  (0.185353,  0.454412)
(-0.969380,  2.975365,  2.000000),  (0.394291,  0.454412)
(-0.969380,  3.000000,  1.913633),  (0.394291,  0.447785)
(0.961345,  2.975365,  1.999999),  (0.185353,  0.454412)
(-0.969380,  3.000000,  1.913633),  (0.394291,  0.447785)
(0.961345,  3.000000,  1.913632),  (0.185353,  0.447785)
(-0.969380,  3.000000,  -1.208324),  (0.520695,  0.451099)
(-0.969380,  3.000000,  1.913633),  (0.400918,  0.451099)
(-0.999999,  2.975365,  1.913633),  (0.400918,  0.454412)
(-0.999999,  2.975365,  1.913633),  (0.400918,  0.454412)
(-1.000000,  2.975365,  -1.208324),  (0.520695,  0.454412)
(-0.969380,  3.000000,  -1.208324),  (0.520695,  0.451099)
(0.961344,  3.000000,  -1.208326),  (0.185353,  0.328008)
(-0.969380,  3.000000,  -1.208324),  (0.394291,  0.328008)
(-0.969926,  2.974941,  -1.294691),  (0.394350,  0.321324)
(0.961344,  3.000000,  -1.208326),  (0.185353,  0.328008)
(-0.969926,  2.974941,  -1.294691),  (0.394350,  0.321324)
(0.961890,  2.974941,  -1.294693),  (0.185294,  0.321324)
(0.961345,  3.000000,  1.913632),  (0.178726,  0.451099)
(0.961344,  3.000000,  -1.208326),  (0.058949,  0.451099)
(0.991963,  2.975365,  -1.208326),  (0.058949,  0.454412)
(0.961345,  3.000000,  1.913632),  (0.178726,  0.451099)
(0.991963,  2.975365,  -1.208326),  (0.058949,  0.454412)
(0.991964,  2.975365,  1.913632),  (0.178726,  0.454412)
(0.961345,  2.975365,  1.999999),  (0.185353,  0.454412)
(0.991964,  0.024635,  1.913632),  (0.178726,  0.851309)
(0.961344,  0.024635,  2.000000),  (0.185353,  0.851309)
(0.991964,  0.024635,  1.913632),  (0.178726,  0.851309)
(0.961345,  2.975365,  1.999999),  (0.185353,  0.454412)
(0.991964,  2.975365,  1.913632),  (0.178726,  0.454412)
(0.991963,  2.975365,  -1.208326),  (0.058949,  0.454412)
(0.961891,  0.025059,  -1.294692),  (0.052381,  0.851252)
(0.991964,  0.024635,  -1.208325),  (0.058949,  0.851309)
(0.961891,  0.025059,  -1.294692),  (0.052381,  0.851252)
(0.991963,  2.975365,  -1.208326),  (0.058949,  0.454412)
(0.961890,  2.974941,  -1.294693),  (0.052381,  0.454469)
(-1.000000,  2.975365,  -1.208324),  (0.520695,  0.454412)
(-0.969926,  0.025059,  -1.294691),  (0.527264,  0.851252)
(-0.969926,  2.974941,  -1.294691),  (0.527264,  0.454469)
(-0.969926,  0.025059,  -1.294691),  (0.527264,  0.851252)
(-1.000000,  2.975365,  -1.208324),  (0.520695,  0.454412)
(-0.999999,  0.024635,  -1.208324),  (0.520696,  0.851309)
(-0.999999,  2.975365,  1.913633),  (0.400918,  0.454412)
(-0.969380,  0.024635,  2.000000),  (0.394291,  0.851309)
(-0.999999,  0.024635,  1.913633),  (0.400918,  0.851309)
(-0.969380,  0.024635,  2.000000),  (0.394291,  0.851309)
(-0.999999,  2.975365,  1.913633),  (0.400918,  0.454412)
(-0.969380,  2.975365,  2.000000),  (0.394291,  0.454412)
(0.991964,  2.975365,  1.913632),  (0.178726,  0.454412)
(0.991964,  0.024635,  -1.208325),  (0.058949,  0.851309)
(0.991964,  0.024635,  1.913632),  (0.178726,  0.851309)
(0.991964,  0.024635,  -1.208325),  (0.058949,  0.851309)
(0.991964,  2.975365,  1.913632),  (0.178726,  0.454412)
(0.991963,  2.975365,  -1.208326),  (0.058949,  0.454412)
(0.872820,  2.901635,  -1.460690),  (0.674901,  0.057744)
(0.851746,  0.115320,  -1.520133),  (0.670339,  0.432525)
(0.872820,  0.098365,  -1.460689),  (0.674900,  0.434806)
(0.851746,  0.115320,  -1.520133),  (0.670339,  0.432525)
(0.872820,  2.901635,  -1.460690),  (0.674901,  0.057744)
(0.851745,  2.884680,  -1.520134),  (0.670340,  0.060025)
(0.872820,  2.901635,  -1.460690),  (0.672620,  0.055464)
(-0.880856,  2.901635,  -1.460688),  (0.482843,  0.055463)
(-0.859782,  2.884680,  -1.520133),  (0.485123,  0.060025)
(0.872820,  2.901635,  -1.460690),  (0.672620,  0.055464)
(-0.859782,  2.884680,  -1.520133),  (0.485123,  0.060025)
(0.851745,  2.884680,  -1.520134),  (0.670340,  0.060025)
(0.851746,  0.115320,  -1.520133),  (0.670339,  0.432525)
(-0.859782,  0.115320,  -1.520133),  (0.485123,  0.432525)
(-0.880856,  0.098365,  -1.460689),  (0.482842,  0.437086)
(0.851746,  0.115320,  -1.520133),  (0.670339,  0.432525)
(-0.880856,  0.098365,  -1.460689),  (0.482842,  0.437086)
(0.872820,  0.098365,  -1.460689),  (0.672620,  0.437087)
(-0.880856,  2.901635,  -1.460688),  (0.480562,  0.057744)
(-0.859782,  0.115320,  -1.520133),  (0.485123,  0.432525)
(-0.859782,  2.884680,  -1.520133),  (0.485123,  0.060025)
(-0.880856,  2.901635,  -1.460688),  (0.480562,  0.057744)
(-0.880856,  0.098365,  -1.460689),  (0.480561,  0.434806)
(-0.859782,  0.115320,  -1.520133),  (0.485123,  0.432525)
(-0.880856,  2.901635,  -1.294691),  (0.474193,  0.057744)
(-0.880856,  0.098365,  -1.294691),  (0.474193,  0.434806)
(-0.880856,  2.901635,  -1.460688),  (0.480562,  0.057744)
(-0.880856,  2.901635,  -1.460688),  (0.480562,  0.057744)
(-0.880856,  0.098365,  -1.294691),  (0.474193,  0.434806)
(-0.880856,  0.098365,  -1.460689),  (0.480561,  0.434806)
(-0.884340,  0.096375,  -1.225397),  (0.688564,  0.942626)
(0.900432,  0.076270,  -1.294692),  (0.879096,  0.962938)
(0.876305,  0.096375,  -1.225398),  (0.879096,  0.942627)
(0.900432,  0.076270,  -1.294692),  (0.879096,  0.962938)
(-0.884340,  0.096375,  -1.225397),  (0.688564,  0.942626)
(-0.908468,  0.076270,  -1.294691),  (0.688564,  0.962938)
(0.900432,  2.923730,  -1.294692),  (0.045730,  0.461358)
(0.876305,  0.096375,  -1.225398),  (0.043119,  0.841659)
(0.900432,  0.076270,  -1.294692),  (0.045730,  0.844364)
(0.876305,  0.096375,  -1.225398),  (0.043119,  0.841659)
(0.900432,  2.923730,  -1.294692),  (0.045730,  0.461358)
(0.876304,  2.903625,  -1.225398),  (0.043119,  0.464062)
(0.900432,  2.923730,  -1.294692),  (0.879096,  0.357899)
(-0.908469,  2.923730,  -1.294691),  (0.688564,  0.357899)
(-0.884340,  2.903625,  -1.225397),  (0.688564,  0.378211)
(0.900432,  2.923730,  -1.294692),  (0.879096,  0.357899)
(-0.884340,  2.903625,  -1.225397),  (0.688564,  0.378211)
(0.876304,  2.903625,  -1.225398),  (0.879096,  0.378211)
(-0.908469,  2.923730,  -1.294691),  (0.574843,  0.471620)
(-0.884340,  0.096375,  -1.225397),  (0.595155,  0.849217)
(-0.884340,  2.903625,  -1.225397),  (0.595155,  0.471620)
(-0.908469,  2.923730,  -1.294691),  (0.574843,  0.471620)
(-0.908468,  0.076270,  -1.294691),  (0.574843,  0.849217)
(-0.884340,  0.096375,  -1.225397),  (0.595155,  0.849217)
(0.876305,  0.096375,  -0.906729),  (0.879096,  0.849217)
(-0.884340,  0.096375,  -0.906729),  (0.688564,  0.849217)
(-0.884340,  0.096375,  -1.225397),  (0.688564,  0.942626)
(0.876305,  0.096375,  -0.906729),  (0.879096,  0.849217)
(-0.884340,  0.096375,  -1.225397),  (0.688564,  0.942626)
(0.876305,  0.096375,  -1.225398),  (0.879096,  0.942627)
