(-3.540922,  0.000000,  -0.259154),  (0.508996,  0.333333)
(-3.540922,  2.000000,  -0.259154),  (0.508996,  0.666667)
(-3.523076,  0.000000,  -0.259154),  (0.476467,  0.333333)
(-3.523076,  2.000000,  -0.259154),  (0.476467,  0.666667)
(-3.523076,  0.000000,  -0.259154),  (0.476467,  0.333333)
(-3.540922,  2.000000,  -0.259154),  (0.508996,  0.666667)
(-3.484984,  0.000000,  -0.259154),  (0.749827,  0.333333)
(-3.484984,  0.000000,  -0.312398),  (0.749827,  0.369123)
(-3.523076,  0.000000,  -0.259154),  (0.680393,  0.333333)
(-3.523076,  0.000000,  -0.259154),  (0.680393,  0.333333)
(-3.484984,  0.000000,  -0.312398),  (0.749827,  0.369123)
(-3.523076,  0.000000,  -0.312398),  (0.680393,  0.369123)
(-3.523076,  0.000000,  -0.755063),  (0.476467,  1.000000)
(-3.523076,  2.000000,  -0.755064),  (0.476467,  0.666667)
(-3.540922,  0.000000,  -0.755063),  (0.508996,  1.000000)
(-3.540922,  2.000000,  -0.755064),  (0.508996,  0.666667)
(-3.540922,  0.000000,  -0.755063),  (0.508996,  1.000000)
(-3.523076,  2.000000,  -0.755064),  (0.476467,  0.666667)
(-3.484984,  0.000000,  -0.259154),  (0.407033,  0.333333)
(-3.523076,  2.000000,  -0.259154),  (0.476467,  0.666667)
(-3.484984,  2.000000,  -0.259154),  (0.407032,  0.666667)
(-3.523076,  2.000000,  -0.259154),  (0.476467,  0.666667)
(-3.484984,  0.000000,  -0.259154),  (0.407033,  0.333333)
(-3.523076,  0.000000,  -0.259154),  (0.476467,  0.333333)
(-3.523076,  0.000000,  -0.701819),  (0.680393,  0.630877)
(-3.523076,  0.000000,  -0.755063),  (0.680393,  0.666667)
(-3.540922,  0.000000,  -0.701819),  (0.647864,  0.630877)
(-3.540922,  0.000000,  -0.701819),  (0.647864,  0.630877)
(-3.523076,  0.000000,  -0.755063),  (0.680393,  0.666667)
(-3.540922,  0.000000,  -0.755063),  (0.647864,  0.666667)
(-3.540922,  2.000000,  -0.259154),  (0.680393,  0.666667)
(-3.540922,  2.000000,  -0.312399),  (0.680393,  0.702456)
(-3.523076,  2.000000,  -0.259154),  (0.647864,  0.666667)
(-3.523076,  2.000000,  -0.259154),  (0.647864,  0.666667)
(-3.540922,  2.000000,  -0.312399),  (0.680393,  0.702456)
(-3.523076,  2.000000,  -0.312399),  (0.647864,  0.702456)
(-3.540922,  2.000000,  -0.701819),  (0.680393,  0.964211)
(-3.540922,  2.000000,  -0.755064),  (0.680393,  1.000000)
(-3.523076,  2.000000,  -0.701819),  (0.647864,  0.964211)
(-3.523076,  2.000000,  -0.701819),  (0.647864,  0.964211)
(-3.540922,  2.000000,  -0.755064),  (0.680393,  1.000000)
(-3.523076,  2.000000,  -0.755064),  (0.647864,  1.000000)
(-3.540922,  2.000000,  -0.312399),  (0.680393,  0.702456)
(-3.540922,  2.000000,  -0.701819),  (0.680393,  0.964211)
(-3.523076,  2.000000,  -0.312399),  (0.647864,  0.702456)
(-3.523076,  2.000000,  -0.312399),  (0.647864,  0.702456)
(-3.540922,  2.000000,  -0.701819),  (0.680393,  0.964211)
(-3.523076,  2.000000,  -0.701819),  (0.647864,  0.964211)
(-3.523076,  0.000000,  -0.259154),  (0.680393,  0.333333)
(-3.523076,  0.000000,  -0.312398),  (0.680393,  0.369123)
(-3.540922,  0.000000,  -0.259154),  (0.647864,  0.333333)
(-3.540922,  0.000000,  -0.259154),  (0.647864,  0.333333)
(-3.523076,  0.000000,  -0.312398),  (0.680393,  0.369123)
(-3.540922,  0.000000,  -0.312398),  (0.647864,  0.369123)
(-3.523076,  0.000000,  -0.312398),  (0.680393,  0.369123)
(-3.523076,  0.000000,  -0.701819),  (0.680393,  0.630877)
(-3.540922,  0.000000,  -0.312398),  (0.647864,  0.369123)
(-3.540922,  0.000000,  -0.312398),  (0.647864,  0.369123)
(-3.523076,  0.000000,  -0.701819),  (0.680393,  0.630877)
(-3.540922,  0.000000,  -0.701819),  (0.647864,  0.630877)
(-3.579015,  2.000000,  -0.259154),  (0.749827,  0.666667)
(-3.579015,  2.000000,  -0.312399),  (0.749827,  0.702456)
(-3.540922,  2.000000,  -0.259154),  (0.680393,  0.666667)
(-3.540922,  2.000000,  -0.259154),  (0.680393,  0.666667)
(-3.579015,  2.000000,  -0.312399),  (0.749827,  0.702456)
(-3.540922,  2.000000,  -0.312399),  (0.680393,  0.702456)
(-3.523076,  2.000000,  -0.312399),  (0.407032,  1.000000)
(-3.523076,  0.000000,  -0.701819),  (0.203516,  0.666667)
(-3.523076,  0.000000,  -0.312398),  (0.407032,  0.666667)
(-3.523076,  0.000000,  -0.701819),  (0.203516,  0.666667)
(-3.523076,  2.000000,  -0.312399),  (0.407032,  1.000000)
(-3.523076,  2.000000,  -0.701819),  (0.203516,  1.000000)
(-3.579015,  0.000000,  -0.755063),  (0.578430,  1.000000)
(-3.540922,  2.000000,  -0.755064),  (0.508996,  0.666667)
(-3.579015,  2.000000,  -0.755064),  (0.578430,  0.666667)
(-3.540922,  2.000000,  -0.755064),  (0.508996,  0.666667)
(-3.579015,  0.000000,  -0.755063),  (0.578430,  1.000000)
(-3.540922,  0.000000,  -0.755063),  (0.508996,  1.000000)
(-3.540922,  0.000000,  -0.701819),  (0.203516,  0.666667)
(-3.540922,  2.000000,  -0.312399),  (0.000000,  1.000000)
(-3.540922,  0.000000,  -0.312398),  (0.000000,  0.666667)
(-3.540922,  2.000000,  -0.312399),  (0.000000,  1.000000)
(-3.540922,  0.000000,  -0.701819),  (0.203516,  0.666667)
(-3.540922,  2.000000,  -0.701819),  (0.203516,  1.000000)
(-3.579015,  0.000000,  -0.755063),  (0.916521,  0.333333)
(-3.579015,  2.000000,  -0.701819),  (0.888695,  0.666667)
(-3.579015,  0.000000,  -0.701819),  (0.888695,  0.333333)
(-3.579015,  2.000000,  -0.701819),  (0.888695,  0.666667)
(-3.579015,  0.000000,  -0.755063),  (0.916521,  0.333333)
(-3.579015,  2.000000,  -0.755064),  (0.916521,  0.666667)
(-3.484984,  2.000000,  -0.259154),  (0.949538,  0.333333)
(-3.484984,  0.000000,  -0.312398),  (0.921712,  0.000000)
(-3.484984,  0.000000,  -0.259154),  (0.949538,  0.000000)
(-3.484984,  0.000000,  -0.312398),  (0.921712,  0.000000)
(-3.484984,  2.000000,  -0.259154),  (0.949538,  0.333333)
(-3.484984,  2.000000,  -0.312399),  (0.921712,  0.333333)
(-3.484984,  2.000000,  -0.701819),  (0.921712,  0.333333)
(-3.484984,  0.000000,  -0.755063),  (0.893885,  0.000000)
(-3.484984,  0.000000,  -0.701819),  (0.921712,  0.000000)
(-3.484984,  0.000000,  -0.755063),  (0.893885,  0.000000)
(-3.484984,  2.000000,  -0.701819),  (0.921712,  0.333333)
(-3.484984,  2.000000,  -0.755064),  (0.893885,  0.333333)
(-3.579015,  0.000000,  -0.312398),  (0.944347,  0.666667)
(-3.579015,  2.000000,  -0.259154),  (0.972174,  0.333333)
(-3.579015,  0.000000,  -0.259154),  (0.972174,  0.666667)
(-3.579015,  2.000000,  -0.259154),  (0.972174,  0.333333)
(-3.579015,  0.000000,  -0.312398),  (0.944347,  0.666667)
(-3.579015,  2.000000,  -0.312399),  (0.944347,  0.333333)
(-3.484984,  0.000000,  -0.755063),  (0.407032,  1.000000)
(-3.484984,  2.000000,  -0.755064),  (0.407032,  0.666667)
(-3.523076,  0.000000,  -0.755063),  (0.476467,  1.000000)
(-3.523076,  2.000000,  -0.755064),  (0.476467,  0.666667)
(-3.523076,  0.000000,  -0.755063),  (0.476467,  1.000000)
(-3.484984,  2.000000,  -0.755064),  (0.407032,  0.666667)
(-3.484984,  0.000000,  -0.701819),  (0.749827,  0.666667)
(-3.523076,  2.000000,  -0.701819),  (0.819262,  1.000000)
(-3.484984,  2.000000,  -0.701819),  (0.749827,  1.000000)
(-3.523076,  2.000000,  -0.701819),  (0.819262,  1.000000)
(-3.484984,  0.000000,  -0.701819),  (0.749827,  0.666667)
(-3.523076,  0.000000,  -0.701819),  (0.819262,  0.666667)
(-3.484984,  0.000000,  -0.701819),  (0.749827,  0.630877)
(-3.484984,  0.000000,  -0.755063),  (0.749827,  0.666667)
(-3.523076,  0.000000,  -0.701819),  (0.680393,  0.630877)
(-3.523076,  0.000000,  -0.701819),  (0.680393,  0.630877)
(-3.484984,  0.000000,  -0.755063),  (0.749827,  0.666667)
(-3.523076,  0.000000,  -0.755063),  (0.680393,  0.666667)
(-3.484984,  0.000000,  -0.312398),  (0.755018,  0.333333)
(-3.484984,  2.000000,  -0.312399),  (0.755018,  0.000000)
(-3.523076,  0.000000,  -0.312398),  (0.824452,  0.333333)
(-3.523076,  2.000000,  -0.312399),  (0.824452,  0.000000)
(-3.523076,  0.000000,  -0.312398),  (0.824452,  0.333333)
(-3.484984,  2.000000,  -0.312399),  (0.755018,  0.000000)
(-3.579015,  0.000000,  -0.259154),  (0.578430,  0.333333)
(-3.579015,  2.000000,  -0.259154),  (0.578430,  0.666667)
(-3.540922,  0.000000,  -0.259154),  (0.508996,  0.333333)
(-3.540922,  2.000000,  -0.259154),  (0.508996,  0.666667)
(-3.540922,  0.000000,  -0.259154),  (0.508996,  0.333333)
(-3.579015,  2.000000,  -0.259154),  (0.578430,  0.666667)
(-3.523076,  2.000000,  -0.701819),  (0.647864,  0.964211)
(-3.523076,  2.000000,  -0.755064),  (0.647864,  1.000000)
(-3.484984,  2.000000,  -0.701819),  (0.578430,  0.964211)
(-3.484984,  2.000000,  -0.701819),  (0.578430,  0.964211)
(-3.523076,  2.000000,  -0.755064),  (0.647864,  1.000000)
(-3.484984,  2.000000,  -0.755064),  (0.578430,  1.000000)
(-3.523076,  2.000000,  -0.259154),  (0.647864,  0.666667)
(-3.523076,  2.000000,  -0.312399),  (0.647864,  0.702456)
(-3.484984,  2.000000,  -0.259154),  (0.578430,  0.666667)
(-3.484984,  2.000000,  -0.259154),  (0.578430,  0.666667)
(-3.523076,  2.000000,  -0.312399),  (0.647864,  0.702456)
(-3.484984,  2.000000,  -0.312399),  (0.578430,  0.702456)
(-3.579015,  0.000000,  -0.312398),  (0.819262,  0.666667)
(-3.540922,  2.000000,  -0.312399),  (0.749827,  0.333333)
(-3.579015,  2.000000,  -0.312399),  (0.819262,  0.333333)
(-3.540922,  2.000000,  -0.312399),  (0.749827,  0.333333)
(-3.579015,  0.000000,  -0.312398),  (0.819262,  0.666667)
(-3.540922,  0.000000,  -0.312398),  (0.749827,  0.666667)
(-3.540922,  0.000000,  -0.259154),  (0.647864,  0.333333)
(-3.540922,  0.000000,  -0.312398),  (0.647864,  0.369123)
(-3.579015,  0.000000,  -0.259154),  (0.578430,  0.333333)
(-3.579015,  0.000000,  -0.259154),  (0.578430,  0.333333)
(-3.540922,  0.000000,  -0.312398),  (0.647864,  0.369123)
(-3.579015,  0.000000,  -0.312398),  (0.578430,  0.369123)
(-3.540922,  0.000000,  -0.701819),  (0.647864,  0.630877)
(-3.540922,  0.000000,  -0.755063),  (0.647864,  0.666667)
(-3.579015,  0.000000,  -0.701819),  (0.578430,  0.630877)
(-3.579015,  0.000000,  -0.701819),  (0.578430,  0.630877)
(-3.540922,  0.000000,  -0.755063),  (0.647864,  0.666667)
(-3.579015,  0.000000,  -0.755063),  (0.578430,  0.666667)
(-3.579015,  0.000000,  -0.701819),  (0.755018,  0.000000)
(-3.579015,  2.000000,  -0.701819),  (0.755018,  0.333333)
(-3.540922,  0.000000,  -0.701819),  (0.685584,  0.000000)
(-3.540922,  2.000000,  -0.701819),  (0.685584,  0.333333)
(-3.540922,  0.000000,  -0.701819),  (0.685584,  0.000000)
(-3.579015,  2.000000,  -0.701819),  (0.755018,  0.333333)
(-3.579015,  2.000000,  -0.701819),  (0.749827,  0.964211)
(-3.579015,  2.000000,  -0.755064),  (0.749827,  1.000000)
(-3.540922,  2.000000,  -0.701819),  (0.680393,  0.964211)
(-3.540922,  2.000000,  -0.701819),  (0.680393,  0.964211)
(-3.579015,  2.000000,  -0.755064),  (0.749827,  1.000000)
(-3.540922,  2.000000,  -0.755064),  (0.680393,  1.000000)
(3.522818,  0.000000,  -0.259154),  (0.616151,  0.000000)
(3.522818,  2.000000,  -0.259154),  (0.616151,  0.333333)
(3.540664,  0.000000,  -0.259154),  (0.583621,  0.000000)
(3.540664,  2.000000,  -0.259154),  (0.583621,  0.333333)
(3.540664,  0.000000,  -0.259154),  (0.583621,  0.000000)
(3.522818,  2.000000,  -0.259154),  (0.616151,  0.333333)
(3.578756,  0.000000,  -0.259154),  (0.342793,  0.000000)
(3.578756,  0.000000,  -0.312398),  (0.342793,  0.035789)
(3.540664,  0.000000,  -0.259154),  (0.273359,  0.000000)
(3.540664,  0.000000,  -0.259154),  (0.273359,  0.000000)
(3.578756,  0.000000,  -0.312398),  (0.342793,  0.035789)
(3.540664,  0.000000,  -0.312398),  (0.273359,  0.035789)
(3.540664,  0.000000,  -0.755063),  (0.444755,  0.000000)
(3.540664,  2.000000,  -0.755064),  (0.444755,  0.333333)
(3.522818,  0.000000,  -0.755063),  (0.412226,  0.000000)
(3.522818,  2.000000,  -0.755064),  (0.412226,  0.333333)
(3.522818,  0.000000,  -0.755063),  (0.412226,  0.000000)
(3.540664,  2.000000,  -0.755064),  (0.444755,  0.333333)
(3.578756,  0.000000,  -0.259154),  (0.514188,  0.000000)
(3.540664,  2.000000,  -0.259154),  (0.583621,  0.333333)
(3.578756,  2.000000,  -0.259154),  (0.514188,  0.333333)
(3.540664,  2.000000,  -0.259154),  (0.583621,  0.333333)
(3.578756,  0.000000,  -0.259154),  (0.514188,  0.000000)
(3.540664,  0.000000,  -0.259154),  (0.583621,  0.000000)
(3.540664,  0.000000,  -0.701819),  (0.273359,  0.297544)
(3.540664,  0.000000,  -0.755063),  (0.273359,  0.333333)
(3.522818,  0.000000,  -0.701819),  (0.240830,  0.297544)
(3.522818,  0.000000,  -0.701819),  (0.240830,  0.297544)
(3.540664,  0.000000,  -0.755063),  (0.273359,  0.333333)
(3.522818,  0.000000,  -0.755063),  (0.240830,  0.333333)
(3.522818,  2.000000,  -0.259154),  (0.069434,  0.333333)
(3.522818,  2.000000,  -0.312399),  (0.069434,  0.297544)
(3.540664,  2.000000,  -0.259154),  (0.101963,  0.333333)
(3.540664,  2.000000,  -0.259154),  (0.101963,  0.333333)
(3.522818,  2.000000,  -0.312399),  (0.069434,  0.297544)
(3.540664,  2.000000,  -0.312399),  (0.101963,  0.297544)
(3.522818,  2.000000,  -0.701819),  (0.069434,  0.035789)
(3.522818,  2.000000,  -0.755064),  (0.069434,  0.000000)
(3.540664,  2.000000,  -0.701819),  (0.101963,  0.035789)
(3.540664,  2.000000,  -0.701819),  (0.101963,  0.035789)
(3.522818,  2.000000,  -0.755064),  (0.069434,  0.000000)
(3.540664,  2.000000,  -0.755064),  (0.101963,  0.000000)
(3.522818,  2.000000,  -0.312399),  (0.069434,  0.297544)
(3.522818,  2.000000,  -0.701819),  (0.069434,  0.035789)
(3.540664,  2.000000,  -0.312399),  (0.101963,  0.297544)
(3.540664,  2.000000,  -0.312399),  (0.101963,  0.297544)
(3.522818,  2.000000,  -0.701819),  (0.069434,  0.035789)
(3.540664,  2.000000,  -0.701819),  (0.101963,  0.035789)
(3.540664,  0.000000,  -0.259154),  (0.273359,  0.000000)
(3.540664,  0.000000,  -0.312398),  (0.273359,  0.035789)
(3.522818,  0.000000,  -0.259154),  (0.240830,  0.000000)
(3.522818,  0.000000,  -0.259154),  (0.240830,  0.000000)
(3.540664,  0.000000,  -0.312398),  (0.273359,  0.035789)
(3.522818,  0.000000,  -0.312398),  (0.240830,  0.035789)
(3.540664,  0.000000,  -0.312398),  (0.273359,  0.035789)
(3.540664,  0.000000,  -0.701819),  (0.273359,  0.297544)
(3.522818,  0.000000,  -0.312398),  (0.240830,  0.035789)
(3.522818,  0.000000,  -0.312398),  (0.240830,  0.035789)
(3.540664,  0.000000,  -0.701819),  (0.273359,  0.297544)
(3.522818,  0.000000,  -0.701819),  (0.240830,  0.297544)
(3.484726,  2.000000,  -0.259154),  (0.000000,  0.333333)
(3.484726,  2.000000,  -0.312399),  (0.000000,  0.297544)
(3.522818,  2.000000,  -0.259154),  (0.069434,  0.333333)
(3.522818,  2.000000,  -0.259154),  (0.069434,  0.333333)
(3.484726,  2.000000,  -0.312399),  (0.000000,  0.297544)
(3.522818,  2.000000,  -0.312399),  (0.069434,  0.297544)
(3.540664,  2.000000,  -0.312399),  (0.407032,  0.666667)
(3.540664,  0.000000,  -0.701819),  (0.203516,  0.333333)
(3.540664,  0.000000,  -0.312398),  (0.407032,  0.333333)
(3.540664,  0.000000,  -0.701819),  (0.203516,  0.333333)
(3.540664,  2.000000,  -0.312399),  (0.407032,  0.666667)
(3.540664,  2.000000,  -0.701819),  (0.203516,  0.666667)
(3.484726,  0.000000,  -0.755063),  (0.342793,  0.000000)
(3.522818,  2.000000,  -0.755064),  (0.412226,  0.333333)
(3.484726,  2.000000,  -0.755064),  (0.342793,  0.333333)
(3.522818,  2.000000,  -0.755064),  (0.412226,  0.333333)
(3.484726,  0.000000,  -0.755063),  (0.342793,  0.000000)
(3.522818,  0.000000,  -0.755063),  (0.412226,  0.000000)
(3.522818,  0.000000,  -0.701819),  (0.203516,  0.333333)
(3.522818,  2.000000,  -0.312399),  (0.000000,  0.666667)
(3.522818,  0.000000,  -0.312398),  (0.000000,  0.333333)
(3.522818,  2.000000,  -0.312399),  (0.000000,  0.666667)
(3.522818,  0.000000,  -0.701819),  (0.203516,  0.333333)
(3.522818,  2.000000,  -0.701819),  (0.203516,  0.666667)
(3.484726,  0.000000,  -0.755063),  (1.000000,  0.333333)
(3.484726,  2.000000,  -0.701819),  (0.972174,  0.666667)
(3.484726,  0.000000,  -0.701819),  (0.972174,  0.333333)
(3.484726,  2.000000,  -0.701819),  (0.972174,  0.666667)
(3.484726,  0.000000,  -0.755063),  (1.000000,  0.333333)
(3.484726,  2.000000,  -0.755064),  (1.000000,  0.666667)
(3.578756,  2.000000,  -0.259154),  (0.977364,  0.333333)
(3.578756,  0.000000,  -0.312398),  (0.949538,  0.000000)
(3.578756,  0.000000,  -0.259154),  (0.977364,  0.000000)
(3.578756,  0.000000,  -0.312398),  (0.949538,  0.000000)
(3.578756,  2.000000,  -0.259154),  (0.977364,  0.333333)
(3.578756,  2.000000,  -0.312399),  (0.949538,  0.333333)
(3.578756,  2.000000,  -0.701819),  (0.944347,  0.666667)
(3.578756,  0.000000,  -0.755063),  (0.916521,  0.333333)
(3.578756,  0.000000,  -0.701819),  (0.944347,  0.333333)
(3.578756,  0.000000,  -0.755063),  (0.916521,  0.333333)
(3.578756,  2.000000,  -0.701819),  (0.944347,  0.666667)
(3.578756,  2.000000,  -0.755064),  (0.916521,  0.666667)
(3.484726,  0.000000,  -0.312398),  (0.958127,  1.000000)
(3.484726,  2.000000,  -0.259154),  (0.985954,  0.666667)
(3.484726,  0.000000,  -0.259154),  (0.985954,  1.000000)
(3.484726,  2.000000,  -0.259154),  (0.985954,  0.666667)
(3.484726,  0.000000,  -0.312398),  (0.958127,  1.000000)
(3.484726,  2.000000,  -0.312399),  (0.958127,  0.666667)
(3.578756,  0.000000,  -0.755063),  (0.514188,  0.000000)
(3.578756,  2.000000,  -0.755064),  (0.514188,  0.333333)
(3.540664,  0.000000,  -0.755063),  (0.444755,  0.000000)
(3.540664,  2.000000,  -0.755064),  (0.444755,  0.333333)
(3.540664,  0.000000,  -0.755063),  (0.444755,  0.000000)
(3.578756,  2.000000,  -0.755064),  (0.514188,  0.333333)
(3.578756,  0.000000,  -0.701819),  (0.819262,  0.666667)
(3.540664,  2.000000,  -0.701819),  (0.888695,  1.000000)
(3.578756,  2.000000,  -0.701819),  (0.819262,  1.000000)
(3.540664,  2.000000,  -0.701819),  (0.888695,  1.000000)
(3.578756,  0.000000,  -0.701819),  (0.819262,  0.666667)
(3.540664,  0.000000,  -0.701819),  (0.888695,  0.666667)
(3.578756,  0.000000,  -0.701819),  (0.342793,  0.297544)
(3.578756,  0.000000,  -0.755063),  (0.342793,  0.333333)
(3.540664,  0.000000,  -0.701819),  (0.273359,  0.297544)
(3.540664,  0.000000,  -0.701819),  (0.273359,  0.297544)
(3.578756,  0.000000,  -0.755063),  (0.342793,  0.333333)
(3.540664,  0.000000,  -0.755063),  (0.273359,  0.333333)
(3.578756,  0.000000,  -0.312398),  (0.958127,  0.666667)
(3.578756,  2.000000,  -0.312399),  (0.958127,  1.000000)
(3.540664,  0.000000,  -0.312398),  (0.888695,  0.666667)
(3.540664,  2.000000,  -0.312399),  (0.888695,  1.000000)
(3.540664,  0.000000,  -0.312398),  (0.888695,  0.666667)
(3.578756,  2.000000,  -0.312399),  (0.958127,  1.000000)
(3.484726,  0.000000,  -0.259154),  (0.685584,  0.000000)
(3.484726,  2.000000,  -0.259154),  (0.685584,  0.333333)
(3.522818,  0.000000,  -0.259154),  (0.616151,  0.000000)
(3.522818,  2.000000,  -0.259154),  (0.616151,  0.333333)
(3.522818,  0.000000,  -0.259154),  (0.616151,  0.000000)
(3.484726,  2.000000,  -0.259154),  (0.685584,  0.333333)
(3.540664,  2.000000,  -0.701819),  (0.101963,  0.035789)
(3.540664,  2.000000,  -0.755064),  (0.101963,  0.000000)
(3.578756,  2.000000,  -0.701819),  (0.171396,  0.035789)
(3.578756,  2.000000,  -0.701819),  (0.171396,  0.035789)
(3.540664,  2.000000,  -0.755064),  (0.101963,  0.000000)
(3.578756,  2.000000,  -0.755064),  (0.171396,  0.000000)
(3.540664,  2.000000,  -0.259154),  (0.101963,  0.333333)
(3.540664,  2.000000,  -0.312399),  (0.101963,  0.297544)
(3.578756,  2.000000,  -0.259154),  (0.171396,  0.333333)
(3.578756,  2.000000,  -0.259154),  (0.171396,  0.333333)
(3.540664,  2.000000,  -0.312399),  (0.101963,  0.297544)
(3.578756,  2.000000,  -0.312399),  (0.171396,  0.297544)
(3.484726,  0.000000,  -0.312398),  (0.824452,  0.000000)
(3.522818,  2.000000,  -0.312399),  (0.893885,  0.333333)
(3.484726,  2.000000,  -0.312399),  (0.824452,  0.333333)
(3.522818,  2.000000,  -0.312399),  (0.893885,  0.333333)
(3.484726,  0.000000,  -0.312398),  (0.824452,  0.000000)
(3.522818,  0.000000,  -0.312398),  (0.893885,  0.000000)
(3.522818,  0.000000,  -0.259154),  (0.240830,  0.000000)
(3.522818,  0.000000,  -0.312398),  (0.240830,  0.035789)
(3.484726,  0.000000,  -0.259154),  (0.171396,  0.000000)
(3.484726,  0.000000,  -0.259154),  (0.171396,  0.000000)
(3.522818,  0.000000,  -0.312398),  (0.240830,  0.035789)
(3.484726,  0.000000,  -0.312398),  (0.171396,  0.035789)
(3.522818,  0.000000,  -0.701819),  (0.240830,  0.297544)
(3.522818,  0.000000,  -0.755063),  (0.240830,  0.333333)
(3.484726,  0.000000,  -0.701819),  (0.171396,  0.297544)
(3.484726,  0.000000,  -0.701819),  (0.171396,  0.297544)
(3.522818,  0.000000,  -0.755063),  (0.240830,  0.333333)
(3.484726,  0.000000,  -0.755063),  (0.171396,  0.333333)
(3.484726,  0.000000,  -0.701819),  (0.888695,  0.333333)
(3.484726,  2.000000,  -0.701819),  (0.888695,  0.666667)
(3.522818,  0.000000,  -0.701819),  (0.819262,  0.333333)
(3.522818,  2.000000,  -0.701819),  (0.819262,  0.666667)
(3.522818,  0.000000,  -0.701819),  (0.819262,  0.333333)
(3.484726,  2.000000,  -0.701819),  (0.888695,  0.666667)
(3.484726,  2.000000,  -0.701819),  (0.000000,  0.035789)
(3.484726,  2.000000,  -0.755064),  (0.000000,  0.000000)
(3.522818,  2.000000,  -0.701819),  (0.069434,  0.035789)
(3.522818,  2.000000,  -0.701819),  (0.069434,  0.035789)
(3.484726,  2.000000,  -0.755064),  (0.000000,  0.000000)
(3.522818,  2.000000,  -0.755064),  (0.069434,  0.000000)
(3.509570,  0.651473,  -0.304427),  (0.633154,  0.999998)
(3.547374,  0.651472,  -0.304427),  (0.547760,  0.878318)
(3.518242,  0.662097,  -0.304427),  (0.593978,  0.984552)
(3.547374,  0.651472,  -0.304427),  (0.547760,  0.878318)
(3.503775,  0.635571,  -0.304427),  (0.675561,  1.000000)
(3.553169,  0.635571,  -0.304427),  (0.563985,  0.841008)
(3.547374,  0.582156,  -0.304427),  (0.675550,  0.797002)
(3.553169,  0.598058,  -0.304427),  (0.633144,  0.797000)
(3.503775,  0.598058,  -0.304427),  (0.744720,  0.955992)
(3.503775,  0.598058,  -0.304427),  (0.744720,  0.955992)
(3.509570,  0.582156,  -0.304427),  (0.760943,  0.918683)
(3.547374,  0.582156,  -0.304427),  (0.675550,  0.797002)
(3.555203,  0.616814,  -0.304427),  (0.593968,  0.812457)
(3.503775,  0.598058,  -0.304427),  (0.744720,  0.955992)
(3.553169,  0.598058,  -0.304427),  (0.633144,  0.797000)
(3.555203,  0.616814,  -0.304427),  (0.593968,  0.812457)
(3.501740,  0.616814,  -0.304427),  (0.714737,  0.984545)
(3.503775,  0.598058,  -0.304427),  (0.744720,  0.955992)
(3.553169,  0.635571,  -0.304427),  (0.563985,  0.841008)
(3.503775,  0.635571,  -0.304427),  (0.675561,  1.000000)
(3.555203,  0.616814,  -0.304427),  (0.593968,  0.812457)
(3.538702,  0.662097,  -0.304427),  (0.547760,  0.918695)
(3.518242,  0.662097,  -0.304427),  (0.593978,  0.984552)
(3.547374,  0.651472,  -0.304427),  (0.547760,  0.878318)
(3.518242,  0.662097,  -0.304427),  (0.593978,  0.984552)
(3.538702,  0.662097,  -0.304427),  (0.547760,  0.918695)
(3.528472,  0.665828,  -0.304427),  (0.563990,  0.956002)
(3.503775,  0.635571,  -0.304427),  (0.675561,  1.000000)
(3.547374,  0.651472,  -0.304427),  (0.547760,  0.878318)
(3.509570,  0.651473,  -0.304427),  (0.633154,  0.999998)
(3.501740,  0.616814,  -0.304427),  (0.714737,  0.984545)
(3.555203,  0.616814,  -0.304427),  (0.593968,  0.812457)
(3.503775,  0.635571,  -0.304427),  (0.675561,  1.000000)
(3.538702,  0.571532,  -0.304427),  (0.714726,  0.812450)
(3.518242,  0.571532,  -0.304427),  (0.760943,  0.878307)
(3.528472,  0.567801,  -0.304427),  (0.744713,  0.841002)
(3.518242,  0.571532,  -0.304427),  (0.760943,  0.878307)
(3.547374,  0.582156,  -0.304427),  (0.675550,  0.797002)
(3.509570,  0.582156,  -0.304427),  (0.760943,  0.918683)
(3.518242,  0.571532,  -0.304427),  (0.760943,  0.878307)
(3.538702,  0.571532,  -0.304427),  (0.714726,  0.812450)
(3.547374,  0.582156,  -0.304427),  (0.675550,  0.797002)
(3.515329,  0.674990,  -0.202370),  (0.526915,  0.795740)
(3.525204,  0.631279,  -0.157745),  (0.439687,  0.851238)
(3.504188,  0.661340,  -0.202370),  (0.547760,  0.843666)
(3.522434,  0.627885,  -0.157745),  (0.444869,  0.863154)
(3.504188,  0.661340,  -0.202370),  (0.547760,  0.843666)
(3.525204,  0.631279,  -0.157745),  (0.439687,  0.851238)
(3.528472,  0.679783,  -0.202370),  (0.515480,  0.430482)
(3.515329,  0.674990,  -0.202370),  (0.515481,  0.378608)
(3.515329,  0.674990,  -0.214557),  (0.501274,  0.378608)
(3.528472,  0.679783,  -0.202370),  (0.515480,  0.430482)
(3.515329,  0.674990,  -0.214557),  (0.501274,  0.378608)
(3.528472,  0.679783,  -0.214557),  (0.501274,  0.430482)
(3.515329,  0.558639,  -0.202370),  (0.179158,  0.294001)
(3.528472,  0.553846,  -0.202370),  (0.179158,  0.341924)
(3.528472,  0.553846,  -0.214557),  (0.193365,  0.341924)
(3.515329,  0.558639,  -0.202370),  (0.179158,  0.294001)
(3.528472,  0.553846,  -0.214557),  (0.193365,  0.341924)
(3.515329,  0.558639,  -0.214557),  (0.193365,  0.294001)
(3.541614,  0.674990,  -0.202370),  (0.515481,  0.478411)
(3.528472,  0.679783,  -0.202370),  (0.515480,  0.430482)
(3.528472,  0.679783,  -0.214557),  (0.501274,  0.430482)
(3.541614,  0.674990,  -0.202370),  (0.515481,  0.478411)
(3.528472,  0.679783,  -0.214557),  (0.501274,  0.430482)
(3.541614,  0.674990,  -0.214557),  (0.501274,  0.478411)
(3.504188,  0.572289,  -0.202370),  (0.193365,  0.441727)
(3.515329,  0.558639,  -0.202370),  (0.193365,  0.478408)
(3.515329,  0.558639,  -0.214557),  (0.207571,  0.478408)
(3.504188,  0.572289,  -0.202370),  (0.193365,  0.441727)
(3.515329,  0.558639,  -0.214557),  (0.207571,  0.478408)
(3.504188,  0.572289,  -0.214557),  (0.207570,  0.441727)
(3.552755,  0.661340,  -0.202370),  (0.501272,  0.330681)
(3.541614,  0.674990,  -0.202370),  (0.501274,  0.294000)
(3.541614,  0.674990,  -0.214557),  (0.487067,  0.294000)
(3.552755,  0.661340,  -0.202370),  (0.501272,  0.330681)
(3.541614,  0.674990,  -0.214557),  (0.487067,  0.294000)
(3.552755,  0.661340,  -0.214557),  (0.487065,  0.330682)
(3.496743,  0.592717,  -0.202370),  (0.193366,  0.393799)
(3.504188,  0.572289,  -0.202370),  (0.193365,  0.441727)
(3.504188,  0.572289,  -0.214557),  (0.207570,  0.441727)
(3.496743,  0.592717,  -0.202370),  (0.193366,  0.393799)
(3.504188,  0.572289,  -0.214557),  (0.207570,  0.441727)
(3.496743,  0.592717,  -0.214557),  (0.207569,  0.393799)
(3.560200,  0.640912,  -0.202370),  (0.501273,  0.378608)
(3.552755,  0.661340,  -0.202370),  (0.501272,  0.330681)
(3.552755,  0.661340,  -0.214557),  (0.487065,  0.330682)
(3.560200,  0.640912,  -0.202370),  (0.501273,  0.378608)
(3.552755,  0.661340,  -0.214557),  (0.487065,  0.330682)
(3.560200,  0.640912,  -0.214557),  (0.487067,  0.378608)
(3.496743,  0.592717,  -0.202370),  (0.193366,  0.393799)
(3.494129,  0.616814,  -0.214557),  (0.207570,  0.341924)
(3.494129,  0.616814,  -0.202370),  (0.193366,  0.341924)
(3.494129,  0.616814,  -0.214557),  (0.207570,  0.341924)
(3.496743,  0.592717,  -0.202370),  (0.193366,  0.393799)
(3.496743,  0.592717,  -0.214557),  (0.207569,  0.393799)
(3.560200,  0.592717,  -0.202370),  (0.501270,  0.478411)
(3.562815,  0.616814,  -0.202370),  (0.501274,  0.430484)
(3.562815,  0.616814,  -0.214557),  (0.487067,  0.430485)
(3.560200,  0.592717,  -0.202370),  (0.501270,  0.478411)
(3.562815,  0.616814,  -0.214557),  (0.487067,  0.430485)
(3.560200,  0.592717,  -0.214557),  (0.487066,  0.478411)
(3.562815,  0.616814,  -0.202370),  (0.501274,  0.430484)
(3.560200,  0.640912,  -0.202370),  (0.501273,  0.378608)
(3.560200,  0.640912,  -0.214557),  (0.487067,  0.378608)
(3.562815,  0.616814,  -0.202370),  (0.501274,  0.430484)
(3.560200,  0.640912,  -0.214557),  (0.487067,  0.378608)
(3.562815,  0.616814,  -0.214557),  (0.487067,  0.430485)
(3.494129,  0.616814,  -0.202370),  (0.193366,  0.341924)
(3.496743,  0.640912,  -0.214557),  (0.207571,  0.293997)
(3.496743,  0.640912,  -0.202370),  (0.193365,  0.293997)
(3.496743,  0.640912,  -0.214557),  (0.207571,  0.293997)
(3.494129,  0.616814,  -0.202370),  (0.193366,  0.341924)
(3.494129,  0.616814,  -0.214557),  (0.207570,  0.341924)
(3.552755,  0.572289,  -0.202370),  (0.179158,  0.441729)
(3.560200,  0.592717,  -0.202370),  (0.179158,  0.478408)
(3.560200,  0.592717,  -0.214557),  (0.193365,  0.478408)
(3.552755,  0.572289,  -0.202370),  (0.179158,  0.441729)
(3.560200,  0.592717,  -0.214557),  (0.193365,  0.478408)
(3.552755,  0.572289,  -0.214557),  (0.193364,  0.441729)
(3.504188,  0.661340,  -0.202370),  (0.515481,  0.330683)
(3.496743,  0.640912,  -0.202370),  (0.515481,  0.293997)
(3.496743,  0.640912,  -0.214557),  (0.501274,  0.293997)
(3.504188,  0.661340,  -0.202370),  (0.515481,  0.330683)
(3.496743,  0.640912,  -0.214557),  (0.501274,  0.293997)
(3.504188,  0.661340,  -0.214557),  (0.501274,  0.330683)
(3.541614,  0.558639,  -0.202370),  (0.179158,  0.393800)
(3.552755,  0.572289,  -0.202370),  (0.179158,  0.441729)
(3.552755,  0.572289,  -0.214557),  (0.193364,  0.441729)
(3.541614,  0.558639,  -0.202370),  (0.179158,  0.393800)
(3.552755,  0.572289,  -0.214557),  (0.193364,  0.441729)
(3.541614,  0.558639,  -0.214557),  (0.193365,  0.393800)
(3.515329,  0.674990,  -0.202370),  (0.515481,  0.378608)
(3.504188,  0.661340,  -0.202370),  (0.515481,  0.330683)
(3.504188,  0.661340,  -0.214557),  (0.501274,  0.330683)
(3.515329,  0.674990,  -0.202370),  (0.515481,  0.378608)
(3.504188,  0.661340,  -0.214557),  (0.501274,  0.330683)
(3.515329,  0.674990,  -0.214557),  (0.501274,  0.378608)
(3.528472,  0.553846,  -0.202370),  (0.179158,  0.341924)
(3.541614,  0.558639,  -0.202370),  (0.179158,  0.393800)
(3.541614,  0.558639,  -0.214557),  (0.193365,  0.393800)
(3.528472,  0.553846,  -0.202370),  (0.179158,  0.341924)
(3.541614,  0.558639,  -0.214557),  (0.193365,  0.393800)
(3.528472,  0.553846,  -0.214557),  (0.193365,  0.341924)
(3.536360,  0.610823,  -0.157745),  (0.376773,  0.863154)
(3.519933,  0.616814,  -0.157745),  (0.439685,  0.887969)
(3.537011,  0.616814,  -0.157745),  (0.381957,  0.851236)
(3.536360,  0.610823,  -0.157745),  (0.376773,  0.863154)
(3.534510,  0.605744,  -0.157745),  (0.376773,  0.876052)
(3.522434,  0.605744,  -0.157745),  (0.417593,  0.902025)
(3.520583,  0.610823,  -0.157745),  (0.430107,  0.897089)
(3.536360,  0.610823,  -0.157745),  (0.376773,  0.863154)
(3.522434,  0.605744,  -0.157745),  (0.417593,  0.902025)
(3.522434,  0.627885,  -0.157745),  (0.444869,  0.863154)
(3.536360,  0.622806,  -0.157745),  (0.391536,  0.842117)
(3.520583,  0.622806,  -0.157745),  (0.444869,  0.876052)
(3.531740,  0.631279,  -0.157745),  (0.417593,  0.837179)
(3.525204,  0.631279,  -0.157745),  (0.439687,  0.851238)
(3.528472,  0.632471,  -0.157745),  (0.430109,  0.842117)
(3.525204,  0.602350,  -0.157745),  (0.404050,  0.902025)
(3.531740,  0.602350,  -0.157745),  (0.381956,  0.887966)
(3.528472,  0.601158,  -0.157745),  (0.391533,  0.897089)
(3.531740,  0.602350,  -0.157745),  (0.381956,  0.887966)
(3.522434,  0.605744,  -0.157745),  (0.417593,  0.902025)
(3.534510,  0.605744,  -0.157745),  (0.376773,  0.876052)
(3.531740,  0.602350,  -0.157745),  (0.381956,  0.887966)
(3.525204,  0.602350,  -0.157745),  (0.404050,  0.902025)
(3.522434,  0.605744,  -0.157745),  (0.417593,  0.902025)
(3.519933,  0.616814,  -0.157745),  (0.439685,  0.887969)
(3.536360,  0.610823,  -0.157745),  (0.376773,  0.863154)
(3.520583,  0.610823,  -0.157745),  (0.430107,  0.897089)
(3.519933,  0.616814,  -0.157745),  (0.439685,  0.887969)
(3.536360,  0.622806,  -0.157745),  (0.391536,  0.842117)
(3.537011,  0.616814,  -0.157745),  (0.381957,  0.851236)
(3.536360,  0.622806,  -0.157745),  (0.391536,  0.842117)
(3.519933,  0.616814,  -0.157745),  (0.439685,  0.887969)
(3.520583,  0.622806,  -0.157745),  (0.444869,  0.876052)
(3.525204,  0.631279,  -0.157745),  (0.439687,  0.851238)
(3.531740,  0.631279,  -0.157745),  (0.417593,  0.837179)
(3.522434,  0.627885,  -0.157745),  (0.444869,  0.863154)
(3.534510,  0.627885,  -0.157745),  (0.404050,  0.837181)
(3.522434,  0.627885,  -0.157745),  (0.444869,  0.863154)
(3.531740,  0.631279,  -0.157745),  (0.417593,  0.837179)
(3.536360,  0.622806,  -0.157745),  (0.391536,  0.842117)
(3.522434,  0.627885,  -0.157745),  (0.444869,  0.863154)
(3.534510,  0.627885,  -0.157745),  (0.404050,  0.837181)
(3.528472,  0.553846,  -0.202370),  (0.333247,  0.980148)
(3.528472,  0.601158,  -0.157745),  (0.391533,  0.897089)
(3.541614,  0.558639,  -0.202370),  (0.294728,  0.943465)
(3.531740,  0.602350,  -0.157745),  (0.381956,  0.887966)
(3.541614,  0.558639,  -0.202370),  (0.294728,  0.943465)
(3.528472,  0.601158,  -0.157745),  (0.391533,  0.897089)
(3.528472,  0.679783,  -0.202370),  (0.488394,  0.759058)
(3.528472,  0.632471,  -0.157745),  (0.430109,  0.842117)
(3.515329,  0.674990,  -0.202370),  (0.526915,  0.795740)
(3.525204,  0.631279,  -0.157745),  (0.439687,  0.851238)
(3.515329,  0.674990,  -0.202370),  (0.526915,  0.795740)
(3.528472,  0.632471,  -0.157745),  (0.430109,  0.842117)
(3.528472,  0.601158,  -0.157745),  (0.391533,  0.897089)
(3.515329,  0.558639,  -0.202370),  (0.383579,  1.000000)
(3.525204,  0.602350,  -0.157745),  (0.404050,  0.902025)
(3.515329,  0.558639,  -0.202370),  (0.383579,  1.000000)
(3.528472,  0.601158,  -0.157745),  (0.391533,  0.897089)
(3.528472,  0.553846,  -0.202370),  (0.333247,  0.980148)
(3.528472,  0.632471,  -0.157745),  (0.430109,  0.842117)
(3.541614,  0.674990,  -0.202370),  (0.438064,  0.739205)
(3.531740,  0.631279,  -0.157745),  (0.417593,  0.837179)
(3.541614,  0.674990,  -0.202370),  (0.438064,  0.739205)
(3.528472,  0.632471,  -0.157745),  (0.430109,  0.842117)
(3.528472,  0.679783,  -0.202370),  (0.488394,  0.759058)
(3.525204,  0.602350,  -0.157745),  (0.404050,  0.902025)
(3.504188,  0.572289,  -0.202370),  (0.438055,  1.000000)
(3.522434,  0.605744,  -0.157745),  (0.417593,  0.902025)
(3.504188,  0.572289,  -0.202370),  (0.438055,  1.000000)
(3.525204,  0.602350,  -0.157745),  (0.404050,  0.902025)
(3.515329,  0.558639,  -0.202370),  (0.383579,  1.000000)
(3.531740,  0.631279,  -0.157745),  (0.417593,  0.837179)
(3.552755,  0.661340,  -0.202370),  (0.383586,  0.739205)
(3.534510,  0.627885,  -0.157745),  (0.404050,  0.837181)
(3.552755,  0.661340,  -0.202370),  (0.383586,  0.739205)
(3.531740,  0.631279,  -0.157745),  (0.417593,  0.837179)
(3.541614,  0.674990,  -0.202370),  (0.438064,  0.739205)
(3.522434,  0.605744,  -0.157745),  (0.417593,  0.902025)
(3.496743,  0.592717,  -0.202370),  (0.488389,  0.980151)
(3.520583,  0.610823,  -0.157745),  (0.430107,  0.897089)
(3.496743,  0.592717,  -0.202370),  (0.488389,  0.980151)
(3.522434,  0.605744,  -0.157745),  (0.417593,  0.902025)
(3.504188,  0.572289,  -0.202370),  (0.438055,  1.000000)
(3.534510,  0.627885,  -0.157745),  (0.404050,  0.837181)
(3.560200,  0.640912,  -0.202370),  (0.333252,  0.759055)
(3.536360,  0.622806,  -0.157745),  (0.391536,  0.842117)
(3.560200,  0.640912,  -0.202370),  (0.333252,  0.759055)
(3.534510,  0.627885,  -0.157745),  (0.404050,  0.837181)
(3.552755,  0.661340,  -0.202370),  (0.383586,  0.739205)
(3.520583,  0.610823,  -0.157745),  (0.430107,  0.897089)
(3.494129,  0.616814,  -0.202370),  (0.526914,  0.943470)
(3.519933,  0.616814,  -0.157745),  (0.439685,  0.887969)
(3.494129,  0.616814,  -0.202370),  (0.526914,  0.943470)
(3.520583,  0.610823,  -0.157745),  (0.430107,  0.897089)
(3.496743,  0.592717,  -0.202370),  (0.488389,  0.980151)
(3.537011,  0.616814,  -0.157745),  (0.381957,  0.851236)
(3.562815,  0.616814,  -0.202370),  (0.294729,  0.795736)
(3.536360,  0.610823,  -0.157745),  (0.376773,  0.863154)
(3.562815,  0.616814,  -0.202370),  (0.294729,  0.795736)
(3.560200,  0.592717,  -0.202370),  (0.273881,  0.843663)
(3.536360,  0.610823,  -0.157745),  (0.376773,  0.863154)
(3.536360,  0.622806,  -0.157745),  (0.391536,  0.842117)
(3.562815,  0.616814,  -0.202370),  (0.294729,  0.795736)
(3.537011,  0.616814,  -0.157745),  (0.381957,  0.851236)
(3.562815,  0.616814,  -0.202370),  (0.294729,  0.795736)
(3.536360,  0.622806,  -0.157745),  (0.391536,  0.842117)
(3.560200,  0.640912,  -0.202370),  (0.333252,  0.759055)
(3.519933,  0.616814,  -0.157745),  (0.439685,  0.887969)
(3.494129,  0.616814,  -0.202370),  (0.526914,  0.943470)
(3.520583,  0.622806,  -0.157745),  (0.444869,  0.876052)
(3.494129,  0.616814,  -0.202370),  (0.526914,  0.943470)
(3.496743,  0.640912,  -0.202370),  (0.547760,  0.895543)
(3.520583,  0.622806,  -0.157745),  (0.444869,  0.876052)
(3.552755,  0.572289,  -0.202370),  (0.273881,  0.895539)
(3.534510,  0.605744,  -0.157745),  (0.376773,  0.876052)
(3.560200,  0.592717,  -0.202370),  (0.273881,  0.843663)
(3.536360,  0.610823,  -0.157745),  (0.376773,  0.863154)
(3.560200,  0.592717,  -0.202370),  (0.273881,  0.843663)
(3.534510,  0.605744,  -0.157745),  (0.376773,  0.876052)
(3.504188,  0.661340,  -0.202370),  (0.547760,  0.843666)
(3.522434,  0.627885,  -0.157745),  (0.444869,  0.863154)
(3.496743,  0.640912,  -0.202370),  (0.547760,  0.895543)
(3.520583,  0.622806,  -0.157745),  (0.444869,  0.876052)
(3.496743,  0.640912,  -0.202370),  (0.547760,  0.895543)
(3.522434,  0.627885,  -0.157745),  (0.444869,  0.863154)
(3.541614,  0.558639,  -0.202370),  (0.294728,  0.943465)
(3.531740,  0.602350,  -0.157745),  (0.381956,  0.887966)
(3.552755,  0.572289,  -0.202370),  (0.273881,  0.895539)
(3.534510,  0.605744,  -0.157745),  (0.376773,  0.876052)
(3.552755,  0.572289,  -0.202370),  (0.273881,  0.895539)
(3.531740,  0.602350,  -0.157745),  (0.381956,  0.887966)
(3.541614,  0.558639,  -0.214557),  (0.438064,  0.478411)
(3.528472,  0.567801,  -0.222424),  (0.471202,  0.522763)
(3.528472,  0.553846,  -0.214557),  (0.488394,  0.498263)
(3.528472,  0.567801,  -0.222424),  (0.471202,  0.522763)
(3.541614,  0.558639,  -0.214557),  (0.438064,  0.478411)
(3.538702,  0.571532,  -0.222424),  (0.432024,  0.507310)
(3.515329,  0.674990,  -0.214557),  (0.383579,  0.739205)
(3.504188,  0.661340,  -0.214557),  (0.438055,  0.739205)
(3.518242,  0.662097,  -0.222424),  (0.389617,  0.710308)
(3.509570,  0.651473,  -0.222424),  (0.432021,  0.710308)
(3.518242,  0.662097,  -0.222424),  (0.389617,  0.710308)
(3.504188,  0.661340,  -0.214557),  (0.438055,  0.739205)
(3.541614,  0.558639,  -0.214557),  (0.438064,  0.478411)
(3.552755,  0.572289,  -0.214557),  (0.383586,  0.478411)
(3.538702,  0.571532,  -0.222424),  (0.432024,  0.507310)
(3.547374,  0.582156,  -0.222424),  (0.389622,  0.507310)
(3.538702,  0.571532,  -0.222424),  (0.432024,  0.507310)
(3.552755,  0.572289,  -0.214557),  (0.383586,  0.478411)
(3.504188,  0.661340,  -0.214557),  (0.438055,  0.739205)
(3.496743,  0.640912,  -0.214557),  (0.488389,  0.719356)
(3.509570,  0.651473,  -0.222424),  (0.432021,  0.710308)
(3.503775,  0.635571,  -0.222424),  (0.471199,  0.694858)
(3.509570,  0.651473,  -0.222424),  (0.432021,  0.710308)
(3.496743,  0.640912,  -0.214557),  (0.488389,  0.719356)
(3.552755,  0.572289,  -0.214557),  (0.383586,  0.478411)
(3.560200,  0.592717,  -0.214557),  (0.333252,  0.498262)
(3.547374,  0.582156,  -0.222424),  (0.389622,  0.507310)
(3.553169,  0.598058,  -0.222424),  (0.350443,  0.522760)
(3.547374,  0.582156,  -0.222424),  (0.389622,  0.507310)
(3.560200,  0.592717,  -0.214557),  (0.333252,  0.498262)
(3.494129,  0.616814,  -0.214557),  (0.526914,  0.682675)
(3.503775,  0.635571,  -0.222424),  (0.471199,  0.694858)
(3.496743,  0.640912,  -0.214557),  (0.488389,  0.719356)
(3.503775,  0.635571,  -0.222424),  (0.471199,  0.694858)
(3.494129,  0.616814,  -0.214557),  (0.526914,  0.682675)
(3.501740,  0.616814,  -0.222424),  (0.501185,  0.666305)
(3.562815,  0.616814,  -0.214557),  (0.294729,  0.534941)
(3.560200,  0.640912,  -0.214557),  (0.273881,  0.582868)
(3.553169,  0.635571,  -0.222424),  (0.304228,  0.588616)
(3.562815,  0.616814,  -0.214557),  (0.294729,  0.534941)
(3.553169,  0.635571,  -0.222424),  (0.304228,  0.588616)
(3.555203,  0.616814,  -0.222424),  (0.320458,  0.551311)
(3.562815,  0.616814,  -0.214557),  (0.294729,  0.534941)
(3.553169,  0.598058,  -0.222424),  (0.350443,  0.522760)
(3.560200,  0.592717,  -0.214557),  (0.333252,  0.498262)
(3.553169,  0.598058,  -0.222424),  (0.350443,  0.522760)
(3.562815,  0.616814,  -0.214557),  (0.294729,  0.534941)
(3.555203,  0.616814,  -0.222424),  (0.320458,  0.551311)
(3.494129,  0.616814,  -0.214557),  (0.526914,  0.682675)
(3.496743,  0.592717,  -0.214557),  (0.547760,  0.634750)
(3.503775,  0.598058,  -0.222424),  (0.517413,  0.629002)
(3.494129,  0.616814,  -0.214557),  (0.526914,  0.682675)
(3.503775,  0.598058,  -0.222424),  (0.517413,  0.629002)
(3.501740,  0.616814,  -0.222424),  (0.501185,  0.666305)
(3.560200,  0.640912,  -0.214557),  (0.273881,  0.582868)
(3.552755,  0.661340,  -0.214557),  (0.273881,  0.634745)
(3.547374,  0.651473,  -0.222424),  (0.304230,  0.628997)
(3.547374,  0.651473,  -0.222424),  (0.304230,  0.628997)
(3.553169,  0.635571,  -0.222424),  (0.304228,  0.588616)
(3.560200,  0.640912,  -0.214557),  (0.273881,  0.582868)
(3.496743,  0.592717,  -0.214557),  (0.547760,  0.634750)
(3.504188,  0.572289,  -0.214557),  (0.547760,  0.582871)
(3.509570,  0.582156,  -0.222424),  (0.517413,  0.588621)
(3.509570,  0.582156,  -0.222424),  (0.517413,  0.588621)
(3.503775,  0.598058,  -0.222424),  (0.517413,  0.629002)
(3.496743,  0.592717,  -0.214557),  (0.547760,  0.634750)
(3.541614,  0.674990,  -0.214557),  (0.294728,  0.682670)
(3.538702,  0.662097,  -0.222424),  (0.320455,  0.666301)
(3.552755,  0.661340,  -0.214557),  (0.273881,  0.634745)
(3.538702,  0.662097,  -0.222424),  (0.320455,  0.666301)
(3.547374,  0.651473,  -0.222424),  (0.304230,  0.628997)
(3.552755,  0.661340,  -0.214557),  (0.273881,  0.634745)
(3.515329,  0.558639,  -0.214557),  (0.526915,  0.534946)
(3.518242,  0.571532,  -0.222424),  (0.501186,  0.551316)
(3.504188,  0.572289,  -0.214557),  (0.547760,  0.582871)
(3.518242,  0.571532,  -0.222424),  (0.501186,  0.551316)
(3.509570,  0.582156,  -0.222424),  (0.517413,  0.588621)
(3.504188,  0.572289,  -0.214557),  (0.547760,  0.582871)
(3.538702,  0.662097,  -0.222424),  (0.320455,  0.666301)
(3.541614,  0.674990,  -0.214557),  (0.294728,  0.682670)
(3.528472,  0.665828,  -0.222424),  (0.350439,  0.694855)
(3.528472,  0.679783,  -0.214557),  (0.333247,  0.719353)
(3.528472,  0.665828,  -0.222424),  (0.350439,  0.694855)
(3.541614,  0.674990,  -0.214557),  (0.294728,  0.682670)
(3.518242,  0.571532,  -0.222424),  (0.501186,  0.551316)
(3.515329,  0.558639,  -0.214557),  (0.526915,  0.534946)
(3.528472,  0.567801,  -0.222424),  (0.471202,  0.522763)
(3.528472,  0.553846,  -0.214557),  (0.488394,  0.498263)
(3.528472,  0.567801,  -0.222424),  (0.471202,  0.522763)
(3.515329,  0.558639,  -0.214557),  (0.526915,  0.534946)
(3.515329,  0.674990,  -0.214557),  (0.383579,  0.739205)
(3.518242,  0.662097,  -0.222424),  (0.389617,  0.710308)
(3.528472,  0.665828,  -0.222424),  (0.350439,  0.694855)
(3.528472,  0.665828,  -0.222424),  (0.350439,  0.694855)
(3.528472,  0.679783,  -0.214557),  (0.333247,  0.719353)
(3.515329,  0.674990,  -0.214557),  (0.383579,  0.739205)
(3.518242,  0.662097,  -0.222424),  (0.616923,  0.521588)
(3.528472,  0.665828,  -0.304427),  (0.659329,  0.797000)
(3.528472,  0.665828,  -0.222424),  (0.659329,  0.521588)
(3.528472,  0.665828,  -0.304427),  (0.659329,  0.797000)
(3.518242,  0.662097,  -0.222424),  (0.616923,  0.521588)
(3.518242,  0.662097,  -0.304427),  (0.616923,  0.797000)
(3.528472,  0.567801,  -0.222424),  (0.586943,  0.521588)
(3.518242,  0.571532,  -0.304427),  (0.547760,  0.246176)
(3.518242,  0.571532,  -0.222424),  (0.547760,  0.521588)
(3.518242,  0.571532,  -0.304427),  (0.547760,  0.246176)
(3.528472,  0.567801,  -0.222424),  (0.586943,  0.521588)
(3.528472,  0.567801,  -0.304427),  (0.586940,  0.246176)
(3.528472,  0.665828,  -0.222424),  (0.659329,  0.521588)
(3.528472,  0.665828,  -0.304427),  (0.659329,  0.797000)
(3.538702,  0.662097,  -0.222424),  (0.698506,  0.521588)
(3.538702,  0.662097,  -0.222424),  (0.698506,  0.521588)
(3.528472,  0.665828,  -0.304427),  (0.659329,  0.797000)
(3.538702,  0.662097,  -0.304427),  (0.698512,  0.797000)
(3.518242,  0.571532,  -0.222424),  (0.150744,  0.478408)
(3.509570,  0.582156,  -0.304427),  (0.120760,  0.202996)
(3.509570,  0.582156,  -0.222424),  (0.120759,  0.478408)
(3.509570,  0.582156,  -0.304427),  (0.120760,  0.202996)
(3.518242,  0.571532,  -0.222424),  (0.150744,  0.478408)
(3.518242,  0.571532,  -0.304427),  (0.150744,  0.202996)
(3.538702,  0.662097,  -0.222424),  (0.849256,  0.521588)
(3.538702,  0.662097,  -0.304427),  (0.849256,  0.796999)
(3.547374,  0.651473,  -0.222424),  (0.879241,  0.521588)
(3.547374,  0.651473,  -0.222424),  (0.879241,  0.521588)
(3.538702,  0.662097,  -0.304427),  (0.849256,  0.796999)
(3.547374,  0.651472,  -0.304427),  (0.879241,  0.796999)
(3.509570,  0.582156,  -0.222424),  (0.120759,  0.478408)
(3.503775,  0.598058,  -0.304427),  (0.081582,  0.202996)
(3.503775,  0.598058,  -0.222424),  (0.081582,  0.478408)
(3.503775,  0.598058,  -0.304427),  (0.081582,  0.202996)
(3.509570,  0.582156,  -0.222424),  (0.120759,  0.478408)
(3.509570,  0.582156,  -0.304427),  (0.120760,  0.202996)
(3.547374,  0.651473,  -0.222424),  (0.879241,  0.521588)
(3.547374,  0.651472,  -0.304427),  (0.879241,  0.796999)
(3.553169,  0.635571,  -0.222424),  (0.918418,  0.521590)
(3.553169,  0.635571,  -0.222424),  (0.918418,  0.521590)
(3.547374,  0.651472,  -0.304427),  (0.879241,  0.796999)
(3.553169,  0.635571,  -0.304427),  (0.918419,  0.797000)
(3.503775,  0.598058,  -0.222424),  (0.081582,  0.478408)
(3.501740,  0.616814,  -0.304427),  (0.039178,  0.202996)
(3.501740,  0.616814,  -0.222424),  (0.039177,  0.478408)
(3.501740,  0.616814,  -0.304427),  (0.039178,  0.202996)
(3.503775,  0.598058,  -0.222424),  (0.081582,  0.478408)
(3.503775,  0.598058,  -0.304427),  (0.081582,  0.202996)
(3.555203,  0.616814,  -0.222424),  (0.960823,  0.521588)
(3.555203,  0.616814,  -0.304427),  (0.960823,  0.796999)
(3.553169,  0.598058,  -0.222424),  (1.000000,  0.521588)
(3.553169,  0.598058,  -0.222424),  (1.000000,  0.521588)
(3.555203,  0.616814,  -0.304427),  (0.960823,  0.796999)
(3.553169,  0.598058,  -0.304427),  (1.000000,  0.796997)
(3.553169,  0.635571,  -0.222424),  (0.918418,  0.521590)
(3.553169,  0.635571,  -0.304427),  (0.918419,  0.797000)
(3.555203,  0.616814,  -0.222424),  (0.960823,  0.521588)
(3.555203,  0.616814,  -0.222424),  (0.960823,  0.521588)
(3.553169,  0.635571,  -0.304427),  (0.918419,  0.797000)
(3.555203,  0.616814,  -0.304427),  (0.960823,  0.796999)
(3.501740,  0.616814,  -0.222424),  (0.039177,  0.478408)
(3.503775,  0.635571,  -0.304427),  (0.000000,  0.202997)
(3.503775,  0.635571,  -0.222424),  (0.000000,  0.478407)
(3.503775,  0.635571,  -0.304427),  (0.000000,  0.202997)
(3.501740,  0.616814,  -0.222424),  (0.039177,  0.478408)
(3.501740,  0.616814,  -0.304427),  (0.039178,  0.202996)
(3.553169,  0.598058,  -0.222424),  (0.698509,  0.521588)
(3.553169,  0.598058,  -0.304427),  (0.698506,  0.246176)
(3.547374,  0.582156,  -0.222424),  (0.668520,  0.521588)
(3.547374,  0.582156,  -0.222424),  (0.668520,  0.521588)
(3.553169,  0.598058,  -0.304427),  (0.698506,  0.246176)
(3.547374,  0.582156,  -0.304427),  (0.668520,  0.246176)
(3.503775,  0.635571,  -0.222424),  (0.547760,  0.521588)
(3.509570,  0.651473,  -0.304427),  (0.577746,  0.797000)
(3.509570,  0.651473,  -0.222424),  (0.577746,  0.521588)
(3.509570,  0.651473,  -0.304427),  (0.577746,  0.797000)
(3.503775,  0.635571,  -0.222424),  (0.547760,  0.521588)
(3.503775,  0.635571,  -0.304427),  (0.547760,  0.797000)
(3.547374,  0.582156,  -0.222424),  (0.668520,  0.521588)
(3.547374,  0.582156,  -0.304427),  (0.668520,  0.246176)
(3.538702,  0.571532,  -0.222424),  (0.629344,  0.521588)
(3.538702,  0.571532,  -0.222424),  (0.629344,  0.521588)
(3.547374,  0.582156,  -0.304427),  (0.668520,  0.246176)
(3.538702,  0.571532,  -0.304427),  (0.629347,  0.246176)
(3.509570,  0.651473,  -0.222424),  (0.577746,  0.521588)
(3.518242,  0.662097,  -0.304427),  (0.616923,  0.797000)
(3.518242,  0.662097,  -0.222424),  (0.616923,  0.521588)
(3.518242,  0.662097,  -0.304427),  (0.616923,  0.797000)
(3.509570,  0.651473,  -0.222424),  (0.577746,  0.521588)
(3.509570,  0.651473,  -0.304427),  (0.577746,  0.797000)
(3.538702,  0.571532,  -0.222424),  (0.629344,  0.521588)
(3.538702,  0.571532,  -0.304427),  (0.629347,  0.246176)
(3.528472,  0.567801,  -0.222424),  (0.586943,  0.521588)
(3.528472,  0.567801,  -0.222424),  (0.586943,  0.521588)
(3.538702,  0.571532,  -0.304427),  (0.629347,  0.246176)
(3.528472,  0.567801,  -0.304427),  (0.586940,  0.246176)
(-3.551630,  0.651473,  -0.292019),  (0.359270,  0.478411)
(-3.522497,  0.662097,  -0.292019),  (0.273881,  0.397101)
(-3.542957,  0.662097,  -0.292019),  (0.320093,  0.462958)
(-3.513825,  0.651472,  -0.292019),  (0.273881,  0.356722)
(-3.557424,  0.635571,  -0.292019),  (0.401675,  0.478411)
(-3.508030,  0.635571,  -0.292019),  (0.290109,  0.319417)
(-3.513825,  0.582156,  -0.292019),  (0.401675,  0.275412)
(-3.508030,  0.598058,  -0.292019),  (0.359270,  0.275412)
(-3.557424,  0.598058,  -0.292019),  (0.470837,  0.434406)
(-3.557424,  0.598058,  -0.292019),  (0.470837,  0.434406)
(-3.551630,  0.582156,  -0.292019),  (0.487065,  0.397101)
(-3.513825,  0.582156,  -0.292019),  (0.401675,  0.275412)
(-3.508030,  0.598058,  -0.292019),  (0.359270,  0.275412)
(-3.559459,  0.616814,  -0.292019),  (0.440852,  0.462958)
(-3.557424,  0.598058,  -0.292019),  (0.470837,  0.434406)
(-3.559459,  0.616814,  -0.292019),  (0.440852,  0.462958)
(-3.508030,  0.598058,  -0.292019),  (0.359270,  0.275412)
(-3.505995,  0.616814,  -0.292019),  (0.320093,  0.290864)
(-3.508030,  0.635571,  -0.292019),  (0.290109,  0.319417)
(-3.559459,  0.616814,  -0.292019),  (0.440852,  0.462958)
(-3.505995,  0.616814,  -0.292019),  (0.320093,  0.290864)
(-3.522497,  0.662097,  -0.292019),  (0.273881,  0.397101)
(-3.551630,  0.651473,  -0.292019),  (0.359270,  0.478411)
(-3.513825,  0.651472,  -0.292019),  (0.273881,  0.356722)
(-3.542957,  0.662097,  -0.292019),  (0.320093,  0.462958)
(-3.522497,  0.662097,  -0.292019),  (0.273881,  0.397101)
(-3.532727,  0.665828,  -0.292019),  (0.290108,  0.434406)
(-3.557424,  0.635571,  -0.292019),  (0.401675,  0.478411)
(-3.513825,  0.651472,  -0.292019),  (0.273881,  0.356722)
(-3.551630,  0.651473,  -0.292019),  (0.359270,  0.478411)
(-3.559459,  0.616814,  -0.292019),  (0.440852,  0.462958)
(-3.508030,  0.635571,  -0.292019),  (0.290109,  0.319417)
(-3.557424,  0.635571,  -0.292019),  (0.401675,  0.478411)
(-3.522497,  0.571532,  -0.292019),  (0.440852,  0.290864)
(-3.542957,  0.571532,  -0.292019),  (0.487065,  0.356722)
(-3.532727,  0.567801,  -0.292019),  (0.470837,  0.319417)
(-3.542957,  0.571532,  -0.292019),  (0.487065,  0.356722)
(-3.513825,  0.582156,  -0.292019),  (0.401675,  0.275412)
(-3.551630,  0.582156,  -0.292019),  (0.487065,  0.397101)
(-3.542957,  0.571532,  -0.292019),  (0.487065,  0.356722)
(-3.522497,  0.571532,  -0.292019),  (0.440852,  0.290864)
(-3.513825,  0.582156,  -0.292019),  (0.401675,  0.275412)
(-3.545870,  0.674990,  -0.202370),  (0.164180,  0.739204)
(-3.535995,  0.631279,  -0.157745),  (0.143713,  0.837180)
(-3.557011,  0.661340,  -0.202370),  (0.214511,  0.759056)
(-3.538765,  0.627885,  -0.157745),  (0.156227,  0.842116)
(-3.557011,  0.661340,  -0.202370),  (0.214511,  0.759056)
(-3.535995,  0.631279,  -0.157745),  (0.143713,  0.837180)
(-3.532727,  0.679783,  -0.202370),  (0.529688,  0.430484)
(-3.545870,  0.674990,  -0.202370),  (0.529688,  0.378609)
(-3.545870,  0.674990,  -0.214557),  (0.515481,  0.378609)
(-3.532727,  0.679783,  -0.202370),  (0.529688,  0.430484)
(-3.545870,  0.674990,  -0.214557),  (0.515481,  0.378609)
(-3.532727,  0.679783,  -0.214557),  (0.515481,  0.430484)
(-3.545870,  0.558639,  -0.202370),  (0.150744,  0.293998)
(-3.532727,  0.553846,  -0.202370),  (0.150744,  0.341924)
(-3.532727,  0.553846,  -0.214557),  (0.164951,  0.341924)
(-3.545870,  0.558639,  -0.202370),  (0.150744,  0.293998)
(-3.532727,  0.553846,  -0.214557),  (0.164951,  0.341924)
(-3.545870,  0.558639,  -0.214557),  (0.164951,  0.293998)
(-3.519585,  0.674990,  -0.202370),  (0.529688,  0.478411)
(-3.532727,  0.679783,  -0.202370),  (0.529688,  0.430484)
(-3.532727,  0.679783,  -0.214557),  (0.515481,  0.430484)
(-3.519585,  0.674990,  -0.202370),  (0.529688,  0.478411)
(-3.532727,  0.679783,  -0.214557),  (0.515481,  0.430484)
(-3.519585,  0.674990,  -0.214557),  (0.515481,  0.478411)
(-3.557011,  0.572289,  -0.202370),  (0.529688,  0.441729)
(-3.545870,  0.558639,  -0.202370),  (0.529688,  0.478411)
(-3.545870,  0.558639,  -0.214557),  (0.543894,  0.478411)
(-3.557011,  0.572289,  -0.202370),  (0.529688,  0.441729)
(-3.545870,  0.558639,  -0.214557),  (0.543894,  0.478411)
(-3.557011,  0.572289,  -0.214557),  (0.543894,  0.441729)
(-3.508443,  0.661340,  -0.202370),  (0.164951,  0.441727)
(-3.519585,  0.674990,  -0.202370),  (0.164951,  0.478408)
(-3.519585,  0.674990,  -0.214557),  (0.179158,  0.478408)
(-3.508443,  0.661340,  -0.202370),  (0.164951,  0.441727)
(-3.519585,  0.674990,  -0.214557),  (0.179158,  0.478408)
(-3.508443,  0.661340,  -0.214557),  (0.179158,  0.441727)
(-3.557011,  0.572289,  -0.202370),  (0.529688,  0.441729)
(-3.564456,  0.592717,  -0.214557),  (0.543894,  0.393802)
(-3.564456,  0.592717,  -0.202370),  (0.529688,  0.393802)
(-3.564456,  0.592717,  -0.214557),  (0.543894,  0.393802)
(-3.557011,  0.572289,  -0.202370),  (0.529688,  0.441729)
(-3.557011,  0.572289,  -0.214557),  (0.543894,  0.441729)
(-3.500998,  0.640912,  -0.202370),  (0.164951,  0.393800)
(-3.508443,  0.661340,  -0.202370),  (0.164951,  0.441727)
(-3.508443,  0.661340,  -0.214557),  (0.179158,  0.441727)
(-3.500998,  0.640912,  -0.202370),  (0.164951,  0.393800)
(-3.508443,  0.661340,  -0.214557),  (0.179158,  0.441727)
(-3.500998,  0.640912,  -0.214557),  (0.179158,  0.393800)
(-3.564456,  0.592717,  -0.202370),  (0.529688,  0.393802)
(-3.567070,  0.616814,  -0.214557),  (0.543894,  0.341927)
(-3.567070,  0.616814,  -0.202370),  (0.529688,  0.341927)
(-3.567070,  0.616814,  -0.214557),  (0.543894,  0.341927)
(-3.564456,  0.592717,  -0.202370),  (0.529688,  0.393802)
(-3.564456,  0.592717,  -0.214557),  (0.543894,  0.393802)
(-3.500998,  0.592717,  -0.202370),  (0.164951,  0.293998)
(-3.498384,  0.616814,  -0.202370),  (0.164951,  0.341924)
(-3.498384,  0.616814,  -0.214557),  (0.179158,  0.341924)
(-3.500998,  0.592717,  -0.202370),  (0.164951,  0.293998)
(-3.498384,  0.616814,  -0.214557),  (0.179158,  0.341924)
(-3.500998,  0.592717,  -0.214557),  (0.179158,  0.293998)
(-3.498384,  0.616814,  -0.202370),  (0.164951,  0.341924)
(-3.500998,  0.640912,  -0.202370),  (0.164951,  0.393800)
(-3.500998,  0.640912,  -0.214557),  (0.179158,  0.393800)
(-3.498384,  0.616814,  -0.202370),  (0.164951,  0.341924)
(-3.500998,  0.640912,  -0.214557),  (0.179158,  0.393800)
(-3.498384,  0.616814,  -0.214557),  (0.179158,  0.341924)
(-3.564456,  0.640912,  -0.202370),  (0.529688,  0.294000)
(-3.567070,  0.616814,  -0.202370),  (0.529688,  0.341927)
(-3.567070,  0.616814,  -0.214557),  (0.543894,  0.341927)
(-3.564456,  0.640912,  -0.202370),  (0.529688,  0.294000)
(-3.567070,  0.616814,  -0.214557),  (0.543894,  0.341927)
(-3.564456,  0.640912,  -0.214557),  (0.543894,  0.294000)
(-3.508443,  0.572289,  -0.202370),  (0.150744,  0.441727)
(-3.500998,  0.592717,  -0.202370),  (0.150744,  0.478408)
(-3.500998,  0.592717,  -0.214557),  (0.164951,  0.478408)
(-3.508443,  0.572289,  -0.202370),  (0.150744,  0.441727)
(-3.500998,  0.592717,  -0.214557),  (0.164951,  0.478408)
(-3.508443,  0.572289,  -0.214557),  (0.164951,  0.441727)
(-3.557011,  0.661340,  -0.202370),  (0.529688,  0.330682)
(-3.564456,  0.640912,  -0.202370),  (0.529688,  0.294000)
(-3.564456,  0.640912,  -0.214557),  (0.515481,  0.294000)
(-3.557011,  0.661340,  -0.202370),  (0.529688,  0.330682)
(-3.564456,  0.640912,  -0.214557),  (0.515481,  0.294000)
(-3.557011,  0.661340,  -0.214557),  (0.515481,  0.330682)
(-3.519585,  0.558639,  -0.202370),  (0.150744,  0.393800)
(-3.508443,  0.572289,  -0.202370),  (0.150744,  0.441727)
(-3.508443,  0.572289,  -0.214557),  (0.164951,  0.441727)
(-3.519585,  0.558639,  -0.202370),  (0.150744,  0.393800)
(-3.508443,  0.572289,  -0.214557),  (0.164951,  0.441727)
(-3.519585,  0.558639,  -0.214557),  (0.164951,  0.393800)
(-3.545870,  0.674990,  -0.202370),  (0.529688,  0.378609)
(-3.557011,  0.661340,  -0.202370),  (0.529688,  0.330682)
(-3.557011,  0.661340,  -0.214557),  (0.515481,  0.330682)
(-3.545870,  0.674990,  -0.202370),  (0.529688,  0.378609)
(-3.557011,  0.661340,  -0.214557),  (0.515481,  0.330682)
(-3.545870,  0.674990,  -0.214557),  (0.515481,  0.378609)
(-3.532727,  0.553846,  -0.202370),  (0.150744,  0.341924)
(-3.519585,  0.558639,  -0.202370),  (0.150744,  0.393800)
(-3.519585,  0.558639,  -0.214557),  (0.164951,  0.393800)
(-3.532727,  0.553846,  -0.202370),  (0.150744,  0.341924)
(-3.519585,  0.558639,  -0.214557),  (0.164951,  0.393800)
(-3.532727,  0.553846,  -0.214557),  (0.164951,  0.341924)
(-3.524838,  0.610823,  -0.157745),  (0.108075,  0.887968)
(-3.541266,  0.616814,  -0.157745),  (0.170989,  0.863153)
(-3.524188,  0.616814,  -0.157745),  (0.102892,  0.876051)
(-3.526689,  0.605744,  -0.157745),  (0.117653,  0.897088)
(-3.540616,  0.610823,  -0.157745),  (0.170989,  0.876051)
(-3.524838,  0.610823,  -0.157745),  (0.108075,  0.887968)
(-3.540616,  0.610823,  -0.157745),  (0.170989,  0.876051)
(-3.526689,  0.605744,  -0.157745),  (0.117653,  0.897088)
(-3.538765,  0.605744,  -0.157745),  (0.165806,  0.887968)
(-3.526689,  0.627885,  -0.157745),  (0.108075,  0.851236)
(-3.540616,  0.622806,  -0.157745),  (0.165806,  0.851236)
(-3.538765,  0.627885,  -0.157745),  (0.156227,  0.842116)
(-3.529459,  0.631279,  -0.157745),  (0.117653,  0.842116)
(-3.535995,  0.631279,  -0.157745),  (0.143713,  0.837180)
(-3.532727,  0.632471,  -0.157745),  (0.130168,  0.837180)
(-3.535995,  0.602350,  -0.157745),  (0.156227,  0.897088)
(-3.529459,  0.602350,  -0.157745),  (0.130168,  0.902024)
(-3.532727,  0.601158,  -0.157745),  (0.143713,  0.902024)
(-3.529459,  0.602350,  -0.157745),  (0.130168,  0.902024)
(-3.538765,  0.605744,  -0.157745),  (0.165806,  0.887968)
(-3.526689,  0.605744,  -0.157745),  (0.117653,  0.897088)
(-3.529459,  0.602350,  -0.157745),  (0.130168,  0.902024)
(-3.535995,  0.602350,  -0.157745),  (0.156227,  0.897088)
(-3.538765,  0.605744,  -0.157745),  (0.165806,  0.887968)
(-3.541266,  0.616814,  -0.157745),  (0.170989,  0.863153)
(-3.524838,  0.610823,  -0.157745),  (0.108075,  0.887968)
(-3.540616,  0.610823,  -0.157745),  (0.170989,  0.876051)
(-3.541266,  0.616814,  -0.157745),  (0.170989,  0.863153)
(-3.524838,  0.622806,  -0.157745),  (0.102892,  0.863153)
(-3.524188,  0.616814,  -0.157745),  (0.102892,  0.876051)
(-3.524838,  0.622806,  -0.157745),  (0.102892,  0.863153)
(-3.541266,  0.616814,  -0.157745),  (0.170989,  0.863153)
(-3.540616,  0.622806,  -0.157745),  (0.165806,  0.851236)
(-3.535995,  0.631279,  -0.157745),  (0.143713,  0.837180)
(-3.529459,  0.631279,  -0.157745),  (0.117653,  0.842116)
(-3.538765,  0.627885,  -0.157745),  (0.156227,  0.842116)
(-3.526689,  0.627885,  -0.157745),  (0.108075,  0.851236)
(-3.538765,  0.627885,  -0.157745),  (0.156227,  0.842116)
(-3.529459,  0.631279,  -0.157745),  (0.117653,  0.842116)
(-3.524838,  0.622806,  -0.157745),  (0.102892,  0.863153)
(-3.540616,  0.622806,  -0.157745),  (0.165806,  0.851236)
(-3.526689,  0.627885,  -0.157745),  (0.108075,  0.851236)
(-3.532727,  0.553846,  -0.202370),  (0.164180,  1.000000)
(-3.532727,  0.601158,  -0.157745),  (0.143713,  0.902024)
(-3.519585,  0.558639,  -0.202370),  (0.109701,  1.000000)
(-3.529459,  0.602350,  -0.157745),  (0.130168,  0.902024)
(-3.519585,  0.558639,  -0.202370),  (0.109701,  1.000000)
(-3.532727,  0.601158,  -0.157745),  (0.143713,  0.902024)
(-3.532727,  0.679783,  -0.202370),  (0.109701,  0.739204)
(-3.532727,  0.632471,  -0.157745),  (0.130168,  0.837180)
(-3.545870,  0.674990,  -0.202370),  (0.164180,  0.739204)
(-3.535995,  0.631279,  -0.157745),  (0.143713,  0.837180)
(-3.545870,  0.674990,  -0.202370),  (0.164180,  0.739204)
(-3.532727,  0.632471,  -0.157745),  (0.130168,  0.837180)
(-3.532727,  0.601158,  -0.157745),  (0.143713,  0.902024)
(-3.545870,  0.558639,  -0.202370),  (0.214511,  0.980148)
(-3.535995,  0.602350,  -0.157745),  (0.156227,  0.897088)
(-3.545870,  0.558639,  -0.202370),  (0.214511,  0.980148)
(-3.532727,  0.601158,  -0.157745),  (0.143713,  0.902024)
(-3.532727,  0.553846,  -0.202370),  (0.164180,  1.000000)
(-3.532727,  0.632471,  -0.157745),  (0.130168,  0.837180)
(-3.519585,  0.674990,  -0.202370),  (0.059370,  0.759056)
(-3.529459,  0.631279,  -0.157745),  (0.117653,  0.842116)
(-3.519585,  0.674990,  -0.202370),  (0.059370,  0.759056)
(-3.532727,  0.632471,  -0.157745),  (0.130168,  0.837180)
(-3.532727,  0.679783,  -0.202370),  (0.109701,  0.739204)
(-3.535995,  0.602350,  -0.157745),  (0.156227,  0.897088)
(-3.557011,  0.572289,  -0.202370),  (0.253033,  0.943467)
(-3.538765,  0.605744,  -0.157745),  (0.165806,  0.887968)
(-3.557011,  0.572289,  -0.202370),  (0.253033,  0.943467)
(-3.535995,  0.602350,  -0.157745),  (0.156227,  0.897088)
(-3.545870,  0.558639,  -0.202370),  (0.214511,  0.980148)
(-3.529459,  0.631279,  -0.157745),  (0.117653,  0.842116)
(-3.508443,  0.661340,  -0.202370),  (0.020848,  0.795738)
(-3.526689,  0.627885,  -0.157745),  (0.108075,  0.851236)
(-3.508443,  0.661340,  -0.202370),  (0.020848,  0.795738)
(-3.529459,  0.631279,  -0.157745),  (0.117653,  0.842116)
(-3.519585,  0.674990,  -0.202370),  (0.059370,  0.759056)
(-3.538765,  0.605744,  -0.157745),  (0.165806,  0.887968)
(-3.564456,  0.592717,  -0.202370),  (0.273881,  0.895540)
(-3.540616,  0.610823,  -0.157745),  (0.170989,  0.876051)
(-3.564456,  0.592717,  -0.202370),  (0.273881,  0.895540)
(-3.538765,  0.605744,  -0.157745),  (0.165806,  0.887968)
(-3.557011,  0.572289,  -0.202370),  (0.253033,  0.943467)
(-3.526689,  0.627885,  -0.157745),  (0.108075,  0.851236)
(-3.500998,  0.640912,  -0.202370),  (0.000000,  0.843664)
(-3.524838,  0.622806,  -0.157745),  (0.102892,  0.863153)
(-3.500998,  0.640912,  -0.202370),  (0.000000,  0.843664)
(-3.526689,  0.627885,  -0.157745),  (0.108075,  0.851236)
(-3.508443,  0.661340,  -0.202370),  (0.020848,  0.795738)
(-3.540616,  0.610823,  -0.157745),  (0.170989,  0.876051)
(-3.567070,  0.616814,  -0.202370),  (0.273881,  0.843664)
(-3.541266,  0.616814,  -0.157745),  (0.170989,  0.863153)
(-3.567070,  0.616814,  -0.202370),  (0.273881,  0.843664)
(-3.540616,  0.610823,  -0.157745),  (0.170989,  0.876051)
(-3.564456,  0.592717,  -0.202370),  (0.273881,  0.895540)
(-3.524188,  0.616814,  -0.157745),  (0.102892,  0.876051)
(-3.498384,  0.616814,  -0.202370),  (0.000000,  0.895540)
(-3.524838,  0.610823,  -0.157745),  (0.108075,  0.887968)
(-3.498384,  0.616814,  -0.202370),  (0.000000,  0.895540)
(-3.500998,  0.592717,  -0.202370),  (0.020848,  0.943467)
(-3.524838,  0.610823,  -0.157745),  (0.108075,  0.887968)
(-3.524838,  0.622806,  -0.157745),  (0.102892,  0.863153)
(-3.498384,  0.616814,  -0.202370),  (0.000000,  0.895540)
(-3.524188,  0.616814,  -0.157745),  (0.102892,  0.876051)
(-3.498384,  0.616814,  -0.202370),  (0.000000,  0.895540)
(-3.524838,  0.622806,  -0.157745),  (0.102892,  0.863153)
(-3.500998,  0.640912,  -0.202370),  (0.000000,  0.843664)
(-3.541266,  0.616814,  -0.157745),  (0.170989,  0.863153)
(-3.567070,  0.616814,  -0.202370),  (0.273881,  0.843664)
(-3.540616,  0.622806,  -0.157745),  (0.165806,  0.851236)
(-3.567070,  0.616814,  -0.202370),  (0.273881,  0.843664)
(-3.564456,  0.640912,  -0.202370),  (0.253033,  0.795738)
(-3.540616,  0.622806,  -0.157745),  (0.165806,  0.851236)
(-3.508443,  0.572289,  -0.202370),  (0.059370,  0.980148)
(-3.526689,  0.605744,  -0.157745),  (0.117653,  0.897088)
(-3.500998,  0.592717,  -0.202370),  (0.020848,  0.943467)
(-3.524838,  0.610823,  -0.157745),  (0.108075,  0.887968)
(-3.500998,  0.592717,  -0.202370),  (0.020848,  0.943467)
(-3.526689,  0.605744,  -0.157745),  (0.117653,  0.897088)
(-3.557011,  0.661340,  -0.202370),  (0.214511,  0.759056)
(-3.538765,  0.627885,  -0.157745),  (0.156227,  0.842116)
(-3.564456,  0.640912,  -0.202370),  (0.253033,  0.795738)
(-3.540616,  0.622806,  -0.157745),  (0.165806,  0.851236)
(-3.564456,  0.640912,  -0.202370),  (0.253033,  0.795738)
(-3.538765,  0.627885,  -0.157745),  (0.156227,  0.842116)
(-3.519585,  0.558639,  -0.202370),  (0.109701,  1.000000)
(-3.529459,  0.602350,  -0.157745),  (0.130168,  0.902024)
(-3.508443,  0.572289,  -0.202370),  (0.059370,  0.980148)
(-3.526689,  0.605744,  -0.157745),  (0.117653,  0.897088)
(-3.508443,  0.572289,  -0.202370),  (0.059370,  0.980148)
(-3.529459,  0.602350,  -0.157745),  (0.130168,  0.902024)
(-3.519585,  0.558639,  -0.214557),  (0.273881,  0.634744)
(-3.532727,  0.567801,  -0.222424),  (0.227305,  0.666301)
(-3.532727,  0.553846,  -0.214557),  (0.253033,  0.682671)
(-3.532727,  0.567801,  -0.222424),  (0.227305,  0.666301)
(-3.519585,  0.558639,  -0.214557),  (0.273881,  0.634744)
(-3.522497,  0.571532,  -0.222424),  (0.243532,  0.628996)
(-3.545870,  0.674990,  -0.214557),  (0.000000,  0.582869)
(-3.557011,  0.661340,  -0.214557),  (0.000000,  0.634744)
(-3.542957,  0.662097,  -0.222424),  (0.030348,  0.588617)
(-3.551630,  0.651473,  -0.222424),  (0.030348,  0.628996)
(-3.542957,  0.662097,  -0.222424),  (0.030348,  0.588617)
(-3.557011,  0.661340,  -0.214557),  (0.000000,  0.634744)
(-3.519585,  0.558639,  -0.214557),  (0.273881,  0.634744)
(-3.508443,  0.572289,  -0.214557),  (0.273881,  0.582868)
(-3.522497,  0.571532,  -0.222424),  (0.243532,  0.628996)
(-3.513825,  0.582156,  -0.222424),  (0.243532,  0.588617)
(-3.522497,  0.571532,  -0.222424),  (0.243532,  0.628996)
(-3.508443,  0.572289,  -0.214557),  (0.273881,  0.582868)
(-3.557011,  0.661340,  -0.214557),  (0.000000,  0.634744)
(-3.564456,  0.640912,  -0.214557),  (0.020848,  0.682671)
(-3.551630,  0.651473,  -0.222424),  (0.030348,  0.628996)
(-3.557424,  0.635571,  -0.222424),  (0.046576,  0.666301)
(-3.551630,  0.651473,  -0.222424),  (0.030348,  0.628996)
(-3.564456,  0.640912,  -0.214557),  (0.020848,  0.682671)
(-3.508443,  0.572289,  -0.214557),  (0.273881,  0.582868)
(-3.500998,  0.592717,  -0.214557),  (0.253033,  0.534942)
(-3.513825,  0.582156,  -0.222424),  (0.243532,  0.588617)
(-3.508030,  0.598058,  -0.222424),  (0.227305,  0.551311)
(-3.513825,  0.582156,  -0.222424),  (0.243532,  0.588617)
(-3.500998,  0.592717,  -0.214557),  (0.253033,  0.534942)
(-3.567070,  0.616814,  -0.214557),  (0.059370,  0.719352)
(-3.557424,  0.635571,  -0.222424),  (0.046576,  0.666301)
(-3.564456,  0.640912,  -0.214557),  (0.020848,  0.682671)
(-3.557424,  0.635571,  -0.222424),  (0.046576,  0.666301)
(-3.567070,  0.616814,  -0.214557),  (0.059370,  0.719352)
(-3.559459,  0.616814,  -0.222424),  (0.076561,  0.694853)
(-3.498384,  0.616814,  -0.214557),  (0.214511,  0.498260)
(-3.500998,  0.640912,  -0.214557),  (0.164180,  0.478408)
(-3.508030,  0.635571,  -0.222424),  (0.158143,  0.507307)
(-3.498384,  0.616814,  -0.214557),  (0.214511,  0.498260)
(-3.508030,  0.635571,  -0.222424),  (0.158143,  0.507307)
(-3.505995,  0.616814,  -0.222424),  (0.197320,  0.522759)
(-3.498384,  0.616814,  -0.214557),  (0.214511,  0.498260)
(-3.508030,  0.598058,  -0.222424),  (0.227305,  0.551311)
(-3.500998,  0.592717,  -0.214557),  (0.253033,  0.534942)
(-3.508030,  0.598058,  -0.222424),  (0.227305,  0.551311)
(-3.498384,  0.616814,  -0.214557),  (0.214511,  0.498260)
(-3.505995,  0.616814,  -0.222424),  (0.197320,  0.522759)
(-3.567070,  0.616814,  -0.214557),  (0.059370,  0.719352)
(-3.564456,  0.592717,  -0.214557),  (0.109701,  0.739204)
(-3.557424,  0.598058,  -0.222424),  (0.115738,  0.710306)
(-3.567070,  0.616814,  -0.214557),  (0.059370,  0.719352)
(-3.557424,  0.598058,  -0.222424),  (0.115738,  0.710306)
(-3.559459,  0.616814,  -0.222424),  (0.076561,  0.694853)
(-3.500998,  0.640912,  -0.214557),  (0.164180,  0.478408)
(-3.508443,  0.661340,  -0.214557),  (0.109701,  0.478408)
(-3.513825,  0.651473,  -0.222424),  (0.115738,  0.507307)
(-3.513825,  0.651473,  -0.222424),  (0.115738,  0.507307)
(-3.508030,  0.635571,  -0.222424),  (0.158143,  0.507307)
(-3.500998,  0.640912,  -0.214557),  (0.164180,  0.478408)
(-3.564456,  0.592717,  -0.214557),  (0.109701,  0.739204)
(-3.557011,  0.572289,  -0.214557),  (0.164180,  0.739204)
(-3.551630,  0.582156,  -0.222424),  (0.158143,  0.710306)
(-3.551630,  0.582156,  -0.222424),  (0.158143,  0.710306)
(-3.557424,  0.598058,  -0.222424),  (0.115738,  0.710306)
(-3.564456,  0.592717,  -0.214557),  (0.109701,  0.739204)
(-3.519585,  0.674990,  -0.214557),  (0.059370,  0.498260)
(-3.522497,  0.662097,  -0.222424),  (0.076561,  0.522759)
(-3.508443,  0.661340,  -0.214557),  (0.109701,  0.478408)
(-3.522497,  0.662097,  -0.222424),  (0.076561,  0.522759)
(-3.513825,  0.651473,  -0.222424),  (0.115738,  0.507307)
(-3.508443,  0.661340,  -0.214557),  (0.109701,  0.478408)
(-3.545870,  0.558639,  -0.214557),  (0.214511,  0.719352)
(-3.542957,  0.571532,  -0.222424),  (0.197320,  0.694853)
(-3.557011,  0.572289,  -0.214557),  (0.164180,  0.739204)
(-3.542957,  0.571532,  -0.222424),  (0.197320,  0.694853)
(-3.551630,  0.582156,  -0.222424),  (0.158143,  0.710306)
(-3.557011,  0.572289,  -0.214557),  (0.164180,  0.739204)
(-3.522497,  0.662097,  -0.222424),  (0.076561,  0.522759)
(-3.519585,  0.674990,  -0.214557),  (0.059370,  0.498260)
(-3.532727,  0.665828,  -0.222424),  (0.046576,  0.551311)
(-3.532727,  0.679783,  -0.214557),  (0.020848,  0.534942)
(-3.532727,  0.665828,  -0.222424),  (0.046576,  0.551311)
(-3.519585,  0.674990,  -0.214557),  (0.059370,  0.498260)
(-3.542957,  0.571532,  -0.222424),  (0.197320,  0.694853)
(-3.545870,  0.558639,  -0.214557),  (0.214511,  0.719352)
(-3.532727,  0.567801,  -0.222424),  (0.227305,  0.666301)
(-3.532727,  0.553846,  -0.214557),  (0.253033,  0.682671)
(-3.532727,  0.567801,  -0.222424),  (0.227305,  0.666301)
(-3.545870,  0.558639,  -0.214557),  (0.214511,  0.719352)
(-3.545870,  0.674990,  -0.214557),  (0.000000,  0.582869)
(-3.542957,  0.662097,  -0.222424),  (0.030348,  0.588617)
(-3.532727,  0.665828,  -0.222424),  (0.046576,  0.551311)
(-3.532727,  0.665828,  -0.222424),  (0.046576,  0.551311)
(-3.532727,  0.679783,  -0.214557),  (0.020848,  0.534942)
(-3.545870,  0.674990,  -0.214557),  (0.000000,  0.582869)
(-3.542957,  0.662097,  -0.222424),  (0.767671,  0.246176)
(-3.532727,  0.665828,  -0.292019),  (0.810076,  0.521588)
(-3.532727,  0.665828,  -0.222424),  (0.810076,  0.246176)
(-3.532727,  0.665828,  -0.292019),  (0.810076,  0.521588)
(-3.542957,  0.662097,  -0.222424),  (0.767671,  0.246176)
(-3.542957,  0.662097,  -0.292019),  (0.767671,  0.521588)
(-3.532727,  0.567801,  -0.222424),  (0.385448,  0.000000)
(-3.542957,  0.571532,  -0.292019),  (0.424625,  0.275412)
(-3.542957,  0.571532,  -0.222424),  (0.424625,  0.000000)
(-3.542957,  0.571532,  -0.292019),  (0.424625,  0.275412)
(-3.532727,  0.567801,  -0.222424),  (0.385448,  0.000000)
(-3.532727,  0.567801,  -0.292019),  (0.385448,  0.275412)
(-3.532727,  0.665828,  -0.222424),  (0.810076,  0.246176)
(-3.532727,  0.665828,  -0.292019),  (0.810076,  0.521588)
(-3.522497,  0.662097,  -0.222424),  (0.849253,  0.246176)
(-3.522497,  0.662097,  -0.222424),  (0.849253,  0.246176)
(-3.532727,  0.665828,  -0.292019),  (0.810076,  0.521588)
(-3.522497,  0.662097,  -0.292019),  (0.849253,  0.521588)
(-3.542957,  0.571532,  -0.222424),  (0.849256,  0.797000)
(-3.551630,  0.582156,  -0.292019),  (0.819271,  0.521588)
(-3.551630,  0.582156,  -0.222424),  (0.819271,  0.797000)
(-3.551630,  0.582156,  -0.292019),  (0.819271,  0.521588)
(-3.542957,  0.571532,  -0.222424),  (0.849256,  0.797000)
(-3.542957,  0.571532,  -0.292019),  (0.849256,  0.521588)
(-3.522497,  0.662097,  -0.222424),  (0.849253,  0.246176)
(-3.522497,  0.662097,  -0.292019),  (0.849253,  0.521588)
(-3.513825,  0.651473,  -0.222424),  (0.879238,  0.246176)
(-3.513825,  0.651473,  -0.222424),  (0.879238,  0.246176)
(-3.522497,  0.662097,  -0.292019),  (0.849253,  0.521588)
(-3.513825,  0.651472,  -0.292019),  (0.879238,  0.521588)
(-3.551630,  0.582156,  -0.222424),  (0.819271,  0.797000)
(-3.557424,  0.598058,  -0.292019),  (0.780094,  0.521588)
(-3.557424,  0.598058,  -0.222424),  (0.780094,  0.797000)
(-3.557424,  0.598058,  -0.292019),  (0.780094,  0.521588)
(-3.551630,  0.582156,  -0.222424),  (0.819271,  0.797000)
(-3.551630,  0.582156,  -0.292019),  (0.819271,  0.521588)
(-3.513825,  0.651473,  -0.222424),  (0.879238,  0.246176)
(-3.513825,  0.651472,  -0.292019),  (0.879238,  0.521588)
(-3.508030,  0.635571,  -0.222424),  (0.918415,  0.246176)
(-3.508030,  0.635571,  -0.222424),  (0.918415,  0.246176)
(-3.513825,  0.651472,  -0.292019),  (0.879238,  0.521588)
(-3.508030,  0.635571,  -0.292019),  (0.918415,  0.521588)
(-3.557424,  0.598058,  -0.222424),  (0.780094,  0.797000)
(-3.559459,  0.616814,  -0.292019),  (0.737689,  0.521588)
(-3.559459,  0.616814,  -0.222424),  (0.737689,  0.797000)
(-3.559459,  0.616814,  -0.292019),  (0.737689,  0.521588)
(-3.557424,  0.598058,  -0.222424),  (0.780094,  0.797000)
(-3.557424,  0.598058,  -0.292019),  (0.780094,  0.521588)
(-3.505995,  0.616814,  -0.222424),  (0.960820,  0.246176)
(-3.505995,  0.616814,  -0.292019),  (0.960820,  0.521588)
(-3.508030,  0.598058,  -0.222424),  (0.999997,  0.246176)
(-3.508030,  0.598058,  -0.222424),  (0.999997,  0.246176)
(-3.505995,  0.616814,  -0.292019),  (0.960820,  0.521588)
(-3.508030,  0.598058,  -0.292019),  (0.999997,  0.521588)
(-3.508030,  0.635571,  -0.222424),  (0.918415,  0.246176)
(-3.508030,  0.635571,  -0.292019),  (0.918415,  0.521588)
(-3.505995,  0.616814,  -0.222424),  (0.960820,  0.246176)
(-3.505995,  0.616814,  -0.222424),  (0.960820,  0.246176)
(-3.508030,  0.635571,  -0.292019),  (0.918415,  0.521588)
(-3.505995,  0.616814,  -0.292019),  (0.960820,  0.521588)
(-3.559459,  0.616814,  -0.222424),  (0.737689,  0.797000)
(-3.557424,  0.635571,  -0.292019),  (0.698512,  0.521588)
(-3.557424,  0.635571,  -0.222424),  (0.698512,  0.797000)
(-3.557424,  0.635571,  -0.292019),  (0.698512,  0.521588)
(-3.559459,  0.616814,  -0.222424),  (0.737689,  0.797000)
(-3.559459,  0.616814,  -0.292019),  (0.737689,  0.521588)
(-3.508030,  0.598058,  -0.222424),  (0.273881,  0.000000)
(-3.508030,  0.598058,  -0.292019),  (0.273881,  0.275412)
(-3.513825,  0.582156,  -0.222424),  (0.303866,  0.000000)
(-3.513825,  0.582156,  -0.222424),  (0.303866,  0.000000)
(-3.508030,  0.598058,  -0.292019),  (0.273881,  0.275412)
(-3.513825,  0.582156,  -0.292019),  (0.303866,  0.275412)
(-3.557424,  0.635571,  -0.222424),  (0.698509,  0.246176)
(-3.551630,  0.651473,  -0.292019),  (0.728494,  0.521588)
(-3.551630,  0.651473,  -0.222424),  (0.728494,  0.246176)
(-3.551630,  0.651473,  -0.292019),  (0.728494,  0.521588)
(-3.557424,  0.635571,  -0.222424),  (0.698509,  0.246176)
(-3.557424,  0.635571,  -0.292019),  (0.698509,  0.521588)
(-3.513825,  0.582156,  -0.222424),  (0.303866,  0.000000)
(-3.513825,  0.582156,  -0.292019),  (0.303866,  0.275412)
(-3.522497,  0.571532,  -0.222424),  (0.343043,  0.000000)
(-3.522497,  0.571532,  -0.222424),  (0.343043,  0.000000)
(-3.513825,  0.582156,  -0.292019),  (0.303866,  0.275412)
(-3.522497,  0.571532,  -0.292019),  (0.343043,  0.275412)
(-3.551630,  0.651473,  -0.222424),  (0.728494,  0.246176)
(-3.542957,  0.662097,  -0.292019),  (0.767671,  0.521588)
(-3.542957,  0.662097,  -0.222424),  (0.767671,  0.246176)
(-3.542957,  0.662097,  -0.292019),  (0.767671,  0.521588)
(-3.551630,  0.651473,  -0.222424),  (0.728494,  0.246176)
(-3.551630,  0.651473,  -0.292019),  (0.728494,  0.521588)
(-3.522497,  0.571532,  -0.222424),  (0.343043,  0.000000)
(-3.522497,  0.571532,  -0.292019),  (0.343043,  0.275412)
(-3.532727,  0.567801,  -0.222424),  (0.385448,  0.000000)
(-3.532727,  0.567801,  -0.222424),  (0.385448,  0.000000)
(-3.522497,  0.571532,  -0.292019),  (0.343043,  0.275412)
(-3.532727,  0.567801,  -0.292019),  (0.385448,  0.275412)
(-4.000000,  1.177033,  -0.215194),  (0.000000,  0.000000)
(4.000000,  1.177033,  -0.215194),  (0.000000,  0.500000)
(-4.000000,  1.019324,  0.185295),  (0.130094,  0.000000)
(4.000000,  1.019324,  0.185295),  (0.130094,  0.500000)
(-4.000000,  1.019324,  0.185295),  (0.130094,  0.000000)
(4.000000,  1.177033,  -0.215194),  (0.000000,  0.500000)
(4.000000,  0.230782,  0.185295),  (0.712818,  1.000000)
(-4.000000,  0.073073,  -0.215194),  (0.828533,  0.500000)
(-4.000000,  0.230782,  0.185295),  (0.712818,  0.500000)
(-4.000000,  0.073073,  -0.215194),  (0.828533,  0.500000)
(4.000000,  0.230782,  0.185295),  (0.712818,  1.000000)
(4.000000,  0.073073,  -0.215194),  (0.828533,  1.000000)
(4.000000,  0.335921,  0.244936),  (0.988899,  1.000000)
(-4.000000,  0.388490,  0.185295),  (0.958627,  0.500000)
(4.000000,  0.388490,  0.185295),  (0.958627,  1.000000)
(-4.000000,  0.388490,  0.185295),  (0.958627,  0.500000)
(4.000000,  0.335921,  0.244936),  (0.988899,  1.000000)
(-4.000000,  0.335921,  0.244936),  (0.988899,  0.500000)
(-4.000000,  0.546199,  -0.215194),  (0.828533,  0.500000)
(4.000000,  0.546199,  -0.215194),  (0.828533,  1.000000)
(-4.000000,  0.388490,  0.185295),  (0.958627,  0.500000)
(4.000000,  0.388490,  0.185295),  (0.958627,  1.000000)
(-4.000000,  0.388490,  0.185295),  (0.958627,  0.500000)
(4.000000,  0.546199,  -0.215194),  (0.828533,  1.000000)
(4.000000,  0.546199,  -0.215194),  (0.243244,  1.000000)
(-4.000000,  0.546199,  -0.215194),  (0.243244,  0.500000)
(4.000000,  0.703907,  -0.215194),  (0.170572,  1.000000)
(4.000000,  0.703907,  -0.215194),  (0.170572,  1.000000)
(-4.000000,  0.546199,  -0.215194),  (0.243244,  0.500000)
(-4.000000,  0.703907,  -0.215194),  (0.170572,  0.500000)
(4.000000,  0.861616,  0.185295),  (0.054858,  1.000000)
(-4.000000,  0.703907,  -0.215194),  (0.170572,  0.500000)
(-4.000000,  0.861616,  0.185295),  (0.054858,  0.500000)
(-4.000000,  0.703907,  -0.215194),  (0.170572,  0.500000)
(4.000000,  0.861616,  0.185295),  (0.054858,  1.000000)
(4.000000,  0.703907,  -0.215194),  (0.170572,  1.000000)
(4.000000,  0.966755,  0.244936),  (0.160366,  0.500000)
(-4.000000,  0.966755,  0.244936),  (0.160366,  0.000000)
(4.000000,  1.019324,  0.185295),  (0.130094,  0.500000)
(4.000000,  1.019324,  0.185295),  (0.130094,  0.500000)
(-4.000000,  0.966755,  0.244936),  (0.160366,  0.000000)
(-4.000000,  1.019324,  0.185295),  (0.130094,  0.000000)
(4.000000,  0.230782,  0.185295),  (0.712818,  1.000000)
(-4.000000,  0.230782,  0.185295),  (0.712818,  0.500000)
(4.000000,  0.283351,  0.244936),  (0.682184,  1.000000)
(4.000000,  0.283351,  0.244936),  (0.682184,  1.000000)
(-4.000000,  0.230782,  0.185295),  (0.712818,  0.500000)
(-4.000000,  0.283351,  0.244936),  (0.682184,  0.500000)
(4.000000,  0.283351,  0.244936),  (0.682184,  1.000000)
(-4.000000,  0.335921,  0.244936),  (0.657960,  0.500000)
(4.000000,  0.335921,  0.244936),  (0.657960,  1.000000)
(-4.000000,  0.335921,  0.244936),  (0.657960,  0.500000)
(4.000000,  0.283351,  0.244936),  (0.682184,  1.000000)
(-4.000000,  0.283351,  0.244936),  (0.682184,  0.500000)
(4.000000,  0.861616,  0.185295),  (0.054858,  1.000000)
(-4.000000,  0.861616,  0.185295),  (0.054858,  0.500000)
(4.000000,  0.914185,  0.244936),  (0.024224,  1.000000)
(4.000000,  0.914185,  0.244936),  (0.024224,  1.000000)
(-4.000000,  0.861616,  0.185295),  (0.054858,  0.500000)
(-4.000000,  0.914185,  0.244936),  (0.024224,  0.500000)
(4.000000,  0.914185,  0.244936),  (0.024224,  1.000000)
(-4.000000,  0.914185,  0.244936),  (0.024224,  0.500000)
(4.000000,  0.966755,  0.244936),  (0.000000,  1.000000)
(4.000000,  0.966755,  0.244936),  (0.000000,  1.000000)
(-4.000000,  0.914185,  0.244936),  (0.024224,  0.500000)
(-4.000000,  0.966755,  0.244936),  (0.000000,  0.500000)
(-4.000000,  1.011940,  0.169686),  (0.355219,  0.000000)
(4.000000,  1.011940,  0.169686),  (0.355219,  0.500000)
(4.000000,  1.168198,  -0.227783),  (0.483768,  0.500000)
(-4.000000,  1.011940,  0.169686),  (0.355219,  0.000000)
(4.000000,  1.168198,  -0.227783),  (0.483768,  0.500000)
(-4.000000,  1.168198,  -0.227783),  (0.483768,  0.000000)
(4.000000,  0.238166,  0.169686),  (0.529412,  0.500000)
(-4.000000,  0.238166,  0.169686),  (0.529412,  1.000000)
(-4.000000,  0.081909,  -0.227783),  (0.657960,  1.000000)
(4.000000,  0.238166,  0.169686),  (0.529412,  0.500000)
(-4.000000,  0.081909,  -0.227783),  (0.657960,  1.000000)
(4.000000,  0.081909,  -0.227783),  (0.657960,  0.500000)
(-4.000000,  0.381105,  0.169686),  (0.511639,  0.000000)
(4.000000,  0.332988,  0.224691),  (0.483768,  0.500000)
(4.000000,  0.381105,  0.169686),  (0.511639,  0.500000)
(4.000000,  0.332988,  0.224691),  (0.483768,  0.500000)
(-4.000000,  0.381105,  0.169686),  (0.511639,  0.000000)
(-4.000000,  0.332988,  0.224691),  (0.483768,  0.000000)
(4.000000,  0.541259,  -0.233974),  (0.642746,  0.500000)
(-4.000000,  0.381105,  0.169686),  (0.511639,  0.000000)
(4.000000,  0.381105,  0.169686),  (0.511639,  0.500000)
(-4.000000,  0.381105,  0.169686),  (0.511639,  0.000000)
(4.000000,  0.541259,  -0.233974),  (0.642746,  0.500000)
(-4.000000,  0.541259,  -0.233974),  (0.642746,  0.000000)
(4.000000,  0.708847,  -0.233974),  (0.419995,  0.500000)
(-4.000000,  0.708847,  -0.233974),  (0.419995,  1.000000)
(-4.000000,  0.541259,  -0.233974),  (0.483768,  1.000000)
(-4.000000,  0.541259,  -0.233974),  (0.483768,  1.000000)
(4.000000,  0.541259,  -0.233974),  (0.483768,  0.500000)
(4.000000,  0.708847,  -0.233974),  (0.419995,  0.500000)
(4.000000,  0.869001,  0.169686),  (0.288888,  0.500000)
(-4.000000,  0.869001,  0.169686),  (0.288888,  1.000000)
(-4.000000,  0.708847,  -0.233974),  (0.419995,  1.000000)
(4.000000,  0.869001,  0.169686),  (0.288888,  0.500000)
(-4.000000,  0.708847,  -0.233974),  (0.419995,  1.000000)
(4.000000,  0.708847,  -0.233974),  (0.419995,  0.500000)
(4.000000,  1.011940,  0.169686),  (0.355219,  0.500000)
(-4.000000,  1.011940,  0.169686),  (0.355219,  0.000000)
(-4.000000,  0.963822,  0.224691),  (0.327348,  0.000000)
(-4.000000,  0.963822,  0.224691),  (0.327348,  0.000000)
(4.000000,  0.963822,  0.224691),  (0.327348,  0.500000)
(4.000000,  1.011940,  0.169686),  (0.355219,  0.500000)
(4.000000,  0.286284,  0.224691),  (0.501541,  0.500000)
(-4.000000,  0.286284,  0.224691),  (0.501541,  1.000000)
(-4.000000,  0.238166,  0.169686),  (0.529412,  1.000000)
(-4.000000,  0.238166,  0.169686),  (0.529412,  1.000000)
(4.000000,  0.238166,  0.169686),  (0.529412,  0.500000)
(4.000000,  0.286284,  0.224691),  (0.501541,  0.500000)
(-4.000000,  0.332988,  0.224691),  (0.483768,  1.000000)
(4.000000,  0.286284,  0.224691),  (0.501541,  0.500000)
(4.000000,  0.332988,  0.224691),  (0.483768,  0.500000)
(4.000000,  0.286284,  0.224691),  (0.501541,  0.500000)
(-4.000000,  0.332988,  0.224691),  (0.483768,  1.000000)
(-4.000000,  0.286284,  0.224691),  (0.501541,  1.000000)
(4.000000,  0.917118,  0.224691),  (0.261017,  0.500000)
(-4.000000,  0.917118,  0.224691),  (0.261016,  1.000000)
(-4.000000,  0.869001,  0.169686),  (0.288888,  1.000000)
(-4.000000,  0.869001,  0.169686),  (0.288888,  1.000000)
(4.000000,  0.869001,  0.169686),  (0.288888,  0.500000)
(4.000000,  0.917118,  0.224691),  (0.261017,  0.500000)
(4.000000,  0.963822,  0.224691),  (0.243244,  0.500000)
(-4.000000,  0.963822,  0.224691),  (0.243244,  1.000000)
(-4.000000,  0.917118,  0.224691),  (0.261016,  1.000000)
(-4.000000,  0.917118,  0.224691),  (0.261016,  1.000000)
(4.000000,  0.917118,  0.224691),  (0.261017,  0.500000)
(4.000000,  0.963822,  0.224691),  (0.243244,  0.500000)
(4.000000,  0.081909,  -0.227783),  (1.000000,  1.000000)
(-4.000000,  0.081909,  -0.227783),  (1.000000,  0.500000)
(-4.000000,  0.073073,  -0.215194),  (0.994449,  0.500000)
(-4.000000,  0.073073,  -0.215194),  (0.994449,  0.500000)
(4.000000,  0.073073,  -0.215194),  (0.994449,  1.000000)
(4.000000,  0.081909,  -0.227783),  (1.000000,  1.000000)
(-4.000000,  1.011940,  0.169686),  (0.220374,  0.074773)
(-4.000000,  1.168198,  -0.227783),  (0.325708,  0.004002)
(-4.000000,  1.177033,  -0.215194),  (0.322371,  0.000000)
(-4.000000,  1.177033,  -0.215194),  (0.322371,  0.000000)
(-4.000000,  1.019324,  0.185295),  (0.216237,  0.071429)
(-4.000000,  1.011940,  0.169686),  (0.220374,  0.074773)
(-4.000000,  1.168198,  -0.227783),  (0.994449,  1.000000)
(4.000000,  1.177033,  -0.215194),  (0.988899,  0.500000)
(-4.000000,  1.177033,  -0.215194),  (0.988899,  1.000000)
(4.000000,  1.177033,  -0.215194),  (0.988899,  0.500000)
(-4.000000,  1.168198,  -0.227783),  (0.994449,  1.000000)
(4.000000,  1.168198,  -0.227783),  (0.994449,  0.500000)
(4.000000,  0.238166,  0.169686),  (0.764935,  0.425227)
(4.000000,  0.081909,  -0.227783),  (0.659601,  0.495998)
(4.000000,  0.073073,  -0.215194),  (0.662937,  0.500000)
(4.000000,  0.073073,  -0.215194),  (0.662937,  0.500000)
(4.000000,  0.230782,  0.185295),  (0.769071,  0.428572)
(4.000000,  0.238166,  0.169686),  (0.764935,  0.425227)
(-4.000000,  0.238166,  0.169686),  (0.220374,  0.425227)
(-4.000000,  0.073073,  -0.215194),  (0.322371,  0.500000)
(-4.000000,  0.081909,  -0.227783),  (0.325707,  0.495998)
(-4.000000,  0.073073,  -0.215194),  (0.322371,  0.500000)
(-4.000000,  0.238166,  0.169686),  (0.220374,  0.425227)
(-4.000000,  0.230782,  0.185295),  (0.216237,  0.428571)
(-4.000000,  0.332988,  0.224691),  (0.205797,  0.382281)
(-4.000000,  0.381105,  0.169686),  (0.220374,  0.360488)
(-4.000000,  0.388490,  0.185295),  (0.216237,  0.357143)
(-4.000000,  0.388490,  0.185295),  (0.216237,  0.357143)
(-4.000000,  0.335921,  0.244936),  (0.200432,  0.380952)
(-4.000000,  0.332988,  0.224691),  (0.205797,  0.382281)
(-4.000000,  0.381105,  0.169686),  (0.220374,  0.360488)
(-4.000000,  0.541259,  -0.233974),  (0.327348,  0.287952)
(-4.000000,  0.546199,  -0.215194),  (0.322371,  0.285714)
(-4.000000,  0.546199,  -0.215194),  (0.322371,  0.285714)
(-4.000000,  0.388490,  0.185295),  (0.216237,  0.357143)
(-4.000000,  0.381105,  0.169686),  (0.220374,  0.360488)
(-4.000000,  0.703907,  -0.215194),  (0.322371,  0.214286)
(-4.000000,  0.546199,  -0.215194),  (0.322371,  0.285714)
(-4.000000,  0.541259,  -0.233974),  (0.327348,  0.287952)
(-4.000000,  0.703907,  -0.215194),  (0.322371,  0.214286)
(-4.000000,  0.541259,  -0.233974),  (0.327348,  0.287952)
(-4.000000,  0.708847,  -0.233974),  (0.327348,  0.212048)
(-4.000000,  0.869001,  0.169686),  (0.220374,  0.139512)
(-4.000000,  0.703907,  -0.215194),  (0.322371,  0.214286)
(-4.000000,  0.708847,  -0.233974),  (0.327348,  0.212048)
(-4.000000,  0.703907,  -0.215194),  (0.322371,  0.214286)
(-4.000000,  0.869001,  0.169686),  (0.220374,  0.139512)
(-4.000000,  0.861616,  0.185295),  (0.216237,  0.142857)
(-4.000000,  0.963822,  0.224691),  (0.205797,  0.096566)
(-4.000000,  1.011940,  0.169686),  (0.220374,  0.074773)
(-4.000000,  1.019324,  0.185295),  (0.216237,  0.071429)
(-4.000000,  1.019324,  0.185295),  (0.216237,  0.071429)
(-4.000000,  0.966755,  0.244936),  (0.200432,  0.095238)
(-4.000000,  0.963822,  0.224691),  (0.205797,  0.096566)
(4.000000,  1.011940,  0.169686),  (0.764935,  0.074773)
(4.000000,  1.177033,  -0.215194),  (0.662937,  0.000000)
(4.000000,  1.168198,  -0.227783),  (0.659601,  0.004002)
(4.000000,  1.177033,  -0.215194),  (0.662937,  0.000000)
(4.000000,  1.011940,  0.169686),  (0.764935,  0.074773)
(4.000000,  1.019324,  0.185295),  (0.769071,  0.071429)
(4.000000,  0.917118,  0.224691),  (0.779512,  0.117719)
(4.000000,  0.869001,  0.169686),  (0.764935,  0.139512)
(4.000000,  0.861616,  0.185295),  (0.769071,  0.142857)
(4.000000,  0.861616,  0.185295),  (0.769071,  0.142857)
(4.000000,  0.914185,  0.244936),  (0.784877,  0.119048)
(4.000000,  0.917118,  0.224691),  (0.779512,  0.117719)
(4.000000,  0.869001,  0.169686),  (0.764935,  0.139512)
(4.000000,  0.708847,  -0.233974),  (0.657960,  0.212048)
(4.000000,  0.703907,  -0.215194),  (0.662937,  0.214286)
(4.000000,  0.703907,  -0.215194),  (0.662937,  0.214286)
(4.000000,  0.861616,  0.185295),  (0.769071,  0.142857)
(4.000000,  0.869001,  0.169686),  (0.764935,  0.139512)
(4.000000,  0.546199,  -0.215194),  (0.662937,  0.285714)
(4.000000,  0.703907,  -0.215194),  (0.662937,  0.214286)
(4.000000,  0.708847,  -0.233974),  (0.657960,  0.212048)
(4.000000,  0.546199,  -0.215194),  (0.662937,  0.285714)
(4.000000,  0.708847,  -0.233974),  (0.657960,  0.212048)
(4.000000,  0.541259,  -0.233974),  (0.657960,  0.287952)
(4.000000,  0.381105,  0.169686),  (0.764935,  0.360488)
(4.000000,  0.546199,  -0.215194),  (0.662937,  0.285714)
(4.000000,  0.541259,  -0.233974),  (0.657960,  0.287952)
(4.000000,  0.546199,  -0.215194),  (0.662937,  0.285714)
(4.000000,  0.381105,  0.169686),  (0.764935,  0.360488)
(4.000000,  0.388490,  0.185295),  (0.769071,  0.357143)
(4.000000,  0.286284,  0.224691),  (0.779512,  0.403434)
(4.000000,  0.238166,  0.169686),  (0.764935,  0.425227)
(4.000000,  0.230782,  0.185295),  (0.769071,  0.428572)
(4.000000,  0.230782,  0.185295),  (0.769071,  0.428572)
(4.000000,  0.283351,  0.244936),  (0.784877,  0.404762)
(4.000000,  0.286284,  0.224691),  (0.779512,  0.403434)
(-4.000000,  0.230782,  0.185295),  (0.216237,  0.428571)
(-4.000000,  0.286284,  0.224691),  (0.205797,  0.403434)
(-4.000000,  0.283351,  0.244936),  (0.200432,  0.404762)
(-4.000000,  0.286284,  0.224691),  (0.205797,  0.403434)
(-4.000000,  0.230782,  0.185295),  (0.216237,  0.428571)
(-4.000000,  0.238166,  0.169686),  (0.220374,  0.425227)
(-4.000000,  0.335921,  0.244936),  (0.200432,  0.380952)
(-4.000000,  0.283351,  0.244936),  (0.200432,  0.404762)
(-4.000000,  0.286284,  0.224691),  (0.205797,  0.403434)
(-4.000000,  0.335921,  0.244936),  (0.200432,  0.380952)
(-4.000000,  0.286284,  0.224691),  (0.205797,  0.403434)
(-4.000000,  0.332988,  0.224691),  (0.205797,  0.382281)
(4.000000,  0.388490,  0.185295),  (0.769071,  0.357143)
(4.000000,  0.332988,  0.224691),  (0.779512,  0.382281)
(4.000000,  0.335921,  0.244936),  (0.784877,  0.380952)
(4.000000,  0.332988,  0.224691),  (0.779512,  0.382281)
(4.000000,  0.388490,  0.185295),  (0.769071,  0.357143)
(4.000000,  0.381105,  0.169686),  (0.764935,  0.360488)
(4.000000,  0.283351,  0.244936),  (0.784877,  0.404762)
(4.000000,  0.335921,  0.244936),  (0.784877,  0.380952)
(4.000000,  0.332988,  0.224691),  (0.779512,  0.382281)
(4.000000,  0.283351,  0.244936),  (0.784877,  0.404762)
(4.000000,  0.332988,  0.224691),  (0.779512,  0.382281)
(4.000000,  0.286284,  0.224691),  (0.779512,  0.403434)
(-4.000000,  0.861616,  0.185295),  (0.216237,  0.142857)
(-4.000000,  0.917118,  0.224691),  (0.205797,  0.117719)
(-4.000000,  0.914185,  0.244936),  (0.200432,  0.119048)
(-4.000000,  0.917118,  0.224691),  (0.205797,  0.117719)
(-4.000000,  0.861616,  0.185295),  (0.216237,  0.142857)
(-4.000000,  0.869001,  0.169686),  (0.220374,  0.139512)
(-4.000000,  0.966755,  0.244936),  (0.200432,  0.095238)
(-4.000000,  0.914185,  0.244936),  (0.200432,  0.119048)
(-4.000000,  0.917118,  0.224691),  (0.205797,  0.117719)
(-4.000000,  0.966755,  0.244936),  (0.200432,  0.095238)
(-4.000000,  0.917118,  0.224691),  (0.205797,  0.117719)
(-4.000000,  0.963822,  0.224691),  (0.205797,  0.096566)
(4.000000,  1.019324,  0.185295),  (0.769071,  0.071429)
(4.000000,  0.963822,  0.224691),  (0.779512,  0.096566)
(4.000000,  0.966755,  0.244936),  (0.784877,  0.095238)
(4.000000,  0.963822,  0.224691),  (0.779512,  0.096566)
(4.000000,  1.019324,  0.185295),  (0.769071,  0.071429)
(4.000000,  1.011940,  0.169686),  (0.764935,  0.074773)
(4.000000,  0.914185,  0.244936),  (0.784877,  0.119048)
(4.000000,  0.966755,  0.244936),  (0.784877,  0.095238)
(4.000000,  0.963822,  0.224691),  (0.779512,  0.096566)
(4.000000,  0.914185,  0.244936),  (0.784877,  0.119048)
(4.000000,  0.963822,  0.224691),  (0.779512,  0.096566)
(4.000000,  0.917118,  0.224691),  (0.779512,  0.117719)
