(-0.185640,  0.123468,  0.235621),  (0.867891,  0.555058)
(-0.200963,  0.170794,  0.267875),  (0.851494,  0.542078)
(-0.194535,  0.183301,  0.225969),  (0.848838,  0.560131)
(-0.200963,  0.170794,  0.267875),  (0.851494,  0.542078)
(-0.185640,  0.123468,  0.235621),  (0.867891,  0.555058)
(-0.199689,  0.133657,  0.271750),  (0.863566,  0.539652)
(-0.205529,  0.184721,  0.179830),  (0.848994,  0.579982)
(-0.199424,  0.142927,  0.160774),  (0.863650,  0.587268)
(-0.197360,  0.139021,  0.199473),  (0.863764,  0.570675)
(-0.199424,  0.142927,  0.160774),  (0.863650,  0.587268)
(-0.205529,  0.184721,  0.179830),  (0.848994,  0.579982)
(-0.207955,  0.187842,  0.159890),  (0.848205,  0.588357)
(-0.194535,  0.183301,  0.225969),  (0.848838,  0.560131)
(-0.197360,  0.139021,  0.199473),  (0.863764,  0.570675)
(-0.185640,  0.123468,  0.235621),  (0.867891,  0.555058)
(-0.194535,  0.183301,  0.225969),  (0.848838,  0.560131)
(-0.205529,  0.184721,  0.179830),  (0.848994,  0.579982)
(-0.197360,  0.139021,  0.199473),  (0.863764,  0.570675)
(-0.147130,  0.134748,  0.277505),  (0.162700,  0.258366)
(-0.148319,  0.094059,  0.270582),  (0.162711,  0.271636)
(-0.093505,  0.099323,  0.273509),  (0.184601,  0.268095)
(-0.066250,  0.149546,  0.185655),  (0.202771,  0.209994)
(-0.080936,  0.187506,  0.149830),  (0.189226,  0.194488)
(-0.079603,  0.191284,  0.187449),  (0.188418,  0.210272)
(-0.080936,  0.187506,  0.149830),  (0.189226,  0.194488)
(-0.066250,  0.149546,  0.185655),  (0.202771,  0.209994)
(-0.070491,  0.152386,  0.138100),  (0.202385,  0.189919)
(-0.146711,  0.096475,  0.224950),  (0.165666,  0.290532)
(-0.093505,  0.099323,  0.273509),  (0.184601,  0.268095)
(-0.148319,  0.094059,  0.270582),  (0.162711,  0.271636)
(-0.093505,  0.099323,  0.273509),  (0.184601,  0.268095)
(-0.146711,  0.096475,  0.224950),  (0.165666,  0.290532)
(-0.071701,  0.096868,  0.254181),  (0.195526,  0.273588)
(-0.073062,  0.144550,  0.276948),  (0.193716,  0.253474)
(-0.147130,  0.134748,  0.277505),  (0.162700,  0.258366)
(-0.093505,  0.099323,  0.273509),  (0.184601,  0.268095)
(-0.073062,  0.144550,  0.276948),  (0.193716,  0.253474)
(-0.093505,  0.099323,  0.273509),  (0.184601,  0.268095)
(-0.073642,  0.124044,  0.275061),  (0.193308,  0.260551)
(-0.068390,  0.107248,  0.136712),  (0.198063,  0.167272)
(-0.143895,  0.100383,  0.131568),  (0.165116,  0.160513)
(-0.146052,  0.142682,  0.130670),  (0.162224,  0.174464)
(-0.068390,  0.107248,  0.136712),  (0.198063,  0.167272)
(-0.146052,  0.142682,  0.130670),  (0.162224,  0.174464)
(-0.070491,  0.152386,  0.138100),  (0.195170,  0.182205)
(-0.073707,  0.147553,  0.229363),  (0.201420,  0.228193)
(-0.075181,  0.166505,  0.275026),  (0.191574,  0.246115)
(-0.073062,  0.144550,  0.276948),  (0.198814,  0.248309)
(-0.075181,  0.166505,  0.275026),  (0.191574,  0.246115)
(-0.073707,  0.147553,  0.229363),  (0.201420,  0.228193)
(-0.077480,  0.187233,  0.256906),  (0.187938,  0.236784)
(-0.077480,  0.187233,  0.256906),  (0.187938,  0.236784)
(-0.073707,  0.147553,  0.229363),  (0.201420,  0.228193)
(-0.079272,  0.189879,  0.233346),  (0.187700,  0.228061)
(-0.199689,  0.133657,  0.271750),  (0.139781,  0.259284)
(-0.153473,  0.173637,  0.274211),  (0.159875,  0.246003)
(-0.200963,  0.170794,  0.267875),  (0.139102,  0.246517)
(-0.153473,  0.173637,  0.274211),  (0.159875,  0.246003)
(-0.199689,  0.133657,  0.271750),  (0.139781,  0.259284)
(-0.147130,  0.134748,  0.277505),  (0.162700,  0.258366)
(-0.146711,  0.096475,  0.224950),  (0.165666,  0.290532)
(-0.069999,  0.104831,  0.182343),  (0.201080,  0.303439)
(-0.071607,  0.102415,  0.227975),  (0.197395,  0.284491)
(-0.069999,  0.104831,  0.182343),  (0.201080,  0.303439)
(-0.146711,  0.096475,  0.224950),  (0.165666,  0.290532)
(-0.145103,  0.098892,  0.179318),  (0.168818,  0.309406)
(-0.187887,  0.097430,  0.131034),  (0.152897,  0.332306)
(-0.145103,  0.098892,  0.179318),  (0.168818,  0.309406)
(-0.201917,  0.095330,  0.158436),  (0.145135,  0.321555)
(-0.145103,  0.098892,  0.179318),  (0.168818,  0.309406)
(-0.187887,  0.097430,  0.131034),  (0.152897,  0.332306)
(-0.143895,  0.100383,  0.131568),  (0.172156,  0.329392)
(-0.145103,  0.098892,  0.179318),  (0.168818,  0.309406)
(-0.196041,  0.093833,  0.197828),  (0.145400,  0.304491)
(-0.201917,  0.095330,  0.158436),  (0.145135,  0.321555)
(-0.146052,  0.142682,  0.130670),  (0.162224,  0.174464)
(-0.080936,  0.187506,  0.149830),  (0.189226,  0.194488)
(-0.070491,  0.152386,  0.138100),  (0.195170,  0.182205)
(-0.080936,  0.187506,  0.149830),  (0.189226,  0.194488)
(-0.146052,  0.142682,  0.130670),  (0.162224,  0.174464)
(-0.144734,  0.188670,  0.142308),  (0.160909,  0.190757)
(-0.149304,  0.189168,  0.182095),  (0.159036,  0.207685)
(-0.207955,  0.187842,  0.159890),  (0.132876,  0.199115)
(-0.205529,  0.184721,  0.179830),  (0.134191,  0.207683)
(-0.194115,  0.192158,  0.134924),  (0.138750,  0.188145)
(-0.149304,  0.189168,  0.182095),  (0.159036,  0.207685)
(-0.144734,  0.188670,  0.142308),  (0.160909,  0.190757)
(-0.149304,  0.189168,  0.182095),  (0.159036,  0.207685)
(-0.194115,  0.192158,  0.134924),  (0.138750,  0.188145)
(-0.207955,  0.187842,  0.159890),  (0.132876,  0.199115)
(-0.147130,  0.134748,  0.277505),  (0.162700,  0.258366)
(-0.109861,  0.187708,  0.275077),  (0.176493,  0.242680)
(-0.153473,  0.173637,  0.274211),  (0.159875,  0.246003)
(-0.109861,  0.187708,  0.275077),  (0.176493,  0.242680)
(-0.073062,  0.144550,  0.276948),  (0.193716,  0.253474)
(-0.075181,  0.166505,  0.275026),  (0.191574,  0.246115)
(-0.073062,  0.144550,  0.276948),  (0.193716,  0.253474)
(-0.109861,  0.187708,  0.275077),  (0.176493,  0.242680)
(-0.147130,  0.134748,  0.277505),  (0.162700,  0.258366)
(-0.153473,  0.173637,  0.274211),  (0.159875,  0.246003)
(-0.194535,  0.183301,  0.225969),  (0.139913,  0.227439)
(-0.200963,  0.170794,  0.267875),  (0.139102,  0.246517)
(-0.194535,  0.183301,  0.225969),  (0.139913,  0.227439)
(-0.153473,  0.173637,  0.274211),  (0.159875,  0.246003)
(-0.150912,  0.186751,  0.227726),  (0.159059,  0.226565)
(-0.145103,  0.098892,  0.179318),  (0.168818,  0.309406)
(-0.068390,  0.107248,  0.136712),  (0.204632,  0.322469)
(-0.069999,  0.104831,  0.182343),  (0.201080,  0.303439)
(-0.068390,  0.107248,  0.136712),  (0.204632,  0.322469)
(-0.145103,  0.098892,  0.179318),  (0.168818,  0.309406)
(-0.143895,  0.100383,  0.131568),  (0.172156,  0.329392)
(-0.188802,  0.141249,  0.128526),  (0.143501,  0.171403)
(-0.144734,  0.188670,  0.142308),  (0.160909,  0.190757)
(-0.146052,  0.142682,  0.130670),  (0.162224,  0.174464)
(-0.144734,  0.188670,  0.142308),  (0.160909,  0.190757)
(-0.188802,  0.141249,  0.128526),  (0.143501,  0.171403)
(-0.194115,  0.192158,  0.134924),  (0.138750,  0.188145)
(-0.194535,  0.183301,  0.225969),  (0.139913,  0.227439)
(-0.150912,  0.186751,  0.227726),  (0.159059,  0.226565)
(-0.149304,  0.189168,  0.182095),  (0.159036,  0.207685)
(-0.149304,  0.189168,  0.182095),  (0.159036,  0.207685)
(-0.205529,  0.184721,  0.179830),  (0.134191,  0.207683)
(-0.194535,  0.183301,  0.225969),  (0.139913,  0.227439)
(-0.149304,  0.189168,  0.182095),  (0.159036,  0.207685)
(-0.079603,  0.191284,  0.187449),  (0.188418,  0.210272)
(-0.080936,  0.187506,  0.149830),  (0.189226,  0.194488)
(-0.149304,  0.189168,  0.182095),  (0.159036,  0.207685)
(-0.080936,  0.187506,  0.149830),  (0.189226,  0.194488)
(-0.144734,  0.188670,  0.142308),  (0.160909,  0.190757)
(-0.150912,  0.186751,  0.227726),  (0.159059,  0.226565)
(-0.079272,  0.189879,  0.233346),  (0.187700,  0.228061)
(-0.079603,  0.191284,  0.187449),  (0.188418,  0.210272)
(-0.150912,  0.186751,  0.227726),  (0.159059,  0.226565)
(-0.079603,  0.191284,  0.187449),  (0.188418,  0.210272)
(-0.149304,  0.189168,  0.182095),  (0.159036,  0.207685)
(-0.201504,  0.091527,  0.235007),  (0.141001,  0.288804)
(-0.148319,  0.094059,  0.270582),  (0.162711,  0.271636)
(-0.196981,  0.090210,  0.268622),  (0.141622,  0.274127)
(-0.148319,  0.094059,  0.270582),  (0.162711,  0.271636)
(-0.201504,  0.091527,  0.235007),  (0.141001,  0.288804)
(-0.146711,  0.096475,  0.224950),  (0.165666,  0.290532)
(-0.146711,  0.096475,  0.224950),  (0.165666,  0.290532)
(-0.201504,  0.091527,  0.235007),  (0.141001,  0.288804)
(-0.196041,  0.093833,  0.197828),  (0.145400,  0.304491)
(-0.146711,  0.096475,  0.224950),  (0.165666,  0.290532)
(-0.196041,  0.093833,  0.197828),  (0.145400,  0.304491)
(-0.145103,  0.098892,  0.179318),  (0.168818,  0.309406)
(-0.069999,  0.104831,  0.182343),  (0.217669,  0.209616)
(-0.070491,  0.152386,  0.138100),  (0.202385,  0.189919)
(-0.066250,  0.149546,  0.185655),  (0.202771,  0.209994)
(-0.070491,  0.152386,  0.138100),  (0.202385,  0.189919)
(-0.069999,  0.104831,  0.182343),  (0.217669,  0.209616)
(-0.068390,  0.107248,  0.136712),  (0.217669,  0.189919)
(-0.071607,  0.102415,  0.227975),  (0.216449,  0.229597)
(-0.066250,  0.149546,  0.185655),  (0.202771,  0.209994)
(-0.073707,  0.147553,  0.229363),  (0.201420,  0.228193)
(-0.066250,  0.149546,  0.185655),  (0.202771,  0.209994)
(-0.071607,  0.102415,  0.227975),  (0.216449,  0.229597)
(-0.069999,  0.104831,  0.182343),  (0.217669,  0.209616)
(-0.073707,  0.147553,  0.229363),  (0.201420,  0.228193)
(-0.079603,  0.191284,  0.187449),  (0.188418,  0.210272)
(-0.079272,  0.189879,  0.233346),  (0.187700,  0.228061)
(-0.079603,  0.191284,  0.187449),  (0.188418,  0.210272)
(-0.073707,  0.147553,  0.229363),  (0.201420,  0.228193)
(-0.066250,  0.149546,  0.185655),  (0.202771,  0.209994)
(-0.109861,  0.187708,  0.275077),  (0.176493,  0.242680)
(-0.075181,  0.166505,  0.275026),  (0.191574,  0.246115)
(-0.077480,  0.187233,  0.256906),  (0.187938,  0.236784)
(-0.109861,  0.187708,  0.275077),  (0.176493,  0.242680)
(-0.150912,  0.186751,  0.227726),  (0.159059,  0.226565)
(-0.153473,  0.173637,  0.274211),  (0.159875,  0.246003)
(-0.150912,  0.186751,  0.227726),  (0.159059,  0.226565)
(-0.109861,  0.187708,  0.275077),  (0.176493,  0.242680)
(-0.079272,  0.189879,  0.233346),  (0.187700,  0.228061)
(-0.109861,  0.187708,  0.275077),  (0.176493,  0.242680)
(-0.077480,  0.187233,  0.256906),  (0.187938,  0.236784)
(-0.079272,  0.189879,  0.233346),  (0.187700,  0.228061)
(-0.073642,  0.124044,  0.275061),  (0.193308,  0.260551)
(-0.093505,  0.099323,  0.273509),  (0.184601,  0.268095)
(-0.071701,  0.096868,  0.254181),  (0.195526,  0.273588)
(-0.073642,  0.124044,  0.275061),  (0.205813,  0.248713)
(-0.073707,  0.147553,  0.229363),  (0.201420,  0.228193)
(-0.073062,  0.144550,  0.276948),  (0.198814,  0.248309)
(-0.073707,  0.147553,  0.229363),  (0.201420,  0.228193)
(-0.073642,  0.124044,  0.275061),  (0.205813,  0.248713)
(-0.071701,  0.096868,  0.254181),  (0.216619,  0.241217)
(-0.073707,  0.147553,  0.229363),  (0.201420,  0.228193)
(-0.071701,  0.096868,  0.254181),  (0.216619,  0.241217)
(-0.071607,  0.102415,  0.227975),  (0.216449,  0.229597)
(-0.071607,  0.102415,  0.227975),  (0.197395,  0.284491)
(-0.071701,  0.096868,  0.254181),  (0.195526,  0.273588)
(-0.146711,  0.096475,  0.224950),  (0.165666,  0.290532)
(-0.196981,  0.090210,  0.268622),  (0.877859,  0.540550)
(-0.185640,  0.123468,  0.235621),  (0.867891,  0.555058)
(-0.201504,  0.091527,  0.235007),  (0.879891,  0.554506)
(-0.185640,  0.123468,  0.235621),  (0.867891,  0.555058)
(-0.196981,  0.090210,  0.268622),  (0.877859,  0.540550)
(-0.199689,  0.133657,  0.271750),  (0.863566,  0.539652)
(-0.199424,  0.142927,  0.160774),  (0.863650,  0.587268)
(-0.187887,  0.097430,  0.131034),  (0.879891,  0.599568)
(-0.201917,  0.095330,  0.158436),  (0.879618,  0.586661)
(-0.187887,  0.097430,  0.131034),  (0.879891,  0.599568)
(-0.199424,  0.142927,  0.160774),  (0.863650,  0.587268)
(-0.188802,  0.141249,  0.128526),  (0.865697,  0.601662)
(-0.199424,  0.142927,  0.160774),  (0.863650,  0.587268)
(-0.194115,  0.192158,  0.134924),  (0.848721,  0.600404)
(-0.188802,  0.141249,  0.128526),  (0.865697,  0.601662)
(-0.194115,  0.192158,  0.134924),  (0.848721,  0.600404)
(-0.199424,  0.142927,  0.160774),  (0.863650,  0.587268)
(-0.207955,  0.187842,  0.159890),  (0.848205,  0.588357)
(-0.197360,  0.139021,  0.199473),  (0.863764,  0.570675)
(-0.199424,  0.142927,  0.160774),  (0.863650,  0.587268)
(-0.196041,  0.093833,  0.197828),  (0.878557,  0.570065)
(-0.196041,  0.093833,  0.197828),  (0.878557,  0.570065)
(-0.199424,  0.142927,  0.160774),  (0.863650,  0.587268)
(-0.201917,  0.095330,  0.158436),  (0.879618,  0.586661)
(-0.143895,  0.100383,  0.131568),  (0.165116,  0.160513)
(-0.187887,  0.097430,  0.131034),  (0.145953,  0.156860)
(-0.146052,  0.142682,  0.130670),  (0.162224,  0.174464)
(-0.187887,  0.097430,  0.131034),  (0.145953,  0.156860)
(-0.188802,  0.141249,  0.128526),  (0.143501,  0.171403)
(-0.146052,  0.142682,  0.130670),  (0.162224,  0.174464)
(-0.147130,  0.134748,  0.277505),  (0.162700,  0.258366)
(-0.199689,  0.133657,  0.271750),  (0.139781,  0.259284)
(-0.148319,  0.094059,  0.270582),  (0.162711,  0.271636)
(-0.199689,  0.133657,  0.271750),  (0.139781,  0.259284)
(-0.196981,  0.090210,  0.268622),  (0.141622,  0.274127)
(-0.148319,  0.094059,  0.270582),  (0.162711,  0.271636)
(-0.185640,  0.123468,  0.235621),  (0.867891,  0.555058)
(-0.196041,  0.093833,  0.197828),  (0.878557,  0.570065)
(-0.201504,  0.091527,  0.235007),  (0.879891,  0.554506)
(-0.196041,  0.093833,  0.197828),  (0.878557,  0.570065)
(-0.185640,  0.123468,  0.235621),  (0.867891,  0.555058)
(-0.197360,  0.139021,  0.199473),  (0.863764,  0.570675)
(0.006887,  0.092922,  0.008109),  (0.089685,  0.670727)
(-0.075342,  0.088870,  0.015003),  (0.110320,  0.710262)
(-0.009828,  0.087891,  0.049584),  (0.112218,  0.670710)
(-0.075342,  0.088870,  0.015003),  (0.110320,  0.710262)
(0.006887,  0.092922,  0.008109),  (0.089685,  0.670727)
(-0.063204,  0.092886,  -0.020348),  (0.090266,  0.710196)
(-0.046783,  0.048906,  -0.063592),  (0.066423,  0.728746)
(-0.029877,  0.014790,  -0.103541),  (0.042779,  0.740881)
(-0.046232,  0.000976,  -0.064205),  (0.065282,  0.748404)
(-0.029877,  0.014790,  -0.103541),  (0.042779,  0.740881)
(-0.046783,  0.048906,  -0.063592),  (0.066423,  0.728746)
(-0.030081,  0.051105,  -0.107397),  (0.042280,  0.725551)
(0.147635,  0.002498,  0.063596),  (0.167925,  0.585431)
(0.201003,  0.000582,  0.134249),  (0.139624,  0.546033)
(0.131498,  0.001231,  0.106128),  (0.143704,  0.587086)
(0.201003,  0.000582,  0.134249),  (0.139624,  0.546033)
(0.147635,  0.002498,  0.063596),  (0.167925,  0.585431)
(0.217726,  0.002534,  0.092052),  (0.164467,  0.543453)
(0.023024,  0.094189,  -0.034424),  (0.066802,  0.671314)
(-0.017650,  0.100998,  -0.098110),  (0.048256,  0.702518)
(-0.047248,  0.101061,  -0.064089),  (0.067295,  0.708555)
(-0.017650,  0.100998,  -0.098110),  (0.048256,  0.702518)
(0.023024,  0.094189,  -0.034424),  (0.066802,  0.671314)
(0.039161,  0.095456,  -0.076956),  (0.043201,  0.672957)
(-0.047248,  0.101061,  -0.064089),  (0.067295,  0.708555)
(-0.017650,  0.100998,  -0.098110),  (0.048256,  0.702518)
(-0.034684,  0.101810,  -0.090908),  (0.054224,  0.708123)
(0.238460,  0.048204,  0.054040),  (0.065607,  0.533936)
(0.242055,  0.089061,  0.013150),  (0.043652,  0.551976)
(0.233296,  0.094295,  0.050945),  (0.064435,  0.552599)
(0.242055,  0.089061,  0.013150),  (0.043652,  0.551976)
(0.238460,  0.048204,  0.054040),  (0.065607,  0.533936)
(0.249716,  0.050315,  0.007700),  (0.039639,  0.534313)
(-0.029877,  0.014790,  -0.103541),  (0.220087,  0.710063)
(0.023715,  0.000473,  -0.035358),  (0.195528,  0.668409)
(-0.046232,  0.000976,  -0.064205),  (0.195882,  0.710905)
(0.023715,  0.000473,  -0.035358),  (0.195528,  0.668409)
(-0.029877,  0.014790,  -0.103541),  (0.220087,  0.710063)
(0.040030,  0.010537,  -0.077152),  (0.220467,  0.667798)
(-0.075342,  0.088870,  0.015003),  (0.110320,  0.710262)
(-0.008967,  0.046407,  0.049928),  (0.128673,  0.669635)
(-0.009828,  0.087891,  0.049584),  (0.112218,  0.670710)
(-0.008967,  0.046407,  0.049928),  (0.128673,  0.669635)
(-0.075342,  0.088870,  0.015003),  (0.110320,  0.710262)
(-0.079057,  0.046372,  0.021472),  (0.129134,  0.710942)
(0.201003,  0.000582,  0.134249),  (0.116469,  0.520706)
(0.217442,  0.047781,  0.092764),  (0.088780,  0.536099)
(0.202780,  0.045793,  0.137906),  (0.114090,  0.540715)
(0.217442,  0.047781,  0.092764),  (0.088780,  0.536099)
(0.201003,  0.000582,  0.134249),  (0.116469,  0.520706)
(0.217726,  0.002534,  0.092052),  (0.091043,  0.516911)
(0.131498,  0.001231,  0.106128),  (0.143704,  0.587086)
(0.201003,  0.000582,  0.134249),  (0.139624,  0.546033)
(0.131951,  0.041948,  0.111157),  (0.127043,  0.587102)
(0.202780,  0.045793,  0.137906),  (0.120140,  0.546854)
(0.131951,  0.041948,  0.111157),  (0.127043,  0.587102)
(0.201003,  0.000582,  0.134249),  (0.139624,  0.546033)
(0.184321,  0.000570,  -0.025777),  (0.001589,  0.587936)
(0.249716,  0.050315,  0.007700),  (0.026459,  0.547812)
(0.250000,  0.005068,  0.006987),  (0.006811,  0.546300)
(0.249716,  0.050315,  0.007700),  (0.026459,  0.547812)
(0.184321,  0.000570,  -0.025777),  (0.001589,  0.587936)
(0.180417,  0.046461,  -0.025080),  (0.021317,  0.591071)
(-0.029877,  0.014790,  -0.103541),  (0.015213,  0.718614)
(0.039445,  0.050209,  -0.077668),  (0.024065,  0.674938)
(0.040030,  0.010537,  -0.077152),  (0.007176,  0.676375)
(0.039445,  0.050209,  -0.077668),  (0.024065,  0.674938)
(-0.029877,  0.014790,  -0.103541),  (0.015213,  0.718614)
(-0.030081,  0.051105,  -0.107397),  (0.031129,  0.717115)
(0.093682,  0.003730,  -0.007393),  (0.194639,  0.626229)
(0.128284,  0.004760,  -0.043017),  (0.219405,  0.614024)
(0.163772,  0.003766,  0.021063),  (0.192532,  0.583914)
(0.128284,  0.004760,  -0.043017),  (0.219405,  0.614024)
(0.093682,  0.003730,  -0.007393),  (0.194639,  0.626229)
(0.110612,  0.007348,  -0.039493),  (0.214411,  0.622980)
(0.163772,  0.003766,  0.021063),  (0.192532,  0.583914)
(0.128284,  0.004760,  -0.043017),  (0.219405,  0.614024)
(0.184321,  0.000570,  -0.025777),  (0.220467,  0.580756)
(0.091540,  0.004988,  -0.057346),  (0.002338,  0.645060)
(0.109848,  0.030663,  -0.052785),  (0.013022,  0.633680)
(0.110612,  0.007348,  -0.039493),  (0.000595,  0.631257)
(-0.077915,  0.004416,  0.018404),  (0.147114,  0.710639)
(-0.008967,  0.046407,  0.049928),  (0.128673,  0.669635)
(-0.079057,  0.046372,  0.021472),  (0.129134,  0.710942)
(-0.008967,  0.046407,  0.049928),  (0.128673,  0.669635)
(-0.077915,  0.004416,  0.018404),  (0.147114,  0.710639)
(-0.008683,  0.001160,  0.049216),  (0.147050,  0.668966)
(-0.008683,  0.001160,  0.049216),  (0.147050,  0.668966)
(0.061124,  0.046443,  0.078384),  (0.126809,  0.628962)
(-0.008967,  0.046407,  0.049928),  (0.128673,  0.669635)
(0.061124,  0.046443,  0.078384),  (0.126809,  0.628962)
(-0.008683,  0.001160,  0.049216),  (0.147050,  0.668966)
(0.061407,  0.001196,  0.077672),  (0.145604,  0.628171)
(0.061407,  0.001196,  0.077672),  (0.145604,  0.628171)
(0.131951,  0.041948,  0.111157),  (0.127043,  0.587102)
(0.061124,  0.046443,  0.078384),  (0.126809,  0.628962)
(0.131951,  0.041948,  0.111157),  (0.127043,  0.587102)
(0.061407,  0.001196,  0.077672),  (0.145604,  0.628171)
(0.131498,  0.001231,  0.106128),  (0.143704,  0.587086)
(0.217442,  0.047781,  0.092764),  (0.088780,  0.536099)
(0.202433,  0.067830,  0.135427),  (0.110796,  0.549784)
(0.202780,  0.045793,  0.137906),  (0.114090,  0.540715)
(0.202433,  0.067830,  0.135427),  (0.110796,  0.549784)
(0.217442,  0.047781,  0.092764),  (0.088780,  0.536099)
(0.207009,  0.088296,  0.117588),  (0.098604,  0.554201)
(0.207009,  0.088296,  0.117588),  (0.098604,  0.554201)
(0.217442,  0.047781,  0.092764),  (0.088780,  0.536099)
(0.217158,  0.093028,  0.093477),  (0.086156,  0.553700)
(0.129577,  0.088428,  0.105492),  (0.108594,  0.590490)
(0.058074,  0.087665,  0.070850),  (0.109514,  0.632663)
(0.061124,  0.046443,  0.078384),  (0.126809,  0.628962)
(0.129577,  0.088428,  0.105492),  (0.108594,  0.590490)
(0.061124,  0.046443,  0.078384),  (0.126809,  0.628962)
(0.131951,  0.041948,  0.111157),  (0.127043,  0.587102)
(0.058074,  0.087665,  0.070850),  (0.109514,  0.632663)
(-0.009828,  0.087891,  0.049584),  (0.112218,  0.670710)
(-0.008967,  0.046407,  0.049928),  (0.128673,  0.669635)
(0.058074,  0.087665,  0.070850),  (0.109514,  0.632663)
(-0.008967,  0.046407,  0.049928),  (0.128673,  0.669635)
(0.061124,  0.046443,  0.078384),  (0.126809,  0.628962)
(0.147635,  0.002498,  0.063596),  (0.167925,  0.585431)
(0.233863,  0.003801,  0.049520),  (0.189465,  0.541485)
(0.217726,  0.002534,  0.092052),  (0.164467,  0.543453)
(0.233863,  0.003801,  0.049520),  (0.189465,  0.541485)
(0.147635,  0.002498,  0.063596),  (0.167925,  0.585431)
(0.163772,  0.003766,  0.021063),  (0.192532,  0.583914)
(0.128284,  0.004760,  -0.043017),  (0.001970,  0.621625)
(0.180417,  0.046461,  -0.025080),  (0.021317,  0.591071)
(0.184321,  0.000570,  -0.025777),  (0.001589,  0.587936)
(0.180417,  0.046461,  -0.025080),  (0.021317,  0.591071)
(0.128284,  0.004760,  -0.043017),  (0.001970,  0.621625)
(0.109869,  0.048300,  -0.054750),  (0.020513,  0.633938)
(0.109869,  0.048300,  -0.054750),  (0.020513,  0.633938)
(0.128284,  0.004760,  -0.043017),  (0.001970,  0.621625)
(0.109848,  0.030663,  -0.052785),  (0.013022,  0.633680)
(0.091540,  0.004988,  -0.057346),  (0.002338,  0.645060)
(0.109869,  0.048300,  -0.054750),  (0.020513,  0.633938)
(0.109848,  0.030663,  -0.052785),  (0.013022,  0.633680)
(0.109869,  0.048300,  -0.054750),  (0.020513,  0.633938)
(0.091540,  0.004988,  -0.057346),  (0.002338,  0.645060)
(0.039445,  0.050209,  -0.077668),  (0.024065,  0.674938)
(0.091540,  0.004988,  -0.057346),  (0.002338,  0.645060)
(0.040030,  0.010537,  -0.077152),  (0.007176,  0.676375)
(0.039445,  0.050209,  -0.077668),  (0.024065,  0.674938)
(0.180417,  0.046461,  -0.025080),  (0.021317,  0.591071)
(0.242055,  0.089061,  0.013150),  (0.043652,  0.551976)
(0.249716,  0.050315,  0.007700),  (0.026459,  0.547812)
(0.242055,  0.089061,  0.013150),  (0.043652,  0.551976)
(0.180417,  0.046461,  -0.025080),  (0.021317,  0.591071)
(0.180137,  0.092514,  -0.013523),  (0.042072,  0.590014)
(0.109869,  0.048300,  -0.054750),  (0.020513,  0.633938)
(0.180137,  0.092514,  -0.013523),  (0.042072,  0.590014)
(0.180417,  0.046461,  -0.025080),  (0.021317,  0.591071)
(0.180137,  0.092514,  -0.013523),  (0.042072,  0.590014)
(0.109869,  0.048300,  -0.054750),  (0.020513,  0.633938)
(0.107735,  0.097054,  -0.051312),  (0.040636,  0.634144)
(0.039445,  0.050209,  -0.077668),  (0.024065,  0.674938)
(0.107735,  0.097054,  -0.051312),  (0.040636,  0.634144)
(0.109869,  0.048300,  -0.054750),  (0.020513,  0.633938)
(0.107735,  0.097054,  -0.051312),  (0.040636,  0.634144)
(0.039445,  0.050209,  -0.077668),  (0.024065,  0.674938)
(0.039161,  0.095456,  -0.076956),  (0.043201,  0.672957)
(0.131951,  0.041948,  0.111157),  (0.127043,  0.587102)
(0.170742,  0.091745,  0.123716),  (0.106661,  0.569159)
(0.129577,  0.088428,  0.105492),  (0.108594,  0.590490)
(0.170742,  0.091745,  0.123716),  (0.106661,  0.569159)
(0.202780,  0.045793,  0.137906),  (0.120140,  0.546854)
(0.202433,  0.067830,  0.135427),  (0.110796,  0.549784)
(0.202780,  0.045793,  0.137906),  (0.120140,  0.546854)
(0.170742,  0.091745,  0.123716),  (0.106661,  0.569159)
(0.131951,  0.041948,  0.111157),  (0.127043,  0.587102)
(0.129577,  0.088428,  0.105492),  (0.108594,  0.590490)
(0.076977,  0.092957,  0.036565),  (0.088674,  0.630678)
(0.058074,  0.087665,  0.070850),  (0.109514,  0.632663)
(0.076977,  0.092957,  0.036565),  (0.088674,  0.630678)
(0.129577,  0.088428,  0.105492),  (0.108594,  0.590490)
(0.147068,  0.092993,  0.065021),  (0.086314,  0.590932)
(0.058074,  0.087665,  0.070850),  (0.109514,  0.632663)
(0.006887,  0.092922,  0.008109),  (0.089685,  0.670727)
(-0.009828,  0.087891,  0.049584),  (0.112218,  0.670710)
(0.006887,  0.092922,  0.008109),  (0.089685,  0.670727)
(0.058074,  0.087665,  0.070850),  (0.109514,  0.632663)
(0.076977,  0.092957,  0.036565),  (0.088674,  0.630678)
(0.163772,  0.003766,  0.021063),  (0.192532,  0.583914)
(0.250000,  0.005068,  0.006987),  (0.214488,  0.539719)
(0.233863,  0.003801,  0.049520),  (0.189465,  0.541485)
(0.250000,  0.005068,  0.006987),  (0.214488,  0.539719)
(0.163772,  0.003766,  0.021063),  (0.192532,  0.583914)
(0.184321,  0.000570,  -0.025777),  (0.220467,  0.580756)
(0.107735,  0.097054,  -0.051312),  (0.040636,  0.634144)
(0.023024,  0.094189,  -0.034424),  (0.066802,  0.671314)
(0.093115,  0.094224,  -0.005967),  (0.065034,  0.631659)
(0.023024,  0.094189,  -0.034424),  (0.066802,  0.671314)
(0.107735,  0.097054,  -0.051312),  (0.040636,  0.634144)
(0.039161,  0.095456,  -0.076956),  (0.043201,  0.672957)
(0.093115,  0.094224,  -0.005967),  (0.065034,  0.631659)
(0.006887,  0.092922,  0.008109),  (0.089685,  0.670727)
(0.076977,  0.092957,  0.036565),  (0.088674,  0.630678)
(0.006887,  0.092922,  0.008109),  (0.089685,  0.670727)
(0.093115,  0.094224,  -0.005967),  (0.065034,  0.631659)
(0.023024,  0.094189,  -0.034424),  (0.066802,  0.671314)
(0.093115,  0.094224,  -0.005967),  (0.065034,  0.631659)
(0.180137,  0.092514,  -0.013523),  (0.042072,  0.590014)
(0.107735,  0.097054,  -0.051312),  (0.040636,  0.634144)
(0.180137,  0.092514,  -0.013523),  (0.042072,  0.590014)
(0.093115,  0.094224,  -0.005967),  (0.065034,  0.631659)
(0.163205,  0.094260,  0.022489),  (0.063121,  0.591490)
(0.163205,  0.094260,  0.022489),  (0.063121,  0.591490)
(0.076977,  0.092957,  0.036565),  (0.088674,  0.630678)
(0.147068,  0.092993,  0.065021),  (0.086314,  0.590932)
(0.076977,  0.092957,  0.036565),  (0.088674,  0.630678)
(0.163205,  0.094260,  0.022489),  (0.063121,  0.591490)
(0.093115,  0.094224,  -0.005967),  (0.065034,  0.631659)
(0.242055,  0.089061,  0.013150),  (0.043652,  0.551976)
(0.163205,  0.094260,  0.022489),  (0.063121,  0.591490)
(0.233296,  0.094295,  0.050945),  (0.064435,  0.552599)
(0.163205,  0.094260,  0.022489),  (0.063121,  0.591490)
(0.242055,  0.089061,  0.013150),  (0.043652,  0.551976)
(0.180137,  0.092514,  -0.013523),  (0.042072,  0.590014)
(0.233296,  0.094295,  0.050945),  (0.064435,  0.552599)
(0.147068,  0.092993,  0.065021),  (0.086314,  0.590932)
(0.217158,  0.093028,  0.093477),  (0.086156,  0.553700)
(0.147068,  0.092993,  0.065021),  (0.086314,  0.590932)
(0.233296,  0.094295,  0.050945),  (0.064435,  0.552599)
(0.163205,  0.094260,  0.022489),  (0.063121,  0.591490)
(-0.008683,  0.001160,  0.049216),  (0.147050,  0.668966)
(0.077544,  0.002463,  0.035139),  (0.170030,  0.627185)
(0.061407,  0.001196,  0.077672),  (0.145604,  0.628171)
(0.077544,  0.002463,  0.035139),  (0.170030,  0.627185)
(-0.008683,  0.001160,  0.049216),  (0.147050,  0.668966)
(0.007454,  0.002427,  0.006683),  (0.171122,  0.668908)
(0.023715,  0.000473,  -0.035358),  (0.195528,  0.668409)
(0.077544,  0.002463,  0.035139),  (0.170030,  0.627185)
(0.007454,  0.002427,  0.006683),  (0.171122,  0.668908)
(0.077544,  0.002463,  0.035139),  (0.170030,  0.627185)
(0.023715,  0.000473,  -0.035358),  (0.195528,  0.668409)
(0.093682,  0.003730,  -0.007393),  (0.194639,  0.626229)
(0.061407,  0.001196,  0.077672),  (0.145604,  0.628171)
(0.147635,  0.002498,  0.063596),  (0.167925,  0.585431)
(0.131498,  0.001231,  0.106128),  (0.143704,  0.587086)
(0.147635,  0.002498,  0.063596),  (0.167925,  0.585431)
(0.061407,  0.001196,  0.077672),  (0.145604,  0.628171)
(0.077544,  0.002463,  0.035139),  (0.170030,  0.627185)
(0.077544,  0.002463,  0.035139),  (0.170030,  0.627185)
(0.163772,  0.003766,  0.021063),  (0.192532,  0.583914)
(0.147635,  0.002498,  0.063596),  (0.167925,  0.585431)
(0.163772,  0.003766,  0.021063),  (0.192532,  0.583914)
(0.077544,  0.002463,  0.035139),  (0.170030,  0.627185)
(0.093682,  0.003730,  -0.007393),  (0.194639,  0.626229)
(0.233863,  0.003801,  0.049520),  (0.065398,  0.514788)
(0.249716,  0.050315,  0.007700),  (0.039639,  0.534313)
(0.238460,  0.048204,  0.054040),  (0.065607,  0.533936)
(0.249716,  0.050315,  0.007700),  (0.039639,  0.534313)
(0.233863,  0.003801,  0.049520),  (0.065398,  0.514788)
(0.250000,  0.005068,  0.006987),  (0.039862,  0.514499)
(0.217726,  0.002534,  0.092052),  (0.091043,  0.516911)
(0.238460,  0.048204,  0.054040),  (0.065607,  0.533936)
(0.217442,  0.047781,  0.092764),  (0.088780,  0.536099)
(0.238460,  0.048204,  0.054040),  (0.065607,  0.533936)
(0.217726,  0.002534,  0.092052),  (0.091043,  0.516911)
(0.233863,  0.003801,  0.049520),  (0.065398,  0.514788)
(-0.077915,  0.004416,  0.018404),  (0.147114,  0.710639)
(0.007454,  0.002427,  0.006683),  (0.171122,  0.668908)
(-0.008683,  0.001160,  0.049216),  (0.147050,  0.668966)
(0.007454,  0.002427,  0.006683),  (0.171122,  0.668908)
(-0.077915,  0.004416,  0.018404),  (0.147114,  0.710639)
(-0.062545,  0.006505,  -0.022869),  (0.171305,  0.711193)
(-0.046232,  0.000976,  -0.064205),  (0.195882,  0.710905)
(0.007454,  0.002427,  0.006683),  (0.171122,  0.668908)
(-0.062545,  0.006505,  -0.022869),  (0.171305,  0.711193)
(0.007454,  0.002427,  0.006683),  (0.171122,  0.668908)
(-0.046232,  0.000976,  -0.064205),  (0.195882,  0.710905)
(0.023715,  0.000473,  -0.035358),  (0.195528,  0.668409)
(0.238460,  0.048204,  0.054040),  (0.065607,  0.533936)
(0.217158,  0.093028,  0.093477),  (0.086156,  0.553700)
(0.217442,  0.047781,  0.092764),  (0.088780,  0.536099)
(0.217158,  0.093028,  0.093477),  (0.086156,  0.553700)
(0.238460,  0.048204,  0.054040),  (0.065607,  0.533936)
(0.233296,  0.094295,  0.050945),  (0.064435,  0.552599)
(-0.075342,  0.088870,  0.015003),  (0.110320,  0.710262)
(-0.062920,  0.047639,  -0.021060),  (0.090540,  0.728905)
(-0.079057,  0.046372,  0.021472),  (0.115312,  0.728369)
(-0.062920,  0.047639,  -0.021060),  (0.090540,  0.728905)
(-0.075342,  0.088870,  0.015003),  (0.110320,  0.710262)
(-0.063204,  0.092886,  -0.020348),  (0.090266,  0.710196)
(-0.063204,  0.092886,  -0.020348),  (0.090266,  0.710196)
(-0.046783,  0.048906,  -0.063592),  (0.066423,  0.728746)
(-0.062920,  0.047639,  -0.021060),  (0.090540,  0.728905)
(-0.046783,  0.048906,  -0.063592),  (0.066423,  0.728746)
(-0.063204,  0.092886,  -0.020348),  (0.090266,  0.710196)
(-0.047248,  0.101061,  -0.064089),  (0.067295,  0.708555)
(-0.079057,  0.046372,  0.021472),  (0.115312,  0.728369)
(-0.062920,  0.047639,  -0.021060),  (0.090540,  0.728905)
(-0.077915,  0.004416,  0.018404),  (0.114182,  0.746487)
(-0.077915,  0.004416,  0.018404),  (0.114182,  0.746487)
(-0.062920,  0.047639,  -0.021060),  (0.090540,  0.728905)
(-0.062545,  0.006505,  -0.022869),  (0.089853,  0.746376)
(-0.062920,  0.047639,  -0.021060),  (0.090540,  0.728905)
(-0.046783,  0.048906,  -0.063592),  (0.066423,  0.728746)
(-0.062545,  0.006505,  -0.022869),  (0.089853,  0.746376)
(-0.062545,  0.006505,  -0.022869),  (0.089853,  0.746376)
(-0.046783,  0.048906,  -0.063592),  (0.066423,  0.728746)
(-0.046232,  0.000976,  -0.064205),  (0.065282,  0.748404)
(-0.034684,  0.101810,  -0.090908),  (0.054224,  0.708123)
(-0.046783,  0.048906,  -0.063592),  (0.066423,  0.728746)
(-0.047248,  0.101061,  -0.064089),  (0.067295,  0.708555)
(-0.046783,  0.048906,  -0.063592),  (0.066423,  0.728746)
(-0.029536,  0.085900,  -0.104018),  (0.045389,  0.711348)
(-0.030081,  0.051105,  -0.107397),  (0.042280,  0.725551)
(-0.029536,  0.085900,  -0.104018),  (0.045389,  0.711348)
(-0.046783,  0.048906,  -0.063592),  (0.066423,  0.728746)
(-0.034684,  0.101810,  -0.090908),  (0.054224,  0.708123)
(0.023024,  0.094189,  -0.034424),  (0.066802,  0.671314)
(-0.063204,  0.092886,  -0.020348),  (0.090266,  0.710196)
(0.006887,  0.092922,  0.008109),  (0.089685,  0.670727)
(-0.063204,  0.092886,  -0.020348),  (0.090266,  0.710196)
(0.023024,  0.094189,  -0.034424),  (0.066802,  0.671314)
(-0.047248,  0.101061,  -0.064089),  (0.067295,  0.708555)
(0.170742,  0.091745,  0.123716),  (0.106661,  0.569159)
(0.202433,  0.067830,  0.135427),  (0.110796,  0.549784)
(0.207009,  0.088296,  0.117588),  (0.098604,  0.554201)
(0.170742,  0.091745,  0.123716),  (0.106661,  0.569159)
(0.147068,  0.092993,  0.065021),  (0.086314,  0.590932)
(0.129577,  0.088428,  0.105492),  (0.108594,  0.590490)
(0.147068,  0.092993,  0.065021),  (0.086314,  0.590932)
(0.170742,  0.091745,  0.123716),  (0.106661,  0.569159)
(0.217158,  0.093028,  0.093477),  (0.086156,  0.553700)
(0.217158,  0.093028,  0.093477),  (0.086156,  0.553700)
(0.170742,  0.091745,  0.123716),  (0.106661,  0.569159)
(0.207009,  0.088296,  0.117588),  (0.098604,  0.554201)
(-0.034684,  0.101810,  -0.090908),  (0.054224,  0.708123)
(-0.017650,  0.100998,  -0.098110),  (0.048256,  0.702518)
(-0.029536,  0.085900,  -0.104018),  (0.045389,  0.711348)
(0.039445,  0.050209,  -0.077668),  (0.024065,  0.674938)
(-0.017650,  0.100998,  -0.098110),  (0.048256,  0.702518)
(0.039161,  0.095456,  -0.076956),  (0.043201,  0.672957)
(-0.030081,  0.051105,  -0.107397),  (0.031129,  0.717115)
(-0.017650,  0.100998,  -0.098110),  (0.048256,  0.702518)
(0.039445,  0.050209,  -0.077668),  (0.024065,  0.674938)
(-0.017650,  0.100998,  -0.098110),  (0.048256,  0.702518)
(-0.030081,  0.051105,  -0.107397),  (0.031129,  0.717115)
(-0.029536,  0.085900,  -0.104018),  (0.045389,  0.711348)
(0.109848,  0.030663,  -0.052785),  (0.013022,  0.633680)
(0.128284,  0.004760,  -0.043017),  (0.001970,  0.621625)
(0.110612,  0.007348,  -0.039493),  (0.000595,  0.631257)
(0.023715,  0.000473,  -0.035358),  (0.195528,  0.668409)
(0.091540,  0.004988,  -0.057346),  (0.219970,  0.636505)
(0.093682,  0.003730,  -0.007393),  (0.194639,  0.626229)
(0.091540,  0.004988,  -0.057346),  (0.219970,  0.636505)
(0.023715,  0.000473,  -0.035358),  (0.195528,  0.668409)
(0.040030,  0.010537,  -0.077152),  (0.220467,  0.667798)
(0.093682,  0.003730,  -0.007393),  (0.194639,  0.626229)
(0.091540,  0.004988,  -0.057346),  (0.219970,  0.636505)
(0.110612,  0.007348,  -0.039493),  (0.214411,  0.622980)
(-0.100115,  0.091432,  0.392603),  (0.081454,  0.361411)
(-0.034005,  0.089685,  0.359278),  (0.080839,  0.390487)
(-0.055994,  0.093591,  0.320445),  (0.096969,  0.390466)
(-0.055994,  0.093591,  0.320445),  (0.096969,  0.390466)
(-0.119894,  0.100013,  0.361055),  (0.096489,  0.362395)
(-0.100115,  0.091432,  0.392603),  (0.081454,  0.361411)
(-0.143590,  0.049413,  0.322431),  (0.114311,  0.348267)
(-0.166220,  0.007377,  0.286284),  (0.132806,  0.337693)
(-0.143668,  0.001471,  0.322422),  (0.115815,  0.333496)
(-0.166220,  0.007377,  0.286284),  (0.132806,  0.337693)
(-0.143590,  0.049413,  0.322431),  (0.114311,  0.348267)
(-0.167381,  0.050444,  0.282257),  (0.132388,  0.351434)
(0.071630,  0.001193,  0.239045),  (0.038550,  0.450077)
(0.135761,  0.000249,  0.198238),  (0.039674,  0.481513)
(0.155984,  0.006573,  0.237366),  (0.058003,  0.479519)
(0.155984,  0.006573,  0.237366),  (0.058003,  0.479519)
(0.094777,  0.001057,  0.277971),  (0.056497,  0.449714)
(0.071630,  0.001193,  0.239045),  (0.038550,  0.450077)
(-0.079141,  0.093726,  0.281519),  (0.113709,  0.389975)
(-0.152256,  0.092950,  0.282541),  (0.126219,  0.366052)
(-0.143012,  0.098777,  0.323326),  (0.112132,  0.362343)
(-0.143012,  0.098777,  0.323326),  (0.112132,  0.362343)
(-0.152256,  0.092950,  0.282541),  (0.126219,  0.366052)
(-0.155795,  0.091730,  0.299370),  (0.121831,  0.361986)
(-0.152256,  0.092950,  0.282541),  (0.126219,  0.366052)
(-0.079141,  0.093726,  0.281519),  (0.113709,  0.389975)
(-0.102288,  0.093861,  0.242592),  (0.130621,  0.389025)
(0.118809,  0.044762,  0.157476),  (0.111232,  0.495677)
(0.089248,  0.101993,  0.132359),  (0.129634,  0.478848)
(0.113527,  0.092368,  0.159410),  (0.114243,  0.480548)
(0.089248,  0.101993,  0.132359),  (0.129634,  0.478848)
(0.118809,  0.044762,  0.157476),  (0.111232,  0.495677)
(0.089785,  0.045776,  0.120279),  (0.131054,  0.498357)
(-0.166220,  0.007377,  0.286284),  (0.010400,  0.352769)
(-0.102925,  0.003350,  0.242804),  (0.004651,  0.385194)
(-0.079321,  0.000000,  0.281978),  (0.023574,  0.387457)
(-0.079321,  0.000000,  0.281978),  (0.023574,  0.387457)
(-0.143668,  0.001471,  0.322422),  (0.028260,  0.355777)
(-0.166220,  0.007377,  0.286284),  (0.010400,  0.352769)
(-0.034005,  0.089685,  0.359278),  (0.080839,  0.390487)
(-0.100115,  0.091432,  0.392603),  (0.081454,  0.361411)
(-0.101267,  0.051180,  0.391100),  (0.068404,  0.361480)
(-0.034005,  0.089685,  0.359278),  (0.080839,  0.390487)
(-0.101267,  0.051180,  0.391100),  (0.068404,  0.361480)
(-0.028488,  0.046421,  0.362246),  (0.068762,  0.392419)
(0.155984,  0.006573,  0.237366),  (0.072330,  0.499542)
(0.136079,  0.045505,  0.198132),  (0.093491,  0.492042)
(0.162130,  0.044666,  0.237421),  (0.074471,  0.486618)
(0.136079,  0.045505,  0.198132),  (0.093491,  0.492042)
(0.155984,  0.006573,  0.237366),  (0.072330,  0.499542)
(0.135761,  0.000249,  0.198238),  (0.090232,  0.506512)
(0.094777,  0.001057,  0.277971),  (0.056497,  0.449714)
(0.155984,  0.006573,  0.237366),  (0.058003,  0.479519)
(0.098880,  0.041848,  0.279929),  (0.068771,  0.450735)
(0.162130,  0.044666,  0.237421),  (0.070297,  0.481417)
(0.098880,  0.041848,  0.279929),  (0.068771,  0.450735)
(0.155984,  0.006573,  0.237366),  (0.058003,  0.479519)
(0.089466,  0.000520,  0.120385),  (0.163208,  0.481408)
(0.023837,  0.000480,  0.159712),  (0.163208,  0.448680)
(0.022796,  0.042804,  0.157897),  (0.149472,  0.448812)
(0.089466,  0.000520,  0.120385),  (0.163208,  0.481408)
(0.022796,  0.042804,  0.157897),  (0.149472,  0.448812)
(0.089785,  0.045776,  0.120279),  (0.148417,  0.481548)
(-0.166220,  0.007377,  0.286284),  (0.150769,  0.352888)
(-0.102607,  0.048605,  0.242698),  (0.144370,  0.386761)
(-0.102925,  0.003350,  0.242804),  (0.158554,  0.384536)
(-0.102607,  0.048605,  0.242698),  (0.144370,  0.386761)
(-0.166220,  0.007377,  0.286284),  (0.150769,  0.352888)
(-0.167381,  0.050444,  0.282257),  (0.137124,  0.356250)
(-0.102925,  0.003350,  0.242804),  (0.158554,  0.384536)
(-0.042550,  0.045609,  0.198320),  (0.148039,  0.416839)
(-0.038795,  0.002406,  0.201998),  (0.162002,  0.416598)
(-0.042550,  0.045609,  0.198320),  (0.148039,  0.416839)
(-0.102925,  0.003350,  0.242804),  (0.158554,  0.384536)
(-0.102607,  0.048605,  0.242698),  (0.144370,  0.386761)
(-0.038795,  0.002406,  0.201998),  (0.162002,  0.416598)
(0.022796,  0.042804,  0.157897),  (0.149472,  0.448812)
(0.023837,  0.000480,  0.159712),  (0.163208,  0.448680)
(0.022796,  0.042804,  0.157897),  (0.149472,  0.448812)
(-0.038795,  0.002406,  0.201998),  (0.162002,  0.416598)
(-0.042550,  0.045609,  0.198320),  (0.148039,  0.416839)
(-0.036207,  0.002968,  0.357157),  (0.056312,  0.391254)
(-0.119190,  0.008093,  0.363306),  (0.048238,  0.359357)
(-0.056631,  0.003079,  0.320658),  (0.041193,  0.389487)
(-0.036207,  0.002968,  0.357157),  (0.056312,  0.391254)
(0.030647,  0.002001,  0.318778),  (0.056649,  0.419940)
(-0.028488,  0.046421,  0.362246),  (0.068762,  0.392419)
(0.030965,  0.047256,  0.318672),  (0.070171,  0.419833)
(-0.028488,  0.046421,  0.362246),  (0.068762,  0.392419)
(0.030647,  0.002001,  0.318778),  (0.056649,  0.419940)
(0.030647,  0.002001,  0.318778),  (0.056649,  0.419940)
(0.094777,  0.001057,  0.277971),  (0.056497,  0.449714)
(0.030965,  0.047256,  0.318672),  (0.070171,  0.419833)
(0.098880,  0.041848,  0.279929),  (0.068771,  0.450735)
(0.030965,  0.047256,  0.318672),  (0.070171,  0.419833)
(0.094777,  0.001057,  0.277971),  (0.056497,  0.449714)
(0.136079,  0.045505,  0.198132),  (0.093491,  0.492042)
(0.159977,  0.066660,  0.235843),  (0.077641,  0.479951)
(0.162130,  0.044666,  0.237421),  (0.074471,  0.486618)
(0.159977,  0.066660,  0.235843),  (0.077641,  0.479951)
(0.136079,  0.045505,  0.198132),  (0.093491,  0.492042)
(0.148924,  0.086693,  0.220988),  (0.087220,  0.477438)
(0.148924,  0.086693,  0.220988),  (0.087220,  0.477438)
(0.136079,  0.045505,  0.198132),  (0.093491,  0.492042)
(0.136398,  0.090761,  0.198026),  (0.096844,  0.478556)
(0.087245,  0.085944,  0.270832),  (0.083558,  0.448638)
(0.023256,  0.088395,  0.315961),  (0.082511,  0.417321)
(0.030965,  0.047256,  0.318672),  (0.070171,  0.419833)
(0.087245,  0.085944,  0.270832),  (0.083558,  0.448638)
(0.030965,  0.047256,  0.318672),  (0.070171,  0.419833)
(0.098880,  0.041848,  0.279929),  (0.068771,  0.450735)
(-0.034005,  0.089685,  0.359278),  (0.080839,  0.390487)
(-0.028488,  0.046421,  0.362246),  (0.068762,  0.392419)
(0.023256,  0.088395,  0.315961),  (0.082511,  0.417321)
(0.023256,  0.088395,  0.315961),  (0.082511,  0.417321)
(-0.028488,  0.046421,  0.362246),  (0.068762,  0.392419)
(0.030965,  0.047256,  0.318672),  (0.070171,  0.419833)
(0.048483,  0.001328,  0.200118),  (0.020185,  0.450084)
(0.112613,  0.000385,  0.159311),  (0.020727,  0.482068)
(0.135761,  0.000249,  0.198238),  (0.039674,  0.481513)
(0.135761,  0.000249,  0.198238),  (0.039674,  0.481513)
(0.071630,  0.001193,  0.239045),  (0.038550,  0.450077)
(0.048483,  0.001328,  0.200118),  (0.020185,  0.450084)
(-0.038795,  0.002406,  0.201998),  (0.002209,  0.417584)
(0.023837,  0.000480,  0.159712),  (0.000595,  0.449717)
(0.048483,  0.001328,  0.200118),  (0.020185,  0.450084)
(0.048483,  0.001328,  0.200118),  (0.020185,  0.450084)
(-0.015648,  0.002271,  0.240925),  (0.020920,  0.418513)
(-0.038795,  0.002406,  0.201998),  (0.002209,  0.417584)
(-0.102925,  0.003350,  0.242804),  (0.004651,  0.385194)
(-0.038795,  0.002406,  0.201998),  (0.002209,  0.417584)
(-0.015648,  0.002271,  0.240925),  (0.020920,  0.418513)
(-0.015648,  0.002271,  0.240925),  (0.020920,  0.418513)
(-0.079321,  0.000000,  0.281978),  (0.023574,  0.387457)
(-0.102925,  0.003350,  0.242804),  (0.004651,  0.385194)
(0.089785,  0.045776,  0.120279),  (0.148417,  0.481548)
(0.031216,  0.096103,  0.164931),  (0.131664,  0.450525)
(0.089248,  0.101993,  0.132359),  (0.129634,  0.478848)
(0.031216,  0.096103,  0.164931),  (0.131664,  0.450525)
(0.089785,  0.045776,  0.120279),  (0.148417,  0.481548)
(0.022796,  0.042804,  0.157897),  (0.149472,  0.448812)
(-0.041244,  0.094460,  0.201321),  (0.133039,  0.417394)
(0.022796,  0.042804,  0.157897),  (0.149472,  0.448812)
(-0.042550,  0.045609,  0.198320),  (0.148039,  0.416839)
(0.022796,  0.042804,  0.157897),  (0.149472,  0.448812)
(-0.041244,  0.094460,  0.201321),  (0.133039,  0.417394)
(0.031216,  0.096103,  0.164931),  (0.131664,  0.450525)
(-0.042550,  0.045609,  0.198320),  (0.148039,  0.416839)
(-0.102288,  0.093861,  0.242592),  (0.130621,  0.389025)
(-0.041244,  0.094460,  0.201321),  (0.133039,  0.417394)
(-0.102288,  0.093861,  0.242592),  (0.130621,  0.389025)
(-0.042550,  0.045609,  0.198320),  (0.148039,  0.416839)
(-0.102607,  0.048605,  0.242698),  (0.144370,  0.386761)
(0.098880,  0.041848,  0.279929),  (0.068771,  0.450735)
(0.131841,  0.091033,  0.254581),  (0.082098,  0.465887)
(0.087245,  0.085944,  0.270832),  (0.083558,  0.448638)
(0.131841,  0.091033,  0.254581),  (0.082098,  0.465887)
(0.162130,  0.044666,  0.237421),  (0.070297,  0.481417)
(0.159977,  0.066660,  0.235843),  (0.077641,  0.479951)
(0.162130,  0.044666,  0.237421),  (0.070297,  0.481417)
(0.131841,  0.091033,  0.254581),  (0.082098,  0.465887)
(0.098880,  0.041848,  0.279929),  (0.068771,  0.450735)
(0.087245,  0.085944,  0.270832),  (0.083558,  0.448638)
(0.009115,  0.090524,  0.280319),  (0.096886,  0.419658)
(0.023256,  0.088395,  0.315961),  (0.082511,  0.417321)
(0.009115,  0.090524,  0.280319),  (0.096886,  0.419658)
(0.087245,  0.085944,  0.270832),  (0.083558,  0.448638)
(0.072268,  0.091704,  0.238832),  (0.097782,  0.449517)
(-0.055994,  0.093591,  0.320445),  (0.096969,  0.390466)
(0.023256,  0.088395,  0.315961),  (0.082511,  0.417321)
(0.009115,  0.090524,  0.280319),  (0.096886,  0.419658)
(0.023256,  0.088395,  0.315961),  (0.082511,  0.417321)
(-0.055994,  0.093591,  0.320445),  (0.096969,  0.390466)
(-0.034005,  0.089685,  0.359278),  (0.080839,  0.390487)
(0.089466,  0.000520,  0.120385),  (0.001743,  0.482309)
(0.048483,  0.001328,  0.200118),  (0.020185,  0.450084)
(0.023837,  0.000480,  0.159712),  (0.000595,  0.449717)
(0.048483,  0.001328,  0.200118),  (0.020185,  0.450084)
(0.089466,  0.000520,  0.120385),  (0.001743,  0.482309)
(0.112613,  0.000385,  0.159311),  (0.020727,  0.482068)
(-0.015010,  0.092783,  0.240712),  (0.114814,  0.419152)
(-0.041244,  0.094460,  0.201321),  (0.133039,  0.417394)
(-0.079141,  0.093726,  0.281519),  (0.113709,  0.389975)
(-0.041244,  0.094460,  0.201321),  (0.133039,  0.417394)
(-0.102288,  0.093861,  0.242592),  (0.130621,  0.389025)
(-0.079141,  0.093726,  0.281519),  (0.113709,  0.389975)
(0.009115,  0.090524,  0.280319),  (0.096886,  0.419658)
(-0.015010,  0.092783,  0.240712),  (0.114814,  0.419152)
(-0.055994,  0.093591,  0.320445),  (0.096969,  0.390466)
(-0.015010,  0.092783,  0.240712),  (0.114814,  0.419152)
(-0.079141,  0.093726,  0.281519),  (0.113709,  0.389975)
(-0.055994,  0.093591,  0.320445),  (0.096969,  0.390466)
(-0.015010,  0.092783,  0.240712),  (0.114814,  0.419152)
(0.048045,  0.096795,  0.200090),  (0.115861,  0.449187)
(0.031216,  0.096103,  0.164931),  (0.131664,  0.450525)
(0.031216,  0.096103,  0.164931),  (0.131664,  0.450525)
(-0.041244,  0.094460,  0.201321),  (0.133039,  0.417394)
(-0.015010,  0.092783,  0.240712),  (0.114814,  0.419152)
(0.072268,  0.091704,  0.238832),  (0.097782,  0.449517)
(0.048045,  0.096795,  0.200090),  (0.115861,  0.449187)
(0.009115,  0.090524,  0.280319),  (0.096886,  0.419658)
(0.048045,  0.096795,  0.200090),  (0.115861,  0.449187)
(-0.015010,  0.092783,  0.240712),  (0.114814,  0.419152)
(0.009115,  0.090524,  0.280319),  (0.096886,  0.419658)
(0.048045,  0.096795,  0.200090),  (0.115861,  0.449187)
(0.113527,  0.092368,  0.159410),  (0.114243,  0.480548)
(0.089248,  0.101993,  0.132359),  (0.129634,  0.478848)
(0.089248,  0.101993,  0.132359),  (0.129634,  0.478848)
(0.031216,  0.096103,  0.164931),  (0.131664,  0.450525)
(0.048045,  0.096795,  0.200090),  (0.115861,  0.449187)
(0.136398,  0.090761,  0.198026),  (0.096844,  0.478556)
(0.113527,  0.092368,  0.159410),  (0.114243,  0.480548)
(0.072268,  0.091704,  0.238832),  (0.097782,  0.449517)
(0.113527,  0.092368,  0.159410),  (0.114243,  0.480548)
(0.048045,  0.096795,  0.200090),  (0.115861,  0.449187)
(0.072268,  0.091704,  0.238832),  (0.097782,  0.449517)
(0.007500,  0.002136,  0.279851),  (0.038914,  0.419361)
(-0.036207,  0.002968,  0.357157),  (0.056312,  0.391254)
(-0.056631,  0.003079,  0.320658),  (0.041193,  0.389487)
(-0.036207,  0.002968,  0.357157),  (0.056312,  0.391254)
(0.007500,  0.002136,  0.279851),  (0.038914,  0.419361)
(0.030647,  0.002001,  0.318778),  (0.056649,  0.419940)
(-0.079321,  0.000000,  0.281978),  (0.023574,  0.387457)
(-0.015648,  0.002271,  0.240925),  (0.020920,  0.418513)
(0.007500,  0.002136,  0.279851),  (0.038914,  0.419361)
(0.007500,  0.002136,  0.279851),  (0.038914,  0.419361)
(-0.056631,  0.003079,  0.320658),  (0.041193,  0.389487)
(-0.079321,  0.000000,  0.281978),  (0.023574,  0.387457)
(0.007500,  0.002136,  0.279851),  (0.038914,  0.419361)
(0.071630,  0.001193,  0.239045),  (0.038550,  0.450077)
(0.094777,  0.001057,  0.277971),  (0.056497,  0.449714)
(0.094777,  0.001057,  0.277971),  (0.056497,  0.449714)
(0.030647,  0.002001,  0.318778),  (0.056649,  0.419940)
(0.007500,  0.002136,  0.279851),  (0.038914,  0.419361)
(-0.015648,  0.002271,  0.240925),  (0.020920,  0.418513)
(0.048483,  0.001328,  0.200118),  (0.020185,  0.450084)
(0.071630,  0.001193,  0.239045),  (0.038550,  0.450077)
(0.071630,  0.001193,  0.239045),  (0.038550,  0.450077)
(0.007500,  0.002136,  0.279851),  (0.038914,  0.419361)
(-0.015648,  0.002271,  0.240925),  (0.020920,  0.418513)
(0.118809,  0.044762,  0.157476),  (0.111232,  0.495677)
(0.089466,  0.000520,  0.120385),  (0.128762,  0.513310)
(0.089785,  0.045776,  0.120279),  (0.131054,  0.498357)
(0.089466,  0.000520,  0.120385),  (0.128762,  0.513310)
(0.118809,  0.044762,  0.157476),  (0.111232,  0.495677)
(0.112613,  0.000385,  0.159311),  (0.109491,  0.510356)
(0.136079,  0.045505,  0.198132),  (0.093491,  0.492042)
(0.112613,  0.000385,  0.159311),  (0.109491,  0.510356)
(0.118809,  0.044762,  0.157476),  (0.111232,  0.495677)
(0.112613,  0.000385,  0.159311),  (0.109491,  0.510356)
(0.136079,  0.045505,  0.198132),  (0.093491,  0.492042)
(0.135761,  0.000249,  0.198238),  (0.090232,  0.506512)
(-0.143668,  0.001471,  0.322422),  (0.028260,  0.355777)
(-0.079321,  0.000000,  0.281978),  (0.023574,  0.387457)
(-0.056631,  0.003079,  0.320658),  (0.041193,  0.389487)
(-0.056631,  0.003079,  0.320658),  (0.041193,  0.389487)
(-0.119190,  0.008093,  0.363306),  (0.048238,  0.359357)
(-0.143668,  0.001471,  0.322422),  (0.028260,  0.355777)
(0.136079,  0.045505,  0.198132),  (0.093491,  0.492042)
(0.113527,  0.092368,  0.159410),  (0.114243,  0.480548)
(0.136398,  0.090761,  0.198026),  (0.096844,  0.478556)
(0.113527,  0.092368,  0.159410),  (0.114243,  0.480548)
(0.136079,  0.045505,  0.198132),  (0.093491,  0.492042)
(0.118809,  0.044762,  0.157476),  (0.111232,  0.495677)
(-0.100115,  0.091432,  0.392603),  (0.081454,  0.361411)
(-0.120443,  0.049278,  0.361358),  (0.096384,  0.347241)
(-0.101267,  0.051180,  0.391100),  (0.081820,  0.348091)
(-0.120443,  0.049278,  0.361358),  (0.096384,  0.347241)
(-0.100115,  0.091432,  0.392603),  (0.081454,  0.361411)
(-0.119894,  0.100013,  0.361055),  (0.096489,  0.362395)
(-0.143012,  0.098777,  0.323326),  (0.112132,  0.362343)
(-0.120443,  0.049278,  0.361358),  (0.096384,  0.347241)
(-0.119894,  0.100013,  0.361055),  (0.096489,  0.362395)
(-0.120443,  0.049278,  0.361358),  (0.096384,  0.347241)
(-0.143012,  0.098777,  0.323326),  (0.112132,  0.362343)
(-0.143590,  0.049413,  0.322431),  (0.114311,  0.348267)
(-0.101267,  0.051180,  0.391100),  (0.068404,  0.361480)
(-0.036207,  0.002968,  0.357157),  (0.056312,  0.391254)
(-0.028488,  0.046421,  0.362246),  (0.068762,  0.392419)
(-0.143590,  0.049413,  0.322431),  (0.114311,  0.348267)
(-0.119190,  0.008093,  0.363306),  (0.095812,  0.334120)
(-0.120443,  0.049278,  0.361358),  (0.096384,  0.347241)
(-0.119190,  0.008093,  0.363306),  (0.095812,  0.334120)
(-0.143590,  0.049413,  0.322431),  (0.114311,  0.348267)
(-0.143668,  0.001471,  0.322422),  (0.115815,  0.333496)
(-0.143012,  0.098777,  0.323326),  (0.112132,  0.362343)
(-0.155795,  0.091730,  0.299370),  (0.121831,  0.361986)
(-0.143590,  0.049413,  0.322431),  (0.114311,  0.348267)
(-0.143590,  0.049413,  0.322431),  (0.114311,  0.348267)
(-0.161061,  0.082194,  0.289956),  (0.126756,  0.360570)
(-0.167381,  0.050444,  0.282257),  (0.132388,  0.351434)
(-0.161061,  0.082194,  0.289956),  (0.126756,  0.360570)
(-0.143590,  0.049413,  0.322431),  (0.114311,  0.348267)
(-0.155795,  0.091730,  0.299370),  (0.121831,  0.361986)
(-0.055994,  0.093591,  0.320445),  (0.096969,  0.390466)
(-0.079141,  0.093726,  0.281519),  (0.113709,  0.389975)
(-0.119894,  0.100013,  0.361055),  (0.096489,  0.362395)
(-0.079141,  0.093726,  0.281519),  (0.113709,  0.389975)
(-0.143012,  0.098777,  0.323326),  (0.112132,  0.362343)
(-0.119894,  0.100013,  0.361055),  (0.096489,  0.362395)
(0.131841,  0.091033,  0.254581),  (0.082098,  0.465887)
(0.159977,  0.066660,  0.235843),  (0.077641,  0.479951)
(0.148924,  0.086693,  0.220988),  (0.087220,  0.477438)
(0.131841,  0.091033,  0.254581),  (0.082098,  0.465887)
(0.072268,  0.091704,  0.238832),  (0.097782,  0.449517)
(0.087245,  0.085944,  0.270832),  (0.083558,  0.448638)
(0.072268,  0.091704,  0.238832),  (0.097782,  0.449517)
(0.131841,  0.091033,  0.254581),  (0.082098,  0.465887)
(0.136398,  0.090761,  0.198026),  (0.096844,  0.478556)
(0.136398,  0.090761,  0.198026),  (0.096844,  0.478556)
(0.131841,  0.091033,  0.254581),  (0.082098,  0.465887)
(0.148924,  0.086693,  0.220988),  (0.087220,  0.477438)
(-0.155795,  0.091730,  0.299370),  (0.121831,  0.361986)
(-0.152256,  0.092950,  0.282541),  (0.126219,  0.366052)
(-0.161061,  0.082194,  0.289956),  (0.126756,  0.360570)
(-0.102607,  0.048605,  0.242698),  (0.144370,  0.386761)
(-0.152256,  0.092950,  0.282541),  (0.126219,  0.366052)
(-0.102288,  0.093861,  0.242592),  (0.130621,  0.389025)
(-0.161061,  0.082194,  0.289956),  (0.126756,  0.360570)
(-0.102607,  0.048605,  0.242698),  (0.144370,  0.386761)
(-0.167381,  0.050444,  0.282257),  (0.137124,  0.356250)
(-0.152256,  0.092950,  0.282541),  (0.126219,  0.366052)
(-0.102607,  0.048605,  0.242698),  (0.144370,  0.386761)
(-0.161061,  0.082194,  0.289956),  (0.126756,  0.360570)
(-0.036207,  0.002968,  0.357157),  (0.056312,  0.391254)
(-0.101267,  0.051180,  0.391100),  (0.068404,  0.361480)
(-0.119190,  0.008093,  0.363306),  (0.048238,  0.359357)
(-0.119190,  0.008093,  0.363306),  (0.095812,  0.334120)
(-0.101267,  0.051180,  0.391100),  (0.081820,  0.348091)
(-0.120443,  0.049278,  0.361358),  (0.096384,  0.347241)
(0.067923,  0.200000,  0.257601),  (0.106447,  0.954294)
(0.044429,  0.192339,  0.177463),  (0.088607,  0.911605)
(0.034076,  0.197489,  0.258578),  (0.086983,  0.955344)
(0.044429,  0.192339,  0.177463),  (0.088607,  0.911605)
(0.067923,  0.200000,  0.257601),  (0.106447,  0.954294)
(0.082850,  0.195240,  0.185648),  (0.110052,  0.913986)
(-0.007597,  0.145176,  0.249231),  (0.060900,  0.975371)
(-0.047964,  0.101423,  0.244707),  (0.033764,  0.990607)
(-0.006468,  0.097258,  0.248993),  (0.058400,  0.996646)
(-0.047964,  0.101423,  0.244707),  (0.033764,  0.990607)
(-0.007597,  0.145176,  0.249231),  (0.060900,  0.975371)
(-0.052794,  0.144319,  0.243398),  (0.034251,  0.970699)
(-0.044442,  0.186718,  0.241417),  (0.042852,  0.952403)
(-0.007597,  0.145176,  0.249231),  (0.060900,  0.975371)
(-0.011451,  0.197194,  0.254907),  (0.062979,  0.953891)
(-0.007597,  0.145176,  0.249231),  (0.060900,  0.975371)
(-0.044442,  0.186718,  0.241417),  (0.042852,  0.952403)
(-0.052794,  0.144319,  0.243398),  (0.034251,  0.970699)
(0.113468,  0.145044,  0.025787),  (0.129195,  0.824578)
(0.108648,  0.104014,  0.028526),  (0.146387,  0.825759)
(0.116005,  0.105168,  -0.027881),  (0.143809,  0.796654)
(-0.044442,  0.186718,  0.241417),  (0.042852,  0.952403)
(-0.042234,  0.143706,  0.166346),  (0.020325,  0.911650)
(-0.052794,  0.144319,  0.243398),  (0.023438,  0.955529)
(-0.042234,  0.143706,  0.166346),  (0.020325,  0.911650)
(-0.044442,  0.186718,  0.241417),  (0.042852,  0.952403)
(-0.043233,  0.188945,  0.166300),  (0.039856,  0.911052)
(-0.000973,  0.142208,  -0.048611),  (0.047323,  0.769834)
(0.030129,  0.188147,  -0.054083),  (0.066863,  0.789277)
(0.032231,  0.145413,  -0.053740),  (0.067361,  0.770769)
(0.030129,  0.188147,  -0.054083),  (0.066863,  0.789277)
(-0.000973,  0.142208,  -0.048611),  (0.047323,  0.769834)
(-0.005964,  0.181213,  -0.055652),  (0.045613,  0.788433)
(-0.038644,  0.099499,  0.168126),  (0.224335,  0.910927)
(-0.006468,  0.097258,  0.248993),  (0.199797,  0.954921)
(-0.047964,  0.101423,  0.244707),  (0.224708,  0.955387)
(-0.006468,  0.097258,  0.248993),  (0.199797,  0.954921)
(-0.038644,  0.099499,  0.168126),  (0.224335,  0.910927)
(0.003148,  0.096975,  0.171737),  (0.199467,  0.910341)
(0.080065,  0.148570,  0.260394),  (0.130898,  0.954805)
(0.082850,  0.195240,  0.185648),  (0.110052,  0.913986)
(0.067923,  0.200000,  0.257601),  (0.106447,  0.954294)
(0.082850,  0.195240,  0.185648),  (0.110052,  0.913986)
(0.080065,  0.148570,  0.260394),  (0.130898,  0.954805)
(0.089260,  0.148797,  0.183089),  (0.129643,  0.911462)
(0.064817,  0.102317,  0.022945),  (0.171401,  0.824014)
(0.116005,  0.105168,  -0.027881),  (0.143809,  0.796654)
(0.108648,  0.104014,  0.028526),  (0.146387,  0.825759)
(0.116005,  0.105168,  -0.027881),  (0.143809,  0.796654)
(0.064817,  0.102317,  0.022945),  (0.171401,  0.824014)
(0.099453,  0.099311,  -0.051792),  (0.152238,  0.782589)
(0.118944,  0.148887,  -0.050948),  (0.124980,  0.783147)
(0.113468,  0.145044,  0.025787),  (0.129195,  0.824578)
(0.116005,  0.105168,  -0.027881),  (0.143809,  0.796654)
(0.118944,  0.148887,  -0.050948),  (0.124980,  0.783147)
(0.116005,  0.105168,  -0.027881),  (0.143809,  0.796654)
(0.118056,  0.128347,  -0.049454),  (0.134470,  0.784326)
(-0.024873,  0.097849,  0.012066),  (0.002988,  0.824171)
(-0.000973,  0.142208,  -0.048611),  (0.027339,  0.789200)
(-0.008318,  0.099369,  -0.057209),  (0.007787,  0.783446)
(-0.000973,  0.142208,  -0.048611),  (0.027339,  0.789200)
(-0.024873,  0.097849,  0.012066),  (0.002988,  0.824171)
(-0.027939,  0.140065,  0.012034),  (0.021341,  0.826459)
(-0.038644,  0.099499,  0.168126),  (0.000595,  0.912941)
(-0.047964,  0.101423,  0.244707),  (0.004012,  0.957045)
(-0.052794,  0.144319,  0.243398),  (0.023438,  0.955529)
(-0.052794,  0.144319,  0.243398),  (0.023438,  0.955529)
(-0.042234,  0.143706,  0.166346),  (0.020325,  0.911650)
(-0.038644,  0.099499,  0.168126),  (0.000595,  0.912941)
(-0.038644,  0.099499,  0.168126),  (0.000595,  0.912941)
(-0.038226,  0.141645,  0.090093),  (0.019896,  0.869232)
(-0.032040,  0.098695,  0.089087),  (0.000653,  0.867719)
(-0.038226,  0.141645,  0.090093),  (0.019896,  0.869232)
(-0.038644,  0.099499,  0.168126),  (0.000595,  0.912941)
(-0.042234,  0.143706,  0.166346),  (0.020325,  0.911650)
(-0.032040,  0.098695,  0.089087),  (0.000653,  0.867719)
(-0.027939,  0.140065,  0.012034),  (0.021341,  0.826459)
(-0.024873,  0.097849,  0.012066),  (0.002988,  0.824171)
(-0.027939,  0.140065,  0.012034),  (0.021341,  0.826459)
(-0.032040,  0.098695,  0.089087),  (0.000653,  0.867719)
(-0.038226,  0.141645,  0.090093),  (0.019896,  0.869232)
(0.077159,  0.108330,  0.261316),  (0.148936,  0.954944)
(0.089260,  0.148797,  0.183089),  (0.129643,  0.911462)
(0.080065,  0.148570,  0.260394),  (0.130898,  0.954805)
(0.089260,  0.148797,  0.183089),  (0.129643,  0.911462)
(0.077159,  0.108330,  0.261316),  (0.148936,  0.954944)
(0.090259,  0.103559,  0.183135),  (0.148889,  0.910598)
(0.090259,  0.103559,  0.183135),  (0.148889,  0.910598)
(0.099453,  0.103786,  0.105831),  (0.147549,  0.868033)
(0.089260,  0.148797,  0.183089),  (0.129643,  0.911462)
(0.089260,  0.148797,  0.183089),  (0.129643,  0.911462)
(0.099453,  0.103786,  0.105831),  (0.147549,  0.868033)
(0.098454,  0.149025,  0.105785),  (0.127747,  0.868588)
(0.099453,  0.103786,  0.105831),  (0.147549,  0.868033)
(0.108648,  0.104014,  0.028526),  (0.146387,  0.825759)
(0.098454,  0.149025,  0.105785),  (0.127747,  0.868588)
(0.098454,  0.149025,  0.105785),  (0.127747,  0.868588)
(0.108648,  0.104014,  0.028526),  (0.146387,  0.825759)
(0.113468,  0.145044,  0.025787),  (0.129195,  0.824578)
(0.073011,  0.147782,  -0.054405),  (0.091022,  0.772019)
(0.115866,  0.170752,  -0.050058),  (0.114950,  0.785638)
(0.118944,  0.148887,  -0.050948),  (0.118045,  0.775845)
(0.115866,  0.170752,  -0.050058),  (0.114950,  0.785638)
(0.073011,  0.147782,  -0.054405),  (0.091022,  0.772019)
(0.097262,  0.189997,  -0.050270),  (0.102208,  0.790268)
(0.097262,  0.189997,  -0.050270),  (0.102208,  0.790268)
(0.073011,  0.147782,  -0.054405),  (0.091022,  0.772019)
(0.074336,  0.190721,  -0.050526),  (0.090568,  0.790346)
(0.098454,  0.149025,  0.105785),  (0.127747,  0.868588)
(0.107895,  0.183988,  0.030037),  (0.113056,  0.827391)
(0.090979,  0.184623,  0.111142),  (0.111735,  0.872433)
(0.107895,  0.183988,  0.030037),  (0.113056,  0.827391)
(0.098454,  0.149025,  0.105785),  (0.127747,  0.868588)
(0.113468,  0.145044,  0.025787),  (0.129195,  0.824578)
(0.089260,  0.148797,  0.183089),  (0.129643,  0.911462)
(0.090979,  0.184623,  0.111142),  (0.111735,  0.872433)
(0.082850,  0.195240,  0.185648),  (0.110052,  0.913986)
(0.090979,  0.184623,  0.111142),  (0.111735,  0.872433)
(0.089260,  0.148797,  0.183089),  (0.129643,  0.911462)
(0.098454,  0.149025,  0.105785),  (0.127747,  0.868588)
(0.032399,  0.100945,  -0.052024),  (0.191367,  0.783147)
(0.064817,  0.102317,  0.022945),  (0.171401,  0.824014)
(0.020985,  0.100619,  0.017364),  (0.196567,  0.822428)
(0.064817,  0.102317,  0.022945),  (0.171401,  0.824014)
(0.032399,  0.100945,  -0.052024),  (0.191367,  0.783147)
(0.074011,  0.102544,  -0.054359),  (0.167008,  0.781340)
(0.020985,  0.100619,  0.017364),  (0.196567,  0.822428)
(-0.032040,  0.098695,  0.089087),  (0.224708,  0.865273)
(-0.024873,  0.097849,  0.012066),  (0.223511,  0.820965)
(-0.032040,  0.098695,  0.089087),  (0.224708,  0.865273)
(0.020985,  0.100619,  0.017364),  (0.196567,  0.822428)
(0.011791,  0.100392,  0.094668),  (0.198683,  0.866294)
(0.011791,  0.100392,  0.094668),  (0.198683,  0.866294)
(-0.038644,  0.099499,  0.168126),  (0.224335,  0.910927)
(-0.032040,  0.098695,  0.089087),  (0.224708,  0.865273)
(-0.038644,  0.099499,  0.168126),  (0.224335,  0.910927)
(0.011791,  0.100392,  0.094668),  (0.198683,  0.866294)
(0.003148,  0.096975,  0.171737),  (0.199467,  0.910341)
(-0.018829,  0.186772,  0.009282),  (0.042415,  0.825874)
(-0.000973,  0.142208,  -0.048611),  (0.027339,  0.789200)
(-0.027939,  0.140065,  0.012034),  (0.021341,  0.826459)
(-0.000973,  0.142208,  -0.048611),  (0.027339,  0.789200)
(-0.018829,  0.186772,  0.009282),  (0.042415,  0.825874)
(-0.005964,  0.181213,  -0.055652),  (0.045613,  0.788433)
(-0.038226,  0.141645,  0.090093),  (0.019896,  0.869232)
(-0.034860,  0.190288,  0.113975),  (0.040621,  0.882922)
(-0.037329,  0.165069,  0.090628),  (0.030318,  0.869419)
(-0.042234,  0.143706,  0.166346),  (0.020325,  0.911650)
(-0.043233,  0.188945,  0.166300),  (0.039856,  0.911052)
(-0.034860,  0.190288,  0.113975),  (0.040621,  0.882922)
(-0.042234,  0.143706,  0.166346),  (0.020325,  0.911650)
(-0.034860,  0.190288,  0.113975),  (0.040621,  0.882922)
(-0.038226,  0.141645,  0.090093),  (0.019896,  0.869232)
(-0.032269,  0.194597,  0.067296),  (0.041137,  0.856040)
(0.018986,  0.191097,  0.017273),  (0.064253,  0.827561)
(-0.018829,  0.186772,  0.009282),  (0.042415,  0.825874)
(0.018986,  0.191097,  0.017273),  (0.064253,  0.827561)
(-0.032269,  0.194597,  0.067296),  (0.041137,  0.856040)
(0.009792,  0.190869,  0.094577),  (0.064324,  0.869266)
(0.009792,  0.190869,  0.094577),  (0.064324,  0.869266)
(-0.032269,  0.194597,  0.067296),  (0.041137,  0.856040)
(-0.017034,  0.190709,  0.092620),  (0.048619,  0.869533)
(0.111871,  0.194620,  -0.015473),  (0.109636,  0.805669)
(0.118944,  0.148887,  -0.050948),  (0.124980,  0.783147)
(0.115866,  0.170752,  -0.050058),  (0.114950,  0.785638)
(0.118944,  0.148887,  -0.050948),  (0.124980,  0.783147)
(0.111871,  0.194620,  -0.015473),  (0.109636,  0.805669)
(0.113468,  0.145044,  0.025787),  (0.129195,  0.824578)
(0.113468,  0.145044,  0.025787),  (0.129195,  0.824578)
(0.111871,  0.194620,  -0.015473),  (0.109636,  0.805669)
(0.107895,  0.183988,  0.030037),  (0.113056,  0.827391)
(0.053623,  0.192566,  0.100158),  (0.089270,  0.869293)
(0.107895,  0.183988,  0.030037),  (0.113056,  0.827391)
(0.062818,  0.192794,  0.022854),  (0.088197,  0.827610)
(0.107895,  0.183988,  0.030037),  (0.113056,  0.827391)
(0.053623,  0.192566,  0.100158),  (0.089270,  0.869293)
(0.090979,  0.184623,  0.111142),  (0.111735,  0.872433)
(0.044429,  0.192339,  0.177463),  (0.088607,  0.911605)
(0.090979,  0.184623,  0.111142),  (0.111735,  0.872433)
(0.053623,  0.192566,  0.100158),  (0.089270,  0.869293)
(0.090979,  0.184623,  0.111142),  (0.111735,  0.872433)
(0.044429,  0.192339,  0.177463),  (0.088607,  0.911605)
(0.082850,  0.195240,  0.185648),  (0.110052,  0.913986)
(-0.008318,  0.099369,  -0.057209),  (0.215441,  0.781135)
(0.020985,  0.100619,  0.017364),  (0.196567,  0.822428)
(-0.024873,  0.097849,  0.012066),  (0.223511,  0.820965)
(0.020985,  0.100619,  0.017364),  (0.196567,  0.822428)
(-0.008318,  0.099369,  -0.057209),  (0.215441,  0.781135)
(0.032399,  0.100945,  -0.052024),  (0.191367,  0.783147)
(-0.038226,  0.141645,  0.090093),  (0.019896,  0.869232)
(-0.032269,  0.194597,  0.067296),  (0.041137,  0.856040)
(-0.027939,  0.140065,  0.012034),  (0.021341,  0.826459)
(-0.032269,  0.194597,  0.067296),  (0.041137,  0.856040)
(-0.038226,  0.141645,  0.090093),  (0.019896,  0.869232)
(-0.037329,  0.165069,  0.090628),  (0.030318,  0.869419)
(-0.027939,  0.140065,  0.012034),  (0.021341,  0.826459)
(-0.032269,  0.194597,  0.067296),  (0.041137,  0.856040)
(-0.018829,  0.186772,  0.009282),  (0.042415,  0.825874)
(0.000598,  0.190642,  0.171882),  (0.064129,  0.911115)
(0.053623,  0.192566,  0.100158),  (0.089270,  0.869293)
(0.009792,  0.190869,  0.094577),  (0.064324,  0.869266)
(0.053623,  0.192566,  0.100158),  (0.089270,  0.869293)
(0.000598,  0.190642,  0.171882),  (0.064129,  0.911115)
(0.044429,  0.192339,  0.177463),  (0.088607,  0.911605)
(-0.034860,  0.190288,  0.113975),  (0.040621,  0.882922)
(-0.017034,  0.190709,  0.092620),  (0.048619,  0.869533)
(-0.037329,  0.165069,  0.090628),  (0.030318,  0.869419)
(0.009792,  0.190869,  0.094577),  (0.064324,  0.869266)
(0.062818,  0.192794,  0.022854),  (0.088197,  0.827610)
(0.018986,  0.191097,  0.017273),  (0.064253,  0.827561)
(0.062818,  0.192794,  0.022854),  (0.088197,  0.827610)
(0.009792,  0.190869,  0.094577),  (0.064324,  0.869266)
(0.053623,  0.192566,  0.100158),  (0.089270,  0.869293)
(0.018986,  0.191097,  0.017273),  (0.064253,  0.827561)
(-0.005964,  0.181213,  -0.055652),  (0.045613,  0.788433)
(-0.018829,  0.186772,  0.009282),  (0.042415,  0.825874)
(-0.005964,  0.181213,  -0.055652),  (0.045613,  0.788433)
(0.018986,  0.191097,  0.017273),  (0.064253,  0.827561)
(0.030129,  0.188147,  -0.054083),  (0.066863,  0.789277)
(0.062818,  0.192794,  0.022854),  (0.088197,  0.827610)
(0.030129,  0.188147,  -0.054083),  (0.066863,  0.789277)
(0.018986,  0.191097,  0.017273),  (0.064253,  0.827561)
(0.030129,  0.188147,  -0.054083),  (0.066863,  0.789277)
(0.062818,  0.192794,  0.022854),  (0.088197,  0.827610)
(0.074336,  0.190721,  -0.050526),  (0.090568,  0.790346)
(0.099453,  0.103786,  0.105831),  (0.147549,  0.868033)
(0.046428,  0.101862,  0.177554),  (0.173907,  0.910668)
(0.055622,  0.102089,  0.100250),  (0.173079,  0.867205)
(0.046428,  0.101862,  0.177554),  (0.173907,  0.910668)
(0.099453,  0.103786,  0.105831),  (0.147549,  0.868033)
(0.090259,  0.103559,  0.183135),  (0.148889,  0.910598)
(0.055622,  0.102089,  0.100250),  (0.173079,  0.867205)
(0.003148,  0.096975,  0.171737),  (0.199467,  0.910341)
(0.011791,  0.100392,  0.094668),  (0.198683,  0.866294)
(0.003148,  0.096975,  0.171737),  (0.199467,  0.910341)
(0.055622,  0.102089,  0.100250),  (0.173079,  0.867205)
(0.046428,  0.101862,  0.177554),  (0.173907,  0.910668)
(0.108648,  0.104014,  0.028526),  (0.146387,  0.825759)
(0.055622,  0.102089,  0.100250),  (0.173079,  0.867205)
(0.064817,  0.102317,  0.022945),  (0.171401,  0.824014)
(0.055622,  0.102089,  0.100250),  (0.173079,  0.867205)
(0.108648,  0.104014,  0.028526),  (0.146387,  0.825759)
(0.099453,  0.103786,  0.105831),  (0.147549,  0.868033)
(0.064817,  0.102317,  0.022945),  (0.171401,  0.824014)
(0.011791,  0.100392,  0.094668),  (0.198683,  0.866294)
(0.020985,  0.100619,  0.017364),  (0.196567,  0.822428)
(0.011791,  0.100392,  0.094668),  (0.198683,  0.866294)
(0.064817,  0.102317,  0.022945),  (0.171401,  0.824014)
(0.055622,  0.102089,  0.100250),  (0.173079,  0.867205)
(0.032399,  0.100945,  -0.052024),  (0.067432,  0.750650)
(-0.008318,  0.099369,  -0.057209),  (0.042572,  0.749594)
(-0.000973,  0.142208,  -0.048611),  (0.047323,  0.769834)
(0.032399,  0.100945,  -0.052024),  (0.067432,  0.750650)
(-0.000973,  0.142208,  -0.048611),  (0.047323,  0.769834)
(0.032231,  0.145413,  -0.053740),  (0.067361,  0.770769)
(0.074011,  0.102544,  -0.054359),  (0.092840,  0.751890)
(0.032399,  0.100945,  -0.052024),  (0.067432,  0.750650)
(0.032231,  0.145413,  -0.053740),  (0.067361,  0.770769)
(0.074011,  0.102544,  -0.054359),  (0.092840,  0.751890)
(0.032231,  0.145413,  -0.053740),  (0.067361,  0.770769)
(0.073011,  0.147782,  -0.054405),  (0.091022,  0.772019)
(-0.007597,  0.145176,  0.249231),  (0.060900,  0.975371)
(0.036094,  0.118764,  0.254958),  (0.085918,  0.990662)
(0.036234,  0.146873,  0.254813),  (0.086647,  0.977545)
(0.026311,  0.103749,  0.253646),  (0.078553,  0.996283)
(-0.007597,  0.145176,  0.249231),  (0.060900,  0.975371)
(-0.006468,  0.097258,  0.248993),  (0.058400,  0.996646)
(0.036094,  0.118764,  0.254958),  (0.085918,  0.990662)
(-0.007597,  0.145176,  0.249231),  (0.060900,  0.975371)
(0.026311,  0.103749,  0.253646),  (0.078553,  0.996283)
(0.090259,  0.103559,  0.183135),  (0.148889,  0.910598)
(0.037391,  0.105173,  0.244872),  (0.173852,  0.949356)
(0.046428,  0.101862,  0.177554),  (0.173907,  0.910668)
(0.049915,  0.106601,  0.253932),  (0.165692,  0.953353)
(0.090259,  0.103559,  0.183135),  (0.148889,  0.910598)
(0.077159,  0.108330,  0.261316),  (0.148936,  0.954944)
(0.037391,  0.105173,  0.244872),  (0.173852,  0.949356)
(0.090259,  0.103559,  0.183135),  (0.148889,  0.910598)
(0.049915,  0.106601,  0.253932),  (0.165692,  0.953353)
(0.073011,  0.147782,  -0.054405),  (0.091022,  0.772019)
(0.030129,  0.188147,  -0.054083),  (0.066863,  0.789277)
(0.074336,  0.190721,  -0.050526),  (0.090568,  0.790346)
(0.030129,  0.188147,  -0.054083),  (0.066863,  0.789277)
(0.073011,  0.147782,  -0.054405),  (0.091022,  0.772019)
(0.032231,  0.145413,  -0.053740),  (0.067361,  0.770769)
(0.036234,  0.146873,  0.254813),  (0.086647,  0.977545)
(0.067923,  0.200000,  0.257601),  (0.106447,  0.954294)
(0.034076,  0.197489,  0.258578),  (0.086983,  0.955344)
(0.067923,  0.200000,  0.257601),  (0.106447,  0.954294)
(0.036234,  0.146873,  0.254813),  (0.086647,  0.977545)
(0.080065,  0.148570,  0.260394),  (0.113188,  0.977670)
(0.034076,  0.197489,  0.258578),  (0.086983,  0.955344)
(-0.007597,  0.145176,  0.249231),  (0.060900,  0.975371)
(0.036234,  0.146873,  0.254813),  (0.086647,  0.977545)
(-0.007597,  0.145176,  0.249231),  (0.060900,  0.975371)
(0.034076,  0.197489,  0.258578),  (0.086983,  0.955344)
(-0.011451,  0.197194,  0.254907),  (0.062979,  0.953891)
(0.003148,  0.096975,  0.171737),  (0.199467,  0.910341)
(0.037391,  0.105173,  0.244872),  (0.173852,  0.949356)
(-0.006468,  0.097258,  0.248993),  (0.199797,  0.954921)
(0.037391,  0.105173,  0.244872),  (0.173852,  0.949356)
(0.003148,  0.096975,  0.171737),  (0.199467,  0.910341)
(0.046428,  0.101862,  0.177554),  (0.173907,  0.910668)
(-0.006468,  0.097258,  0.248993),  (0.199797,  0.954921)
(0.037391,  0.105173,  0.244872),  (0.173852,  0.949356)
(0.026311,  0.103749,  0.253646),  (0.179829,  0.955195)
(0.049915,  0.106601,  0.253932),  (0.094281,  0.996420)
(0.036094,  0.118764,  0.254958),  (0.085918,  0.990662)
(0.037391,  0.105173,  0.244872),  (0.085996,  0.999405)
(-0.044442,  0.186718,  0.241417),  (0.042852,  0.952403)
(0.000598,  0.190642,  0.171882),  (0.064129,  0.911115)
(-0.043233,  0.188945,  0.166300),  (0.039856,  0.911052)
(0.000598,  0.190642,  0.171882),  (0.064129,  0.911115)
(-0.044442,  0.186718,  0.241417),  (0.042852,  0.952403)
(-0.011451,  0.197194,  0.254907),  (0.062979,  0.953891)
(0.034076,  0.197489,  0.258578),  (0.086983,  0.955344)
(0.000598,  0.190642,  0.171882),  (0.064129,  0.911115)
(-0.011451,  0.197194,  0.254907),  (0.062979,  0.953891)
(0.000598,  0.190642,  0.171882),  (0.064129,  0.911115)
(0.034076,  0.197489,  0.258578),  (0.086983,  0.955344)
(0.044429,  0.192339,  0.177463),  (0.088607,  0.911605)
(0.111871,  0.194620,  -0.015473),  (0.109636,  0.805669)
(0.115866,  0.170752,  -0.050058),  (0.114950,  0.785638)
(0.097262,  0.189997,  -0.050270),  (0.102208,  0.790268)
(0.062818,  0.192794,  0.022854),  (0.088197,  0.827610)
(0.111871,  0.194620,  -0.015473),  (0.109636,  0.805669)
(0.074336,  0.190721,  -0.050526),  (0.090568,  0.790346)
(0.111871,  0.194620,  -0.015473),  (0.109636,  0.805669)
(0.062818,  0.192794,  0.022854),  (0.088197,  0.827610)
(0.107895,  0.183988,  0.030037),  (0.113056,  0.827391)
(0.074336,  0.190721,  -0.050526),  (0.090568,  0.790346)
(0.111871,  0.194620,  -0.015473),  (0.109636,  0.805669)
(0.097262,  0.189997,  -0.050270),  (0.102208,  0.790268)
(-0.017034,  0.190709,  0.092620),  (0.048619,  0.869533)
(-0.032269,  0.194597,  0.067296),  (0.041137,  0.856040)
(-0.037329,  0.165069,  0.090628),  (0.030318,  0.869419)
(0.000598,  0.190642,  0.171882),  (0.064129,  0.911115)
(-0.034860,  0.190288,  0.113975),  (0.040621,  0.882922)
(-0.043233,  0.188945,  0.166300),  (0.039856,  0.911052)
(0.009792,  0.190869,  0.094577),  (0.064324,  0.869266)
(-0.034860,  0.190288,  0.113975),  (0.040621,  0.882922)
(0.000598,  0.190642,  0.171882),  (0.064129,  0.911115)
(-0.034860,  0.190288,  0.113975),  (0.040621,  0.882922)
(0.009792,  0.190869,  0.094577),  (0.064324,  0.869266)
(-0.017034,  0.190709,  0.092620),  (0.048619,  0.869533)
(0.036094,  0.118764,  0.254958),  (0.085918,  0.990662)
(0.026311,  0.103749,  0.253646),  (0.078553,  0.996283)
(0.037391,  0.105173,  0.244872),  (0.085996,  0.999405)
(0.080065,  0.148570,  0.260394),  (0.113188,  0.977670)
(0.049915,  0.106601,  0.253932),  (0.094281,  0.996420)
(0.077159,  0.108330,  0.261316),  (0.111240,  0.995996)
(0.036234,  0.146873,  0.254813),  (0.086647,  0.977545)
(0.049915,  0.106601,  0.253932),  (0.094281,  0.996420)
(0.080065,  0.148570,  0.260394),  (0.113188,  0.977670)
(0.049915,  0.106601,  0.253932),  (0.094281,  0.996420)
(0.036234,  0.146873,  0.254813),  (0.086647,  0.977545)
(0.036094,  0.118764,  0.254958),  (0.085918,  0.990662)
(0.118056,  0.128347,  -0.049454),  (0.134470,  0.784326)
(0.116005,  0.105168,  -0.027881),  (0.143809,  0.796654)
(0.099453,  0.099311,  -0.051792),  (0.152238,  0.782589)
(0.073011,  0.147782,  -0.054405),  (0.091022,  0.772019)
(0.118056,  0.128347,  -0.049454),  (0.118674,  0.766356)
(0.099453,  0.099311,  -0.051792),  (0.108572,  0.751660)
(0.118056,  0.128347,  -0.049454),  (0.118674,  0.766356)
(0.073011,  0.147782,  -0.054405),  (0.091022,  0.772019)
(0.118944,  0.148887,  -0.050948),  (0.118045,  0.775845)
(0.099453,  0.099311,  -0.051792),  (0.108572,  0.751660)
(0.074011,  0.102544,  -0.054359),  (0.092840,  0.751890)
(0.073011,  0.147782,  -0.054405),  (0.091022,  0.772019)
(0.074011,  0.102544,  -0.054359),  (0.167008,  0.781340)
(0.099453,  0.099311,  -0.051792),  (0.152238,  0.782589)
(0.064817,  0.102317,  0.022945),  (0.171401,  0.824014)
(-0.249042,  0.051250,  -0.025046),  (0.961070,  0.846620)
(-0.203399,  0.098629,  -0.029379),  (0.978660,  0.825379)
(-0.207592,  0.035100,  -0.023332),  (0.956226,  0.827201)
(-0.203399,  0.098629,  -0.029379),  (0.978660,  0.825379)
(-0.249042,  0.051250,  -0.025046),  (0.961070,  0.846620)
(-0.242114,  0.100032,  -0.025858),  (0.978660,  0.843798)
(-0.177469,  0.048543,  -0.046142),  (0.961192,  0.809990)
(-0.142549,  0.088639,  -0.066067),  (0.976411,  0.791241)
(-0.142637,  0.049331,  -0.060735),  (0.961620,  0.791595)
(-0.142549,  0.088639,  -0.066067),  (0.976411,  0.791241)
(-0.177469,  0.048543,  -0.046142),  (0.961192,  0.809990)
(-0.175593,  0.094968,  -0.052389),  (0.978217,  0.808379)
(-0.207592,  0.035100,  -0.023332),  (0.956226,  0.827201)
(-0.203399,  0.098629,  -0.029379),  (0.978660,  0.825379)
(-0.177469,  0.048543,  -0.046142),  (0.961192,  0.809990)
(-0.177469,  0.048543,  -0.046142),  (0.961192,  0.809990)
(-0.203399,  0.098629,  -0.029379),  (0.978660,  0.825379)
(-0.175593,  0.094968,  -0.052389),  (0.978217,  0.808379)
(-0.121252,  0.092526,  0.087968),  (0.513740,  0.182035)
(-0.064984,  0.087858,  0.150349),  (0.478002,  0.197018)
(-0.079471,  0.087161,  0.075756),  (0.511975,  0.201078)
(-0.064984,  0.087858,  0.150349),  (0.478002,  0.197018)
(-0.121252,  0.092526,  0.087968),  (0.513740,  0.182035)
(-0.099297,  0.097627,  0.162210),  (0.480734,  0.179612)
(-0.142469,  0.048506,  0.175952),  (0.466088,  0.157400)
(-0.182874,  0.007853,  0.189289),  (0.455635,  0.134809)
(-0.143512,  0.000584,  0.175824),  (0.449045,  0.154155)
(-0.182874,  0.007853,  0.189289),  (0.455635,  0.134809)
(-0.142469,  0.048506,  0.175952),  (0.466088,  0.157400)
(-0.186021,  0.051051,  0.189617),  (0.471581,  0.136673)
(-0.163494,  0.094129,  0.101299),  (0.514816,  0.162246)
(-0.181032,  0.093493,  0.174731),  (0.487984,  0.145287)
(-0.140441,  0.097816,  0.175809),  (0.482278,  0.161354)
(-0.181032,  0.093493,  0.174731),  (0.487984,  0.145287)
(-0.163494,  0.094129,  0.101299),  (0.514816,  0.162246)
(-0.205736,  0.095732,  0.114631),  (0.515246,  0.142274)
(-0.140441,  0.097816,  0.175809),  (0.482278,  0.161354)
(-0.181032,  0.093493,  0.174731),  (0.487984,  0.145287)
(-0.166218,  0.091671,  0.182520),  (0.482815,  0.150008)
(-0.182874,  0.007853,  0.189289),  (0.458643,  0.278284)
(-0.165094,  0.000425,  0.101198),  (0.500799,  0.267920)
(-0.143512,  0.000584,  0.175824),  (0.464652,  0.258025)
(-0.165094,  0.000425,  0.101198),  (0.500799,  0.267920)
(-0.182874,  0.007853,  0.189289),  (0.458643,  0.278284)
(-0.207615,  0.005251,  0.114938),  (0.495382,  0.289526)
(-0.067533,  0.047679,  0.150952),  (0.476560,  0.212218)
(-0.079471,  0.087161,  0.075756),  (0.511975,  0.201078)
(-0.064984,  0.087858,  0.150349),  (0.478002,  0.197018)
(-0.079471,  0.087161,  0.075756),  (0.511975,  0.201078)
(-0.067533,  0.047679,  0.150952),  (0.476560,  0.212218)
(-0.076218,  0.043793,  0.070801),  (0.512819,  0.215572)
(-0.182874,  0.007853,  0.189289),  (0.474931,  0.115500)
(-0.206675,  0.050491,  0.114785),  (0.513810,  0.126008)
(-0.207615,  0.005251,  0.114938),  (0.512435,  0.109294)
(-0.206675,  0.050491,  0.114785),  (0.513810,  0.126008)
(-0.182874,  0.007853,  0.189289),  (0.474931,  0.115500)
(-0.186021,  0.051051,  0.189617),  (0.477604,  0.131673)
(-0.207615,  0.005251,  0.114938),  (0.512435,  0.109294)
(-0.233053,  0.048961,  0.043452),  (0.549232,  0.124160)
(-0.229580,  0.005633,  0.040439),  (0.549991,  0.107882)
(-0.233053,  0.048961,  0.043452),  (0.549232,  0.124160)
(-0.207615,  0.005251,  0.114938),  (0.512435,  0.109294)
(-0.206675,  0.050491,  0.114785),  (0.513810,  0.126008)
(-0.228882,  0.097680,  0.043110),  (0.548855,  0.141824)
(-0.249042,  0.051250,  -0.025046),  (0.582752,  0.125707)
(-0.233053,  0.048961,  0.043452),  (0.549232,  0.124160)
(-0.249042,  0.051250,  -0.025046),  (0.582752,  0.125707)
(-0.228882,  0.097680,  0.043110),  (0.548855,  0.141824)
(-0.242114,  0.100032,  -0.025858),  (0.581642,  0.144618)
(-0.083847,  0.000561,  0.077056),  (0.509856,  0.230096)
(-0.098961,  0.005661,  0.161684),  (0.471521,  0.235358)
(-0.123131,  0.002045,  0.088275),  (0.505699,  0.247625)
(-0.083847,  0.000561,  0.077056),  (0.509856,  0.230096)
(-0.102855,  0.000825,  0.000445),  (0.544023,  0.233548)
(-0.076218,  0.043793,  0.070801),  (0.512819,  0.215572)
(-0.076218,  0.043793,  0.070801),  (0.512819,  0.215572)
(-0.102855,  0.000825,  0.000445),  (0.544023,  0.233548)
(-0.101915,  0.046065,  0.000291),  (0.545630,  0.217422)
(-0.102855,  0.000825,  0.000445),  (0.544023,  0.233548)
(-0.117736,  0.045272,  -0.060940),  (0.575553,  0.220523)
(-0.101915,  0.046065,  0.000291),  (0.545630,  0.217422)
(-0.117736,  0.045272,  -0.060940),  (0.575553,  0.220523)
(-0.102855,  0.000825,  0.000445),  (0.544023,  0.233548)
(-0.121556,  0.001150,  -0.062985),  (0.575103,  0.237531)
(-0.076218,  0.043793,  0.070801),  (0.512819,  0.215572)
(-0.105526,  0.087304,  0.007496),  (0.544174,  0.202191)
(-0.079471,  0.087161,  0.075756),  (0.511975,  0.201078)
(-0.105526,  0.087304,  0.007496),  (0.544174,  0.202191)
(-0.076218,  0.043793,  0.070801),  (0.512819,  0.215572)
(-0.101915,  0.046065,  0.000291),  (0.545630,  0.217422)
(-0.165094,  0.000425,  0.101198),  (0.500799,  0.267920)
(-0.229580,  0.005633,  0.040439),  (0.532442,  0.297383)
(-0.187338,  0.004030,  0.027108),  (0.536695,  0.275795)
(-0.229580,  0.005633,  0.040439),  (0.532442,  0.297383)
(-0.165094,  0.000425,  0.101198),  (0.500799,  0.267920)
(-0.207615,  0.005251,  0.114938),  (0.495382,  0.289526)
(-0.205736,  0.095732,  0.114631),  (0.515246,  0.142274)
(-0.233053,  0.048961,  0.043452),  (0.549232,  0.124160)
(-0.206675,  0.050491,  0.114785),  (0.513810,  0.126008)
(-0.233053,  0.048961,  0.043452),  (0.549232,  0.124160)
(-0.205736,  0.095732,  0.114631),  (0.515246,  0.142274)
(-0.228882,  0.097680,  0.043110),  (0.548855,  0.141824)
(-0.105526,  0.087304,  0.007496),  (0.544174,  0.202191)
(-0.121252,  0.092526,  0.087968),  (0.513740,  0.182035)
(-0.079471,  0.087161,  0.075756),  (0.511975,  0.201078)
(-0.121252,  0.092526,  0.087968),  (0.513740,  0.182035)
(-0.105526,  0.087304,  0.007496),  (0.544174,  0.202191)
(-0.142379,  0.090759,  0.012653),  (0.548538,  0.185082)
(-0.228882,  0.097680,  0.043110),  (0.548855,  0.141824)
(-0.163494,  0.094129,  0.101299),  (0.514816,  0.162246)
(-0.185459,  0.094511,  0.026800),  (0.549502,  0.163620)
(-0.163494,  0.094129,  0.101299),  (0.514816,  0.162246)
(-0.228882,  0.097680,  0.043110),  (0.548855,  0.141824)
(-0.205736,  0.095732,  0.114631),  (0.515246,  0.142274)
(-0.185459,  0.094511,  0.026800),  (0.549502,  0.163620)
(-0.121252,  0.092526,  0.087968),  (0.513740,  0.182035)
(-0.142379,  0.090759,  0.012653),  (0.548538,  0.185082)
(-0.121252,  0.092526,  0.087968),  (0.513740,  0.182035)
(-0.185459,  0.094511,  0.026800),  (0.549502,  0.163620)
(-0.163494,  0.094129,  0.101299),  (0.514816,  0.162246)
(-0.083847,  0.000561,  0.077056),  (0.509856,  0.230096)
(-0.145096,  0.002427,  0.013776),  (0.540661,  0.254671)
(-0.102855,  0.000825,  0.000445),  (0.544023,  0.233548)
(-0.145096,  0.002427,  0.013776),  (0.540661,  0.254671)
(-0.083847,  0.000561,  0.077056),  (0.509856,  0.230096)
(-0.123131,  0.002045,  0.088275),  (0.505699,  0.247625)
(-0.165094,  0.000425,  0.101198),  (0.500799,  0.267920)
(-0.145096,  0.002427,  0.013776),  (0.540661,  0.254671)
(-0.123131,  0.002045,  0.088275),  (0.505699,  0.247625)
(-0.145096,  0.002427,  0.013776),  (0.540661,  0.254671)
(-0.165094,  0.000425,  0.101198),  (0.500799,  0.267920)
(-0.187338,  0.004030,  0.027108),  (0.536695,  0.275795)
(-0.143512,  0.000584,  0.175824),  (0.464652,  0.258025)
(-0.123131,  0.002045,  0.088275),  (0.505699,  0.247625)
(-0.098961,  0.005661,  0.161684),  (0.471521,  0.235358)
(-0.123131,  0.002045,  0.088275),  (0.505699,  0.247625)
(-0.143512,  0.000584,  0.175824),  (0.464652,  0.258025)
(-0.165094,  0.000425,  0.101198),  (0.500799,  0.267920)
(-0.064984,  0.087858,  0.150349),  (0.478002,  0.197018)
(-0.100227,  0.046903,  0.162621),  (0.463065,  0.178169)
(-0.067533,  0.047679,  0.150952),  (0.462546,  0.195208)
(-0.100227,  0.046903,  0.162621),  (0.463065,  0.178169)
(-0.064984,  0.087858,  0.150349),  (0.478002,  0.197018)
(-0.099297,  0.097627,  0.162210),  (0.480734,  0.179612)
(-0.140441,  0.097816,  0.175809),  (0.482278,  0.161354)
(-0.100227,  0.046903,  0.162621),  (0.463065,  0.178169)
(-0.099297,  0.097627,  0.162210),  (0.480734,  0.179612)
(-0.100227,  0.046903,  0.162621),  (0.463065,  0.178169)
(-0.140441,  0.097816,  0.175809),  (0.482278,  0.161354)
(-0.142469,  0.048506,  0.175952),  (0.466088,  0.157400)
(-0.067533,  0.047679,  0.150952),  (0.476560,  0.212218)
(-0.083847,  0.000561,  0.077056),  (0.509856,  0.230096)
(-0.076218,  0.043793,  0.070801),  (0.512819,  0.215572)
(-0.142469,  0.048506,  0.175952),  (0.466088,  0.157400)
(-0.098961,  0.005661,  0.161684),  (0.447738,  0.177490)
(-0.100227,  0.046903,  0.162621),  (0.463065,  0.178169)
(-0.098961,  0.005661,  0.161684),  (0.447738,  0.177490)
(-0.142469,  0.048506,  0.175952),  (0.466088,  0.157400)
(-0.143512,  0.000584,  0.175824),  (0.449045,  0.154155)
(-0.166218,  0.091671,  0.182520),  (0.482815,  0.150008)
(-0.142469,  0.048506,  0.175952),  (0.466088,  0.157400)
(-0.140441,  0.097816,  0.175809),  (0.482278,  0.161354)
(-0.142469,  0.048506,  0.175952),  (0.466088,  0.157400)
(-0.176552,  0.082493,  0.185371),  (0.481649,  0.144137)
(-0.186021,  0.051051,  0.189617),  (0.471581,  0.136673)
(-0.176552,  0.082493,  0.185371),  (0.481649,  0.144137)
(-0.142469,  0.048506,  0.175952),  (0.466088,  0.157400)
(-0.166218,  0.091671,  0.182520),  (0.482815,  0.150008)
(-0.121252,  0.092526,  0.087968),  (0.513740,  0.182035)
(-0.140441,  0.097816,  0.175809),  (0.482278,  0.161354)
(-0.099297,  0.097627,  0.162210),  (0.480734,  0.179612)
(-0.140441,  0.097816,  0.175809),  (0.482278,  0.161354)
(-0.121252,  0.092526,  0.087968),  (0.513740,  0.182035)
(-0.163494,  0.094129,  0.101299),  (0.514816,  0.162246)
(-0.166218,  0.091671,  0.182520),  (0.482815,  0.150008)
(-0.181032,  0.093493,  0.174731),  (0.487984,  0.145287)
(-0.176552,  0.082493,  0.185371),  (0.481649,  0.144137)
(-0.186021,  0.051051,  0.189617),  (0.477604,  0.131673)
(-0.181032,  0.093493,  0.174731),  (0.487984,  0.145287)
(-0.206675,  0.050491,  0.114785),  (0.513810,  0.126008)
(-0.181032,  0.093493,  0.174731),  (0.487984,  0.145287)
(-0.186021,  0.051051,  0.189617),  (0.477604,  0.131673)
(-0.176552,  0.082493,  0.185371),  (0.481649,  0.144137)
(-0.206675,  0.050491,  0.114785),  (0.513810,  0.126008)
(-0.181032,  0.093493,  0.174731),  (0.487984,  0.145287)
(-0.205736,  0.095732,  0.114631),  (0.515246,  0.142274)
(-0.083847,  0.000561,  0.077056),  (0.509856,  0.230096)
(-0.067533,  0.047679,  0.150952),  (0.476560,  0.212218)
(-0.098961,  0.005661,  0.161684),  (0.471521,  0.235358)
(-0.098961,  0.005661,  0.161684),  (0.447738,  0.177490)
(-0.067533,  0.047679,  0.150952),  (0.462546,  0.195208)
(-0.100227,  0.046903,  0.162621),  (0.463065,  0.178169)
(-0.144357,  0.001962,  -0.065455),  (0.578014,  0.248641)
(-0.145096,  0.002427,  0.013776),  (0.540661,  0.254671)
(-0.178431,  0.003298,  -0.046837),  (0.571513,  0.266969)
(-0.145096,  0.002427,  0.013776),  (0.540661,  0.254671)
(-0.121556,  0.001150,  -0.062985),  (0.575103,  0.237531)
(-0.102855,  0.000825,  0.000445),  (0.544023,  0.233548)
(-0.121556,  0.001150,  -0.062985),  (0.575103,  0.237531)
(-0.145096,  0.002427,  0.013776),  (0.540661,  0.254671)
(-0.144357,  0.001962,  -0.065455),  (0.578014,  0.248641)
(-0.233053,  0.048961,  0.043452),  (0.549232,  0.124160)
(-0.249042,  0.051250,  -0.025046),  (0.582752,  0.125707)
(-0.229580,  0.005633,  0.040439),  (0.549991,  0.107882)
(-0.229580,  0.005633,  0.040439),  (0.549991,  0.107882)
(-0.249042,  0.051250,  -0.025046),  (0.582752,  0.125707)
(-0.250000,  0.005141,  -0.024890),  (0.583127,  0.108267)
(-0.249042,  0.051250,  -0.025046),  (0.961070,  0.846620)
(-0.214233,  0.004552,  -0.040083),  (0.942876,  0.827612)
(-0.250000,  0.005141,  -0.024890),  (0.944241,  0.846018)
(-0.214233,  0.004552,  -0.040083),  (0.942876,  0.827612)
(-0.249042,  0.051250,  -0.025046),  (0.961070,  0.846620)
(-0.207592,  0.035100,  -0.023332),  (0.956226,  0.827201)
(-0.121556,  0.001150,  -0.062985),  (0.944016,  0.780895)
(-0.142637,  0.049331,  -0.060735),  (0.961620,  0.791595)
(-0.117736,  0.045272,  -0.060940),  (0.960160,  0.779392)
(-0.142637,  0.049331,  -0.060735),  (0.961620,  0.791595)
(-0.121556,  0.001150,  -0.062985),  (0.944016,  0.780895)
(-0.144357,  0.001962,  -0.065455),  (0.943906,  0.791866)
(-0.142637,  0.049331,  -0.060735),  (0.961620,  0.791595)
(-0.130133,  0.086390,  -0.063714),  (0.975326,  0.785238)
(-0.117736,  0.045272,  -0.060940),  (0.960160,  0.779392)
(-0.130133,  0.086390,  -0.063714),  (0.975326,  0.785238)
(-0.142637,  0.049331,  -0.060735),  (0.961620,  0.791595)
(-0.142549,  0.088639,  -0.066067),  (0.976411,  0.791241)
(-0.142379,  0.090759,  0.012653),  (0.548538,  0.185082)
(-0.130133,  0.086390,  -0.063714),  (0.579787,  0.204236)
(-0.142549,  0.088639,  -0.066067),  (0.583127,  0.198907)
(-0.130133,  0.086390,  -0.063714),  (0.579787,  0.204236)
(-0.142379,  0.090759,  0.012653),  (0.548538,  0.185082)
(-0.105526,  0.087304,  0.007496),  (0.544174,  0.202191)
(-0.185459,  0.094511,  0.026800),  (0.549502,  0.163620)
(-0.203399,  0.098629,  -0.029379),  (0.577602,  0.163849)
(-0.228882,  0.097680,  0.043110),  (0.548855,  0.141824)
(-0.203399,  0.098629,  -0.029379),  (0.577602,  0.163849)
(-0.242114,  0.100032,  -0.025858),  (0.581642,  0.144618)
(-0.228882,  0.097680,  0.043110),  (0.548855,  0.141824)
(-0.144357,  0.001962,  -0.065455),  (0.943906,  0.791866)
(-0.177469,  0.048543,  -0.046142),  (0.961192,  0.809990)
(-0.142637,  0.049331,  -0.060735),  (0.961620,  0.791595)
(-0.177469,  0.048543,  -0.046142),  (0.961192,  0.809990)
(-0.144357,  0.001962,  -0.065455),  (0.943906,  0.791866)
(-0.178431,  0.003298,  -0.046837),  (0.944716,  0.810345)
(-0.101915,  0.046065,  0.000291),  (0.545630,  0.217422)
(-0.130133,  0.086390,  -0.063714),  (0.579787,  0.204236)
(-0.105526,  0.087304,  0.007496),  (0.544174,  0.202191)
(-0.130133,  0.086390,  -0.063714),  (0.579787,  0.204236)
(-0.101915,  0.046065,  0.000291),  (0.545630,  0.217422)
(-0.117736,  0.045272,  -0.060940),  (0.575553,  0.220523)
(-0.187338,  0.004030,  0.027108),  (0.536695,  0.275795)
(-0.178431,  0.003298,  -0.046837),  (0.571513,  0.266969)
(-0.145096,  0.002427,  0.013776),  (0.540661,  0.254671)
(-0.178431,  0.003298,  -0.046837),  (0.571513,  0.266969)
(-0.187338,  0.004030,  0.027108),  (0.536695,  0.275795)
(-0.214233,  0.004552,  -0.040083),  (0.570430,  0.285253)
(-0.142379,  0.090759,  0.012653),  (0.548538,  0.185082)
(-0.203399,  0.098629,  -0.029379),  (0.577602,  0.163849)
(-0.185459,  0.094511,  0.026800),  (0.549502,  0.163620)
(-0.203399,  0.098629,  -0.029379),  (0.577602,  0.163849)
(-0.142379,  0.090759,  0.012653),  (0.548538,  0.185082)
(-0.175593,  0.094968,  -0.052389),  (0.583091,  0.180905)
(-0.175593,  0.094968,  -0.052389),  (0.583091,  0.180905)
(-0.142379,  0.090759,  0.012653),  (0.548538,  0.185082)
(-0.142549,  0.088639,  -0.066067),  (0.583127,  0.198907)
(-0.178431,  0.003298,  -0.046837),  (0.944716,  0.810345)
(-0.207592,  0.035100,  -0.023332),  (0.956226,  0.827201)
(-0.177469,  0.048543,  -0.046142),  (0.961192,  0.809990)
(-0.207592,  0.035100,  -0.023332),  (0.956226,  0.827201)
(-0.178431,  0.003298,  -0.046837),  (0.944716,  0.810345)
(-0.214233,  0.004552,  -0.040083),  (0.942876,  0.827612)
(-0.229580,  0.005633,  0.040439),  (0.532442,  0.297383)
(-0.214233,  0.004552,  -0.040083),  (0.570430,  0.285253)
(-0.187338,  0.004030,  0.027108),  (0.536695,  0.275795)
(-0.214233,  0.004552,  -0.040083),  (0.570430,  0.285253)
(-0.229580,  0.005633,  0.040439),  (0.532442,  0.297383)
(-0.250000,  0.005141,  -0.024890),  (0.565147,  0.303955)
