(-0.081593,  1.078562,  -0.000000),  (0.872478,  0.131756)
(-0.040796,  0.037192,  -0.098412),  (0.690068,  0.924563)
(-0.040796,  1.078562,  -0.098412),  (0.927894,  0.148743)
(-0.040796,  0.037192,  -0.098412),  (0.690068,  0.924563)
(-0.081593,  1.078562,  -0.000000),  (0.872478,  0.131756)
(-0.081593,  0.037192,  -0.000000),  (0.634652,  0.907575)
(-0.040796,  1.078562,  -0.098412),  (0.083006,  0.404729)
(0.040797,  0.037192,  -0.098412),  (0.678392,  0.959104)
(0.040797,  1.078562,  -0.098412),  (0.125426,  0.365231)
(0.040797,  0.037192,  -0.098412),  (0.678392,  0.959104)
(-0.040796,  1.078562,  -0.098412),  (0.083006,  0.404729)
(-0.040796,  0.037192,  -0.098412),  (0.635973,  0.998602)
(0.040797,  1.078562,  -0.098412),  (0.012996,  0.326691)
(0.081593,  0.037192,  0.000000),  (0.790792,  0.088260)
(0.081593,  1.078562,  0.000000),  (0.000000,  0.270206)
(0.081593,  0.037192,  0.000000),  (0.790792,  0.088260)
(0.040797,  1.078562,  -0.098412),  (0.012996,  0.326691)
(0.040797,  0.037192,  -0.098412),  (0.803789,  0.144745)
(0.081593,  1.078562,  0.000000),  (0.731571,  0.999988)
(0.040797,  0.037192,  0.098412),  (0.913981,  0.207181)
(0.040797,  1.078562,  0.098412),  (0.676155,  0.983000)
(0.040797,  0.037192,  0.098412),  (0.913981,  0.207181)
(0.081593,  1.078562,  0.000000),  (0.731571,  0.999988)
(0.081593,  0.037192,  0.000000),  (0.969397,  0.224168)
(0.040797,  1.078562,  0.098412),  (0.595386,  0.960498)
(-0.040797,  0.037192,  0.098412),  (0.000000,  0.406123)
(-0.040797,  1.078562,  0.098412),  (0.552967,  0.999996)
(-0.040797,  0.037192,  0.098412),  (0.000000,  0.406123)
(0.040797,  1.078562,  0.098412),  (0.595386,  0.960498)
(0.040797,  0.037192,  0.098412),  (0.042420,  0.366625)
(-0.040797,  1.078562,  0.098412),  (0.835754,  0.139957)
(-0.081593,  0.037192,  -0.000000),  (0.057958,  0.378389)
(-0.081593,  1.078562,  -0.000000),  (0.848750,  0.196442)
(-0.081593,  0.037192,  -0.000000),  (0.057958,  0.378389)
(-0.040797,  1.078562,  0.098412),  (0.835754,  0.139957)
(-0.040797,  0.037192,  0.098412),  (0.044962,  0.321903)
(0.081593,  1.078562,  0.000000),  (0.453400,  0.404729)
(0.044876,  1.078562,  -0.108253),  (0.495269,  0.449182)
(0.040797,  1.078562,  -0.098412),  (0.496474,  0.443513)
(0.044876,  1.078562,  -0.108253),  (0.495269,  0.449182)
(0.081593,  1.078562,  0.000000),  (0.453400,  0.404729)
(0.089752,  1.078562,  0.000000),  (0.447888,  0.406521)
(-0.040797,  1.078562,  0.098412),  (0.520575,  0.330124)
(0.044876,  1.078562,  0.108253),  (0.461144,  0.344157)
(0.040797,  1.078562,  0.098412),  (0.465451,  0.348035)
(0.044876,  1.078562,  0.108253),  (0.461144,  0.344157)
(-0.040797,  1.078562,  0.098412),  (0.520575,  0.330124)
(-0.044876,  1.078562,  0.108253),  (0.521780,  0.324455)
(0.044876,  1.078562,  0.108253),  (0.461144,  0.344157)
(0.089752,  1.078562,  0.000000),  (0.447888,  0.406521)
(0.081593,  1.078562,  0.000000),  (0.453400,  0.404729)
(0.044876,  1.078562,  0.108253),  (0.461144,  0.344157)
(0.081593,  1.078562,  0.000000),  (0.453400,  0.404729)
(0.040797,  1.078562,  0.098412),  (0.465451,  0.348035)
(-0.089752,  1.078562,  -0.000000),  (0.569161,  0.367117)
(-0.044876,  1.078562,  0.108253),  (0.521780,  0.324455)
(-0.040797,  1.078562,  0.098412),  (0.520575,  0.330124)
(-0.089752,  1.078562,  -0.000000),  (0.569161,  0.367117)
(-0.040797,  1.078562,  0.098412),  (0.520575,  0.330124)
(-0.081593,  1.078562,  -0.000000),  (0.563649,  0.368908)
(-0.044876,  1.078562,  -0.108253),  (0.555905,  0.429480)
(0.040797,  1.078562,  -0.098412),  (0.496474,  0.443513)
(0.044876,  1.078562,  -0.108253),  (0.495269,  0.449182)
(0.040797,  1.078562,  -0.098412),  (0.496474,  0.443513)
(-0.044876,  1.078562,  -0.108253),  (0.555905,  0.429480)
(-0.040796,  1.078562,  -0.098412),  (0.551598,  0.425602)
(-0.044876,  1.078562,  -0.108253),  (0.555905,  0.429480)
(-0.081593,  1.078562,  -0.000000),  (0.563649,  0.368908)
(-0.040796,  1.078562,  -0.098412),  (0.551598,  0.425602)
(-0.081593,  1.078562,  -0.000000),  (0.563649,  0.368908)
(-0.044876,  1.078562,  -0.108253),  (0.555905,  0.429480)
(-0.089752,  1.078562,  -0.000000),  (0.569161,  0.367117)
(0.044876,  1.115754,  0.108253),  (0.126239,  0.603002)
(0.089752,  1.115754,  0.000000),  (0.169084,  0.650217)
(0.089752,  1.078562,  0.000000),  (0.190545,  0.630742)
(0.044876,  1.115754,  0.108253),  (0.126239,  0.603002)
(0.089752,  1.078562,  0.000000),  (0.190545,  0.630742)
(0.044876,  1.078562,  0.108253),  (0.147700,  0.583527)
(-0.044876,  1.115754,  -0.108253),  (0.161147,  0.648831)
(-0.089752,  1.115754,  -0.000000),  (0.118302,  0.601616)
(-0.089752,  1.078562,  -0.000000),  (0.096841,  0.621091)
(-0.044876,  1.115754,  -0.108253),  (0.161147,  0.648831)
(-0.089752,  1.078562,  -0.000000),  (0.096841,  0.621091)
(-0.044876,  1.078562,  -0.108253),  (0.139686,  0.668307)
(0.089752,  1.115754,  0.000000),  (0.773441,  0.342954)
(0.044876,  1.115754,  -0.108253),  (0.753974,  0.403667)
(0.044876,  1.078562,  -0.108253),  (0.781570,  0.412515)
(0.089752,  1.115754,  0.000000),  (0.773441,  0.342954)
(0.044876,  1.078562,  -0.108253),  (0.781570,  0.412515)
(0.089752,  1.078562,  0.000000),  (0.801037,  0.351803)
(0.044876,  1.115754,  -0.108253),  (0.356293,  0.323868)
(-0.044876,  1.115754,  -0.108253),  (0.293981,  0.337365)
(-0.044876,  1.078562,  -0.108253),  (0.300116,  0.365689)
(0.044876,  1.115754,  -0.108253),  (0.356293,  0.323868)
(-0.044876,  1.078562,  -0.108253),  (0.300116,  0.365689)
(0.044876,  1.078562,  -0.108253),  (0.362428,  0.352192)
(-0.044876,  1.115754,  0.108253),  (0.230944,  0.370889)
(0.044876,  1.115754,  0.108253),  (0.293256,  0.357391)
(0.044876,  1.078562,  0.108253),  (0.287121,  0.329068)
(-0.044876,  1.115754,  0.108253),  (0.230944,  0.370889)
(0.044876,  1.078562,  0.108253),  (0.287121,  0.329068)
(-0.044876,  1.078562,  0.108253),  (0.224809,  0.342565)
(-0.089752,  1.115754,  -0.000000),  (0.961417,  0.372297)
(-0.044876,  1.115754,  0.108253),  (0.980884,  0.311585)
(-0.044876,  1.078562,  0.108253),  (0.953288,  0.302736)
(-0.089752,  1.115754,  -0.000000),  (0.961417,  0.372297)
(-0.044876,  1.078562,  0.108253),  (0.953288,  0.302736)
(-0.089752,  1.078562,  -0.000000),  (0.933821,  0.363449)
(-0.040797,  0.037192,  0.098412),  (0.600257,  0.302958)
(-0.089752,  0.037192,  -0.000000),  (0.565480,  0.353153)
(-0.081593,  0.037192,  -0.000000),  (0.571276,  0.353153)
(-0.089752,  0.037192,  -0.000000),  (0.565480,  0.353153)
(-0.040797,  0.037192,  0.098412),  (0.600257,  0.302958)
(-0.044876,  0.037192,  0.108253),  (0.597359,  0.297938)
(0.081593,  0.037192,  0.000000),  (0.687198,  0.353153)
(0.044876,  0.037192,  0.108253),  (0.661116,  0.297938)
(0.040797,  0.037192,  0.098412),  (0.658218,  0.302958)
(0.044876,  0.037192,  0.108253),  (0.661116,  0.297938)
(0.081593,  0.037192,  0.000000),  (0.687198,  0.353153)
(0.089752,  0.037192,  0.000000),  (0.692994,  0.353153)
(-0.044876,  0.037192,  -0.108253),  (0.597359,  0.408369)
(-0.081593,  0.037192,  -0.000000),  (0.571276,  0.353153)
(-0.089752,  0.037192,  -0.000000),  (0.565480,  0.353153)
(-0.081593,  0.037192,  -0.000000),  (0.571276,  0.353153)
(-0.044876,  0.037192,  -0.108253),  (0.597359,  0.408369)
(-0.040796,  0.037192,  -0.098412),  (0.600257,  0.403349)
(0.044876,  0.037192,  -0.108253),  (0.661116,  0.408369)
(0.089752,  0.037192,  0.000000),  (0.692994,  0.353153)
(0.081593,  0.037192,  0.000000),  (0.687198,  0.353153)
(0.044876,  0.037192,  -0.108253),  (0.661116,  0.408369)
(0.081593,  0.037192,  0.000000),  (0.687198,  0.353153)
(0.040797,  0.037192,  -0.098412),  (0.658218,  0.403349)
(0.044876,  0.037192,  0.108253),  (0.661116,  0.297938)
(-0.044876,  0.037192,  0.108253),  (0.597359,  0.297938)
(-0.040797,  0.037192,  0.098412),  (0.600257,  0.302958)
(0.044876,  0.037192,  0.108253),  (0.661116,  0.297938)
(-0.040797,  0.037192,  0.098412),  (0.600257,  0.302958)
(0.040797,  0.037192,  0.098412),  (0.658218,  0.302958)
(0.040797,  0.037192,  -0.098412),  (0.658218,  0.403349)
(-0.040796,  0.037192,  -0.098412),  (0.600257,  0.403349)
(-0.044876,  0.037192,  -0.108253),  (0.597359,  0.408369)
(0.040797,  0.037192,  -0.098412),  (0.658218,  0.403349)
(-0.044876,  0.037192,  -0.108253),  (0.597359,  0.408369)
(0.044876,  0.037192,  -0.108253),  (0.661116,  0.408369)
(-0.089752,  0.037192,  -0.000000),  (0.873223,  0.651478)
(-0.044876,  0.037192,  0.108253),  (0.892690,  0.590765)
(-0.044876,  0.000000,  0.108253),  (0.865093,  0.581917)
(-0.089752,  0.037192,  -0.000000),  (0.873223,  0.651478)
(-0.044876,  0.000000,  0.108253),  (0.865093,  0.581917)
(-0.089752,  0.000000,  -0.000000),  (0.845626,  0.642629)
(-0.044876,  0.037192,  0.108253),  (0.564698,  0.674071)
(0.044876,  0.037192,  0.108253),  (0.627010,  0.660574)
(0.044876,  0.000000,  0.108253),  (0.620875,  0.632250)
(-0.044876,  0.037192,  0.108253),  (0.564698,  0.674071)
(0.044876,  0.000000,  0.108253),  (0.620875,  0.632250)
(-0.044876,  0.000000,  0.108253),  (0.558563,  0.645748)
(-0.044876,  0.037192,  -0.108253),  (0.214755,  0.848275)
(-0.089752,  0.037192,  -0.000000),  (0.171910,  0.801060)
(-0.089752,  0.000000,  -0.000000),  (0.150449,  0.820535)
(-0.044876,  0.037192,  -0.108253),  (0.214755,  0.848275)
(-0.089752,  0.000000,  -0.000000),  (0.150449,  0.820535)
(-0.044876,  0.000000,  -0.108253),  (0.193294,  0.867750)
(-0.044876,  0.000000,  -0.108253),  (0.911340,  0.117110)
(0.044876,  0.037192,  -0.108253),  (0.970223,  0.155026)
(-0.044876,  0.037192,  -0.108253),  (0.935706,  0.101421)
(0.044876,  0.037192,  -0.108253),  (0.970223,  0.155026)
(-0.044876,  0.000000,  -0.108253),  (0.911340,  0.117110)
(0.044876,  0.000000,  -0.108253),  (0.945857,  0.170716)
(0.044876,  0.000000,  -0.108253),  (0.645028,  0.626896)
(0.089752,  0.037192,  0.000000),  (0.714980,  0.630290)
(0.044876,  0.037192,  -0.108253),  (0.658285,  0.601125)
(0.089752,  0.037192,  0.000000),  (0.714980,  0.630290)
(0.044876,  0.000000,  -0.108253),  (0.645028,  0.626896)
(0.089752,  0.000000,  0.000000),  (0.701723,  0.656061)
(0.044876,  0.037192,  0.108253),  (0.434054,  0.688867)
(0.089752,  0.037192,  0.000000),  (0.476899,  0.736082)
(0.089752,  0.000000,  0.000000),  (0.498360,  0.716607)
(0.044876,  0.037192,  0.108253),  (0.434054,  0.688867)
(0.089752,  0.000000,  0.000000),  (0.498360,  0.716607)
(0.044876,  0.000000,  0.108253),  (0.455515,  0.669392)
(0.104274,  1.487240,  -0.113637),  (0.381884,  0.137691)
(0.369451,  1.551658,  -0.056818),  (0.569959,  0.078767)
(0.090488,  1.550420,  -0.056818),  (0.371799,  0.080615)
(0.369451,  1.551658,  -0.056818),  (0.569959,  0.078767)
(0.104274,  1.487240,  -0.113637),  (0.381884,  0.137691)
(0.369451,  1.487240,  -0.113637),  (0.570255,  0.136728)
(0.090488,  1.550420,  0.056818),  (0.572398,  0.032619)
(0.369451,  1.551658,  -0.056818),  (0.770566,  0.090580)
(0.369451,  1.551658,  0.056818),  (0.770566,  0.032619)
(0.369451,  1.551658,  -0.056818),  (0.770566,  0.090580)
(0.090488,  1.550420,  0.056818),  (0.572398,  0.032619)
(0.090488,  1.550420,  -0.056818),  (0.572397,  0.090580)
(0.369451,  1.551658,  0.056818),  (0.389623,  0.419043)
(0.104274,  1.487240,  0.113636),  (0.197436,  0.375365)
(0.090488,  1.550420,  0.056818),  (0.191952,  0.433066)
(0.104274,  1.487240,  0.113636),  (0.197436,  0.375365)
(0.369451,  1.551658,  0.056818),  (0.389623,  0.419043)
(0.369451,  1.487240,  0.113636),  (0.385279,  0.361246)
(0.369451,  1.487240,  0.113636),  (0.681556,  0.465814)
(0.118059,  1.424060,  0.056818),  (0.494579,  0.451883)
(0.104274,  1.487240,  0.113636),  (0.498372,  0.509720)
(0.118059,  1.424060,  0.056818),  (0.494579,  0.451883)
(0.369451,  1.487240,  0.113636),  (0.681556,  0.465814)
(0.369451,  1.422822,  0.056818),  (0.668047,  0.409449)
(0.369451,  1.422822,  -0.056818),  (0.610831,  0.485333)
(0.118059,  1.424060,  -0.056818),  (0.440971,  0.540464)
(0.118059,  1.424060,  0.056818),  (0.458864,  0.595594)
(0.369451,  1.422822,  -0.056818),  (0.610831,  0.485333)
(0.118059,  1.424060,  0.056818),  (0.458864,  0.595594)
(0.369451,  1.422822,  0.056818),  (0.628724,  0.540463)
(0.118059,  1.424060,  -0.056818),  (0.829865,  0.889334)
(0.369451,  1.487240,  -0.113637),  (0.862223,  0.704651)
(0.104274,  1.487240,  -0.113637),  (0.774725,  0.871471)
(0.369451,  1.487240,  -0.113637),  (0.862223,  0.704651)
(0.118059,  1.424060,  -0.056818),  (0.829865,  0.889334)
(0.369451,  1.422822,  -0.056818),  (0.913552,  0.731573)
(0.032155,  1.460007,  -0.113637),  (0.494123,  0.435612)
(0.090488,  1.550420,  -0.056818),  (0.545357,  0.365644)
(-0.017810,  1.505557,  -0.056818),  (0.463452,  0.386431)
(0.090488,  1.550420,  -0.056818),  (0.545357,  0.365644)
(0.032155,  1.460007,  -0.113637),  (0.494123,  0.435612)
(0.104274,  1.487240,  -0.113637),  (0.548243,  0.423533)
(-0.017810,  1.505557,  0.056818),  (0.715488,  0.246368)
(0.090488,  1.550420,  -0.056818),  (0.798681,  0.306193)
(0.090488,  1.550420,  0.056818),  (0.799969,  0.248246)
(0.090488,  1.550420,  -0.056818),  (0.798681,  0.306193)
(-0.017810,  1.505557,  0.056818),  (0.715488,  0.246368)
(-0.017810,  1.505557,  -0.056818),  (0.714200,  0.304314)
(0.032155,  1.460007,  0.113636),  (0.016218,  0.081452)
(0.090488,  1.550420,  0.056818),  (0.084474,  0.134945)
(0.104274,  1.487240,  0.113636),  (0.071588,  0.078435)
(0.090488,  1.550420,  0.056818),  (0.084474,  0.134945)
(0.032155,  1.460007,  0.113636),  (0.016218,  0.081452)
(-0.017810,  1.505557,  0.056818),  (0.000000,  0.137097)
(0.104274,  1.487240,  0.113636),  (0.285334,  0.796341)
(0.082120,  1.414456,  0.056818),  (0.350876,  0.793461)
(0.032155,  1.460007,  0.113636),  (0.313909,  0.748819)
(0.082120,  1.414456,  0.056818),  (0.350876,  0.793461)
(0.104274,  1.487240,  0.113636),  (0.285334,  0.796341)
(0.118059,  1.424060,  0.056818),  (0.339324,  0.817426)
(0.082120,  1.414456,  -0.056818),  (0.987218,  0.199826)
(0.118059,  1.424060,  0.056818),  (0.923445,  0.200318)
(0.118059,  1.424060,  -0.056818),  (0.976307,  0.224090)
(0.118059,  1.424060,  0.056818),  (0.923445,  0.200318)
(0.082120,  1.414456,  -0.056818),  (0.987218,  0.199826)
(0.082120,  1.414456,  0.056818),  (0.934356,  0.176054)
(0.082120,  1.414456,  -0.056818),  (0.413536,  0.022393)
(0.104274,  1.487240,  -0.113637),  (0.373528,  0.074387)
(0.032155,  1.460007,  -0.113637),  (0.428842,  0.078297)
(0.104274,  1.487240,  -0.113637),  (0.373528,  0.074387)
(0.082120,  1.414456,  -0.056818),  (0.413536,  0.022393)
(0.118059,  1.424060,  -0.056818),  (0.387284,  0.018082)
(-0.067021,  1.406828,  -0.056818),  (0.584503,  0.347108)
(0.032155,  1.460007,  -0.113637),  (0.658873,  0.391712)
(-0.017810,  1.505557,  -0.056818),  (0.668056,  0.334483)
(0.032155,  1.460007,  -0.113637),  (0.658873,  0.391712)
(-0.067021,  1.406828,  -0.056818),  (0.584503,  0.347108)
(0.002283,  1.394260,  -0.113637),  (0.604307,  0.401581)
(-0.017810,  1.505557,  -0.056818),  (0.098148,  0.586642)
(-0.067021,  1.406828,  0.056818),  (0.027841,  0.512097)
(-0.067021,  1.406828,  -0.056818),  (0.015564,  0.568743)
(-0.067021,  1.406828,  0.056818),  (0.027841,  0.512097)
(-0.017810,  1.505557,  -0.056818),  (0.098148,  0.586642)
(-0.017810,  1.505557,  0.056818),  (0.110425,  0.529996)
(0.032155,  1.460007,  0.113636),  (0.970372,  0.834026)
(0.002283,  1.394260,  0.113636),  (0.927896,  0.798380)
(-0.067021,  1.406828,  0.056818),  (0.883671,  0.835845)
(0.032155,  1.460007,  0.113636),  (0.970372,  0.834026)
(-0.067021,  1.406828,  0.056818),  (0.883671,  0.835845)
(-0.017810,  1.505557,  0.056818),  (0.949946,  0.888268)
(0.071586,  1.381693,  0.056818),  (0.666467,  0.722949)
(0.002283,  1.394260,  0.113636),  (0.613901,  0.747366)
(0.082120,  1.414456,  0.056818),  (0.679494,  0.746145)
(0.082120,  1.414456,  0.056818),  (0.679494,  0.746145)
(0.002283,  1.394260,  0.113636),  (0.613901,  0.747366)
(0.032155,  1.460007,  0.113636),  (0.645389,  0.793010)
(0.071586,  1.381693,  -0.056818),  (0.469435,  0.315501)
(0.082120,  1.414456,  0.056818),  (0.406385,  0.325091)
(0.082120,  1.414456,  -0.056818),  (0.462099,  0.341073)
(0.082120,  1.414456,  0.056818),  (0.406385,  0.325091)
(0.071586,  1.381693,  -0.056818),  (0.469435,  0.315501)
(0.071586,  1.381693,  0.056818),  (0.413720,  0.299519)
(0.002283,  1.394260,  -0.113637),  (-0.000000,  0.879082)
(0.082120,  1.414456,  -0.056818),  (0.063458,  0.895729)
(0.032155,  1.460007,  -0.113637),  (0.041360,  0.842146)
(0.082120,  1.414456,  -0.056818),  (0.063458,  0.895729)
(0.002283,  1.394260,  -0.113637),  (-0.000000,  0.879082)
(0.071586,  1.381693,  -0.056818),  (0.045331,  0.915201)
(0.002283,  1.394260,  -0.113637),  (0.360324,  0.816547)
(-0.068379,  1.152514,  -0.056818),  (0.432393,  0.999986)
(0.002283,  1.152514,  -0.113637),  (0.477721,  0.963864)
(-0.068379,  1.152514,  -0.056818),  (0.432393,  0.999986)
(0.002283,  1.394260,  -0.113637),  (0.360324,  0.816547)
(-0.067021,  1.406828,  -0.056818),  (0.309544,  0.844491)
(-0.068379,  1.152514,  -0.056818),  (0.195411,  0.882475)
(-0.067021,  1.406828,  -0.056818),  (0.354973,  0.999992)
(-0.067021,  1.406828,  0.056818),  (0.389345,  0.953323)
(-0.067021,  1.406828,  0.056818),  (0.389345,  0.953323)
(-0.068379,  1.152514,  0.056818),  (0.229783,  0.835805)
(-0.068379,  1.152514,  -0.056818),  (0.195411,  0.882475)
(-0.068379,  1.152514,  0.056818),  (0.127382,  0.852742)
(-0.067021,  1.406828,  0.056818),  (0.048671,  0.670876)
(0.002283,  1.394260,  0.113636),  (0.000000,  0.702350)
(0.002283,  1.394260,  0.113636),  (0.000000,  0.702350)
(0.002283,  1.152514,  0.113636),  (0.074093,  0.875540)
(-0.068379,  1.152514,  0.056818),  (0.127382,  0.852742)
(0.002283,  1.152514,  0.113636),  (0.700771,  0.334044)
(0.002283,  1.394260,  0.113636),  (0.679614,  0.521225)
(0.071586,  1.381693,  0.056818),  (0.737480,  0.517911)
(0.071586,  1.381693,  0.056818),  (0.737480,  0.517911)
(0.072944,  1.152514,  0.056818),  (0.758365,  0.340553)
(0.002283,  1.152514,  0.113636),  (0.700771,  0.334044)
(0.072944,  1.152514,  0.056818),  (0.319086,  0.824122)
(0.071586,  1.381693,  0.056818),  (0.173758,  0.720335)
(0.071586,  1.381693,  -0.056818),  (0.140073,  0.767503)
(0.071586,  1.381693,  -0.056818),  (0.140073,  0.767503)
(0.072944,  1.152514,  -0.056818),  (0.285401,  0.871290)
(0.072944,  1.152514,  0.056818),  (0.319086,  0.824122)
(0.071586,  1.381693,  -0.056818),  (0.076929,  0.584380)
(0.002283,  1.152514,  -0.113637),  (0.097303,  0.770766)
(0.072944,  1.152514,  -0.056818),  (0.150263,  0.747212)
(0.002283,  1.152514,  -0.113637),  (0.097303,  0.770766)
(0.071586,  1.381693,  -0.056818),  (0.076929,  0.584380)
(0.002283,  1.394260,  -0.113637),  (0.020752,  0.598648)
(0.369451,  1.558100,  0.062500),  (0.062850,  0.173097)
(0.369451,  1.551658,  -0.056818),  (0.003701,  0.157917)
(0.369451,  1.558100,  -0.062500),  (-0.000000,  0.162378)
(0.369451,  1.551658,  -0.056818),  (0.003701,  0.157917)
(0.369451,  1.558100,  0.062500),  (0.062850,  0.173097)
(0.369451,  1.551658,  0.056818),  (0.060837,  0.167662)
(0.369451,  1.551658,  -0.056818),  (0.848790,  0.967309)
(0.369451,  1.487240,  -0.113637),  (0.797445,  0.994201)
(0.369451,  1.487240,  -0.125000),  (0.797206,  0.999992)
(0.369451,  1.551658,  -0.056818),  (0.848790,  0.967309)
(0.369451,  1.487240,  -0.125000),  (0.797206,  0.999992)
(0.369451,  1.558100,  -0.062500),  (0.853686,  0.970412)
(0.369451,  1.422822,  0.056818),  (0.077715,  0.068700)
(0.369451,  1.416380,  -0.062500),  (0.018566,  0.053520)
(0.369451,  1.422822,  -0.056818),  (0.020579,  0.058955)
(0.369451,  1.416380,  -0.062500),  (0.018566,  0.053520)
(0.369451,  1.422822,  0.056818),  (0.077715,  0.068700)
(0.369451,  1.416380,  0.062500),  (0.081416,  0.064239)
(0.369451,  1.416380,  0.062500),  (0.081416,  0.064239)
(0.369451,  1.487240,  0.113636),  (0.097844,  0.123053)
(0.369451,  1.487240,  0.124999),  (0.103557,  0.124028)
(0.369451,  1.487240,  0.113636),  (0.097844,  0.123053)
(0.369451,  1.416380,  0.062500),  (0.081416,  0.064239)
(0.369451,  1.422822,  0.056818),  (0.077715,  0.068700)
(0.369451,  1.487240,  -0.125000),  (0.247167,  0.932508)
(0.369451,  1.422822,  -0.056818),  (0.196972,  0.897731)
(0.369451,  1.416380,  -0.062500),  (0.191952,  0.900629)
(0.369451,  1.422822,  -0.056818),  (0.196972,  0.897731)
(0.369451,  1.487240,  -0.125000),  (0.247167,  0.932508)
(0.369451,  1.487240,  -0.113637),  (0.247167,  0.926712)
(0.369451,  1.551658,  0.056818),  (0.060837,  0.167662)
(0.369451,  1.487240,  0.124999),  (0.103557,  0.124028)
(0.369451,  1.487240,  0.113636),  (0.097844,  0.123053)
(0.369451,  1.487240,  0.124999),  (0.103557,  0.124028)
(0.369451,  1.551658,  0.056818),  (0.060837,  0.167662)
(0.369451,  1.558100,  0.062500),  (0.062850,  0.173097)
(0.410248,  1.416380,  -0.062500),  (0.515331,  0.292361)
(0.410248,  1.487240,  -0.125000),  (0.550389,  0.345614)
(0.369451,  1.487240,  -0.125000),  (0.574595,  0.329678)
(0.369451,  1.487240,  -0.125000),  (0.574595,  0.329678)
(0.369451,  1.416380,  -0.062500),  (0.539536,  0.276425)
(0.410248,  1.416380,  -0.062500),  (0.515331,  0.292361)
(0.410248,  1.416380,  0.062500),  (0.923445,  0.383310)
(0.410248,  1.416380,  -0.062500),  (0.949828,  0.441352)
(0.369451,  1.416380,  -0.062500),  (0.976211,  0.429360)
(0.369451,  1.416380,  -0.062500),  (0.976211,  0.429360)
(0.369451,  1.416380,  0.062500),  (0.949828,  0.371318)
(0.410248,  1.416380,  0.062500),  (0.923445,  0.383310)
(0.410248,  1.558100,  0.062500),  (1.000000,  0.927938)
(0.369451,  1.487240,  0.124999),  (0.961489,  0.869442)
(0.369451,  1.558100,  0.062500),  (0.971370,  0.932429)
(0.369451,  1.487240,  0.124999),  (0.961489,  0.869442)
(0.410248,  1.558100,  0.062500),  (1.000000,  0.927938)
(0.410248,  1.487240,  0.124999),  (0.990120,  0.864951)
(0.410248,  1.487240,  -0.125000),  (0.990120,  0.307263)
(0.410248,  1.558100,  -0.062500),  (1.000000,  0.244276)
(0.369451,  1.558100,  -0.062500),  (0.971370,  0.239785)
(0.369451,  1.558100,  -0.062500),  (0.971370,  0.239785)
(0.369451,  1.487240,  -0.125000),  (0.961489,  0.302772)
(0.410248,  1.487240,  -0.125000),  (0.990120,  0.307263)
(0.410248,  1.487240,  0.124999),  (0.631194,  0.274527)
(0.369451,  1.416380,  0.062500),  (0.700382,  0.285380)
(0.369451,  1.487240,  0.124999),  (0.647129,  0.250322)
(0.369451,  1.416380,  0.062500),  (0.700382,  0.285380)
(0.410248,  1.487240,  0.124999),  (0.631194,  0.274527)
(0.410248,  1.416380,  0.062500),  (0.684446,  0.309586)
(0.410248,  1.558100,  -0.062500),  (0.999116,  0.702601)
(0.410248,  1.558100,  0.062500),  (0.999116,  0.638844)
(0.369451,  1.558100,  0.062500),  (0.970136,  0.638844)
(0.369451,  1.558100,  0.062500),  (0.970136,  0.638844)
(0.369451,  1.558100,  -0.062500),  (0.970136,  0.702601)
(0.410248,  1.558100,  -0.062500),  (0.999116,  0.702601)
(-0.068379,  1.152514,  0.056818),  (0.005020,  0.887989)
(-0.075445,  1.152514,  -0.062500),  (0.000000,  0.948848)
(-0.068379,  1.152514,  -0.056818),  (0.005020,  0.945950)
(-0.075445,  1.152514,  -0.062500),  (0.000000,  0.948848)
(-0.068379,  1.152514,  0.056818),  (0.005020,  0.887989)
(-0.075445,  1.152514,  0.062500),  (0.000000,  0.885091)
(0.002283,  1.152514,  0.124999),  (0.221228,  0.965212)
(-0.075445,  1.152514,  0.062500),  (0.166013,  0.997091)
(-0.068379,  1.152514,  0.056818),  (0.171032,  0.999989)
(0.002283,  1.152514,  0.124999),  (0.221228,  0.965212)
(-0.068379,  1.152514,  0.056818),  (0.171032,  0.999989)
(0.002283,  1.152514,  0.113636),  (0.221228,  0.971008)
(0.072944,  1.152514,  0.056818),  (0.529211,  0.987538)
(0.002283,  1.152514,  0.124999),  (0.479015,  0.952762)
(0.002283,  1.152514,  0.113636),  (0.479015,  0.958558)
(0.002283,  1.152514,  0.124999),  (0.479015,  0.952762)
(0.072944,  1.152514,  0.056818),  (0.529211,  0.987538)
(0.080010,  1.152514,  0.062500),  (0.534231,  0.984640)
(0.002283,  1.152514,  -0.113637),  (0.909611,  0.994196)
(0.080010,  1.152514,  -0.062500),  (0.964826,  0.968114)
(0.072944,  1.152514,  -0.056818),  (0.959806,  0.965216)
(0.080010,  1.152514,  -0.062500),  (0.964826,  0.968114)
(0.002283,  1.152514,  -0.113637),  (0.909611,  0.994196)
(0.002283,  1.152514,  -0.125000),  (0.909611,  0.999993)
(-0.075445,  1.152514,  -0.062500),  (0.479015,  0.968121)
(0.002283,  1.152514,  -0.125000),  (0.534231,  1.000000)
(0.002283,  1.152514,  -0.113637),  (0.534231,  0.994204)
(-0.075445,  1.152514,  -0.062500),  (0.479015,  0.968121)
(0.002283,  1.152514,  -0.113637),  (0.534231,  0.994204)
(-0.068379,  1.152514,  -0.056818),  (0.484035,  0.965223)
(0.080010,  1.152514,  -0.062500),  (0.964826,  0.968114)
(0.080010,  1.152514,  0.062500),  (0.964826,  0.904357)
(0.072944,  1.152514,  0.056818),  (0.959806,  0.907255)
(0.080010,  1.152514,  -0.062500),  (0.964826,  0.968114)
(0.072944,  1.152514,  0.056818),  (0.959806,  0.907255)
(0.072944,  1.152514,  -0.056818),  (0.959806,  0.965216)
(-0.075445,  1.152514,  -0.062500),  (0.251066,  0.063605)
(-0.075445,  1.152514,  0.062500),  (0.237569,  0.001293)
(-0.075445,  1.115322,  0.062500),  (0.209245,  0.007428)
(-0.075445,  1.152514,  -0.062500),  (0.251066,  0.063605)
(-0.075445,  1.115322,  0.062500),  (0.209245,  0.007428)
(-0.075445,  1.115322,  -0.062500),  (0.222742,  0.069740)
(0.002283,  1.152514,  -0.125000),  (0.569328,  0.049461)
(-0.075445,  1.152514,  -0.062500),  (0.508616,  0.029994)
(-0.075445,  1.115322,  -0.062500),  (0.499767,  0.057591)
(0.002283,  1.152514,  -0.125000),  (0.569328,  0.049461)
(-0.075445,  1.115322,  -0.062500),  (0.499767,  0.057591)
(0.002283,  1.115322,  -0.125000),  (0.560479,  0.077058)
(0.002283,  1.152514,  0.124999),  (0.053608,  0.052101)
(0.080010,  1.152514,  0.062500),  (0.114321,  0.071568)
(0.080010,  1.115322,  0.062500),  (0.123169,  0.043971)
(0.002283,  1.152514,  0.124999),  (0.053608,  0.052101)
(0.080010,  1.115322,  0.062500),  (0.123169,  0.043971)
(0.002283,  1.115322,  0.124999),  (0.062457,  0.024504)
(-0.075445,  1.152514,  0.062500),  (0.211427,  0.743166)
(0.002283,  1.152514,  0.124999),  (0.258642,  0.700321)
(0.002283,  1.115322,  0.124999),  (0.239167,  0.678860)
(-0.075445,  1.152514,  0.062500),  (0.211427,  0.743166)
(0.002283,  1.115322,  0.124999),  (0.239167,  0.678860)
(-0.075445,  1.115322,  0.062500),  (0.191952,  0.721705)
(0.002283,  1.115322,  -0.125000),  (0.838709,  0.670848)
(0.080010,  1.152514,  -0.062500),  (0.905399,  0.692232)
(0.002283,  1.152514,  -0.125000),  (0.858184,  0.649387)
(0.080010,  1.152514,  -0.062500),  (0.905399,  0.692232)
(0.002283,  1.115322,  -0.125000),  (0.838709,  0.670848)
(0.080010,  1.115322,  -0.062500),  (0.885924,  0.713693)
(0.080010,  1.152514,  0.062500),  (0.174659,  0.008017)
(0.080010,  1.152514,  -0.062500),  (0.188156,  0.070329)
(0.080010,  1.115322,  -0.062500),  (0.216480,  0.064194)
(0.080010,  1.152514,  0.062500),  (0.174659,  0.008017)
(0.080010,  1.115322,  -0.062500),  (0.216480,  0.064194)
(0.080010,  1.115322,  0.062500),  (0.202983,  0.001882)
(0.104274,  -0.371040,  0.113636),  (0.312167,  0.559611)
(0.369451,  -0.371040,  0.113636),  (0.496286,  0.519801)
(0.369451,  -0.435458,  0.056818),  (0.484036,  0.463149)
(0.104274,  -0.371040,  0.113636),  (0.312167,  0.559611)
(0.369451,  -0.435458,  0.056818),  (0.484036,  0.463149)
(0.090488,  -0.434221,  0.056818),  (0.290522,  0.505843)
(0.090488,  -0.434221,  -0.056818),  (0.525706,  0.576739)
(0.369451,  -0.435458,  0.056818),  (0.732177,  0.576739)
(0.369451,  -0.435458,  -0.056818),  (0.715906,  0.521108)
(0.369451,  -0.435458,  0.056818),  (0.732177,  0.576739)
(0.090488,  -0.434221,  -0.056818),  (0.525706,  0.576739)
(0.090488,  -0.434221,  0.056818),  (0.541977,  0.632369)
(0.104274,  -0.371040,  -0.113636),  (0.261124,  0.451320)
(0.369451,  -0.435458,  -0.056818),  (0.457689,  0.465680)
(0.369451,  -0.371040,  -0.113636),  (0.444725,  0.409187)
(0.369451,  -0.435458,  -0.056818),  (0.457689,  0.465680)
(0.104274,  -0.371040,  -0.113636),  (0.261124,  0.451320)
(0.090488,  -0.434221,  -0.056818),  (0.264356,  0.509191)
(0.118059,  -0.307860,  -0.056818),  (0.197608,  0.136294)
(0.369451,  -0.371040,  -0.113636),  (0.379837,  0.180421)
(0.369451,  -0.306622,  -0.056818),  (0.375666,  0.122610)
(0.369451,  -0.371040,  -0.113636),  (0.379837,  0.180421)
(0.118059,  -0.307860,  -0.056818),  (0.197608,  0.136294)
(0.104274,  -0.371040,  -0.113636),  (0.191952,  0.193978)
(0.118059,  -0.307860,  0.056818),  (0.790289,  0.028529)
(0.369451,  -0.306622,  -0.056818),  (0.968872,  0.086490)
(0.369451,  -0.306622,  0.056818),  (0.968872,  0.028529)
(0.369451,  -0.306622,  -0.056818),  (0.968872,  0.086490)
(0.118059,  -0.307860,  0.056818),  (0.790289,  0.028529)
(0.118059,  -0.307860,  -0.056818),  (0.790289,  0.086490)
(0.118059,  -0.307860,  0.056818),  (0.014060,  0.236051)
(0.369451,  -0.306622,  0.056818),  (0.192199,  0.223455)
(0.369451,  -0.371040,  0.113636),  (0.187840,  0.165659)
(0.118059,  -0.307860,  0.056818),  (0.014060,  0.236051)
(0.369451,  -0.371040,  0.113636),  (0.187840,  0.165659)
(0.104274,  -0.371040,  0.113636),  (0.000000,  0.179822)
(0.104274,  -0.371040,  0.113636),  (0.452168,  0.341082)
(0.090488,  -0.434221,  0.056818),  (0.396189,  0.326053)
(0.032155,  -0.343807,  0.113636),  (0.447044,  0.396297)
(0.090488,  -0.434221,  0.056818),  (0.396189,  0.326053)
(-0.017810,  -0.389358,  0.056818),  (0.390821,  0.410384)
(0.032155,  -0.343807,  0.113636),  (0.447044,  0.396297)
(-0.017810,  -0.389358,  -0.056818),  (0.854273,  0.952930)
(0.090488,  -0.434221,  0.056818),  (0.956717,  0.950652)
(0.090488,  -0.434221,  -0.056818),  (0.922878,  0.903595)
(0.090488,  -0.434221,  0.056818),  (0.956717,  0.950652)
(-0.017810,  -0.389358,  -0.056818),  (0.854273,  0.952930)
(-0.017810,  -0.389358,  0.056818),  (0.888113,  0.999987)
(0.032155,  -0.343807,  -0.113636),  (0.572397,  0.805334)
(0.090488,  -0.434221,  -0.056818),  (0.658989,  0.810052)
(0.104274,  -0.371040,  -0.113636),  (0.616042,  0.771128)
(0.090488,  -0.434221,  -0.056818),  (0.658989,  0.810052)
(0.032155,  -0.343807,  -0.113636),  (0.572397,  0.805334)
(-0.017810,  -0.389358,  -0.056818),  (0.590998,  0.860229)
(0.082120,  -0.298257,  -0.056818),  (0.145098,  0.012812)
(0.104274,  -0.371040,  -0.113636),  (0.176278,  0.070533)
(0.118059,  -0.307860,  -0.056818),  (0.171701,  0.012753)
(0.104274,  -0.371040,  -0.113636),  (0.176278,  0.070533)
(0.082120,  -0.298257,  -0.056818),  (0.145098,  0.012812)
(0.032155,  -0.343807,  -0.113636),  (0.121051,  0.065549)
(0.082120,  -0.298257,  0.056818),  (0.000447,  0.623395)
(0.118059,  -0.307860,  -0.056818),  (0.026603,  0.681560)
(0.118059,  -0.307860,  0.056818),  (0.027050,  0.623600)
(0.118059,  -0.307860,  -0.056818),  (0.026603,  0.681560)
(0.082120,  -0.298257,  0.056818),  (0.000447,  0.623395)
(0.082120,  -0.298257,  -0.056818),  (0.000000,  0.681355)
(0.118059,  -0.307860,  0.056818),  (0.673932,  0.530769)
(0.104274,  -0.371040,  0.113636),  (0.669393,  0.472986)
(0.082120,  -0.298257,  0.056818),  (0.647648,  0.534883)
(0.104274,  -0.371040,  0.113636),  (0.669393,  0.472986)
(0.032155,  -0.343807,  0.113636),  (0.615630,  0.486568)
(0.082120,  -0.298257,  0.056818),  (0.647648,  0.534883)
(-0.067021,  -0.290628,  0.056818),  (0.220632,  0.688932)
(0.032155,  -0.343807,  0.113636),  (0.134885,  0.675975)
(-0.017810,  -0.389358,  0.056818),  (0.148164,  0.732394)
(0.032155,  -0.343807,  0.113636),  (0.134885,  0.675975)
(-0.067021,  -0.290628,  0.056818),  (0.220632,  0.688932)
(0.002283,  -0.278061,  0.113636),  (0.181594,  0.646089)
(-0.067021,  -0.290628,  -0.056818),  (0.216007,  0.938512)
(-0.017810,  -0.389358,  0.056818),  (0.115863,  0.960217)
(-0.017810,  -0.389358,  -0.056818),  (0.158028,  0.999985)
(-0.017810,  -0.389358,  0.056818),  (0.115863,  0.960217)
(-0.067021,  -0.290628,  -0.056818),  (0.216007,  0.938512)
(-0.067021,  -0.290628,  0.056818),  (0.173842,  0.898743)
(-0.067021,  -0.290628,  -0.056818),  (0.952044,  0.523966)
(-0.017810,  -0.389358,  -0.056818),  (0.970985,  0.441614)
(0.032155,  -0.343807,  -0.113636),  (0.913224,  0.446419)
(-0.067021,  -0.290628,  -0.056818),  (0.952044,  0.523966)
(0.032155,  -0.343807,  -0.113636),  (0.913224,  0.446419)
(0.002283,  -0.278061,  -0.113636),  (0.899235,  0.500078)
(0.002283,  -0.278061,  -0.113636),  (0.907881,  0.775226)
(0.032155,  -0.343807,  -0.113636),  (0.949515,  0.811854)
(0.082120,  -0.298257,  -0.056818),  (0.971213,  0.758108)
(0.002283,  -0.278061,  -0.113636),  (0.907881,  0.775226)
(0.082120,  -0.298257,  -0.056818),  (0.971213,  0.758108)
(0.071586,  -0.265494,  -0.056818),  (0.952942,  0.738771)
(0.071586,  -0.265494,  0.056818),  (0.971935,  0.938686)
(0.082120,  -0.298257,  -0.056818),  (0.989520,  0.999988)
(0.082120,  -0.298257,  0.056818),  (0.998236,  0.942687)
(0.082120,  -0.298257,  -0.056818),  (0.989520,  0.999988)
(0.071586,  -0.265494,  0.056818),  (0.971935,  0.938686)
(0.071586,  -0.265494,  -0.056818),  (0.963219,  0.995988)
(0.002283,  -0.278061,  0.113636),  (0.319920,  0.040396)
(0.082120,  -0.298257,  0.056818),  (0.368853,  0.084095)
(0.032155,  -0.343807,  0.113636),  (0.373557,  0.026326)
(0.082120,  -0.298257,  0.056818),  (0.368853,  0.084095)
(0.002283,  -0.278061,  0.113636),  (0.319920,  0.040396)
(0.071586,  -0.265494,  0.056818),  (0.343851,  0.093187)
(-0.068379,  -0.036314,  0.056818),  (0.695562,  0.696875)
(0.002283,  -0.278061,  0.113636),  (0.499767,  0.719422)
(-0.067021,  -0.290628,  0.056818),  (0.513734,  0.775675)
(0.002283,  -0.278061,  0.113636),  (0.499767,  0.719422)
(-0.068379,  -0.036314,  0.056818),  (0.695562,  0.696875)
(0.002283,  -0.036314,  0.113636),  (0.672290,  0.643791)
(-0.068379,  -0.036314,  0.056818),  (0.157585,  0.833742)
(-0.067021,  -0.290628,  -0.056818),  (0.035144,  0.999990)
(-0.068379,  -0.036314,  -0.056818),  (0.192729,  0.879834)
(-0.067021,  -0.290628,  -0.056818),  (0.035144,  0.999990)
(-0.068379,  -0.036314,  0.056818),  (0.157585,  0.833742)
(-0.067021,  -0.290628,  0.056818),  (0.000000,  0.953899)
(-0.068379,  -0.036314,  -0.056818),  (0.890588,  0.531831)
(0.002283,  -0.278061,  -0.113636),  (0.969339,  0.712503)
(0.002283,  -0.036314,  -0.113636),  (0.948182,  0.525321)
(0.002283,  -0.278061,  -0.113636),  (0.969339,  0.712503)
(-0.068379,  -0.036314,  -0.056818),  (0.890588,  0.531831)
(-0.067021,  -0.290628,  -0.056818),  (0.913673,  0.728650)
(0.002283,  -0.036314,  -0.113636),  (0.370070,  0.622442)
(0.071586,  -0.265494,  -0.056818),  (0.556576,  0.641679)
(0.072944,  -0.036314,  -0.056818),  (0.393300,  0.569340)
(0.071586,  -0.265494,  -0.056818),  (0.556576,  0.641679)
(0.002283,  -0.036314,  -0.113636),  (0.370070,  0.622442)
(0.002283,  -0.278061,  -0.113636),  (0.542651,  0.697942)
(0.072944,  -0.036314,  -0.056818),  (0.783251,  0.999986)
(0.071586,  -0.265494,  0.056818),  (0.892367,  0.847195)
(0.072944,  -0.036314,  0.056818),  (0.748786,  0.953385)
(0.071586,  -0.265494,  0.056818),  (0.892367,  0.847195)
(0.072944,  -0.036314,  -0.056818),  (0.783251,  0.999986)
(0.071586,  -0.265494,  -0.056818),  (0.926832,  0.893796)
(0.002283,  -0.036314,  0.113636),  (0.105487,  0.073541)
(0.071586,  -0.265494,  0.056818),  (0.285015,  0.127617)
(0.002283,  -0.278061,  0.113636),  (0.293833,  0.070331)
(0.071586,  -0.265494,  0.056818),  (0.285015,  0.127617)
(0.002283,  -0.036314,  0.113636),  (0.105487,  0.073541)
(0.072944,  -0.036314,  0.056818),  (0.106474,  0.131494)
(0.369451,  -0.435458,  0.056818),  (0.708873,  0.246466)
(0.369451,  -0.441900,  -0.062500),  (0.704480,  0.307374)
(0.369451,  -0.435458,  -0.056818),  (0.709469,  0.304424)
(0.369451,  -0.441900,  -0.062500),  (0.704480,  0.307374)
(0.369451,  -0.435458,  0.056818),  (0.708873,  0.246466)
(0.369451,  -0.441900,  0.062500),  (0.703824,  0.243620)
(0.369451,  -0.441900,  0.062500),  (0.836144,  0.740523)
(0.369451,  -0.371040,  0.113636),  (0.838656,  0.679509)
(0.369451,  -0.371040,  0.125000),  (0.833521,  0.676820)
(0.369451,  -0.371040,  0.113636),  (0.838656,  0.679509)
(0.369451,  -0.441900,  0.062500),  (0.836144,  0.740523)
(0.369451,  -0.435458,  0.056818),  (0.841040,  0.737421)
(0.369451,  -0.300181,  -0.062500),  (0.814905,  0.306238)
(0.369451,  -0.300181,  0.062500),  (0.814249,  0.242484)
(0.369451,  -0.306622,  0.056818),  (0.809259,  0.245434)
(0.369451,  -0.300181,  -0.062500),  (0.814905,  0.306238)
(0.369451,  -0.306622,  0.056818),  (0.809259,  0.245434)
(0.369451,  -0.306622,  -0.056818),  (0.809855,  0.303392)
(0.369451,  -0.371040,  -0.113636),  (0.759960,  0.332887)
(0.369451,  -0.300181,  -0.062500),  (0.814905,  0.306238)
(0.369451,  -0.306622,  -0.056818),  (0.809855,  0.303392)
(0.369451,  -0.300181,  -0.062500),  (0.814905,  0.306238)
(0.369451,  -0.371040,  -0.113636),  (0.759960,  0.332887)
(0.369451,  -0.371040,  -0.125000),  (0.760020,  0.338683)
(0.369451,  -0.306622,  0.056818),  (0.894702,  0.678033)
(0.369451,  -0.371040,  0.125000),  (0.897214,  0.617019)
(0.369451,  -0.371040,  0.113636),  (0.892317,  0.620121)
(0.369451,  -0.371040,  0.125000),  (0.897214,  0.617019)
(0.369451,  -0.306622,  0.056818),  (0.894702,  0.678033)
(0.369451,  -0.300181,  0.062500),  (0.899836,  0.680722)
(0.369451,  -0.441900,  -0.062500),  (0.704480,  0.307374)
(0.369451,  -0.371040,  -0.125000),  (0.760020,  0.338683)
(0.369451,  -0.371040,  -0.113636),  (0.759960,  0.332887)
(0.369451,  -0.441900,  -0.062500),  (0.704480,  0.307374)
(0.369451,  -0.371040,  -0.113636),  (0.759960,  0.332887)
(0.369451,  -0.435458,  -0.056818),  (0.709469,  0.304424)
(0.410248,  -0.300181,  0.062500),  (0.285800,  0.064659)
(0.369451,  -0.371040,  0.125000),  (0.247290,  0.006164)
(0.369451,  -0.300181,  0.062500),  (0.257170,  0.069151)
(0.369451,  -0.371040,  0.125000),  (0.247290,  0.006164)
(0.410248,  -0.300181,  0.062500),  (0.285800,  0.064659)
(0.410248,  -0.371040,  0.125000),  (0.275920,  0.001673)
(0.410248,  -0.300181,  -0.062500),  (0.999116,  0.830617)
(0.410248,  -0.300181,  0.062500),  (0.999116,  0.766860)
(0.369451,  -0.300181,  0.062500),  (0.970136,  0.766860)
(0.369451,  -0.300181,  0.062500),  (0.970136,  0.766860)
(0.369451,  -0.300181,  -0.062500),  (0.970136,  0.830617)
(0.410248,  -0.300181,  -0.062500),  (0.999116,  0.830617)
(0.410248,  -0.371040,  -0.125000),  (0.040247,  0.512541)
(0.369451,  -0.441900,  -0.062500),  (0.029394,  0.443352)
(0.410248,  -0.441900,  -0.062500),  (0.005188,  0.459288)
(0.369451,  -0.441900,  -0.062500),  (0.029394,  0.443352)
(0.410248,  -0.371040,  -0.125000),  (0.040247,  0.512541)
(0.369451,  -0.371040,  -0.125000),  (0.064452,  0.496605)
(0.410248,  -0.371040,  0.125000),  (0.235184,  0.956686)
(0.369451,  -0.441900,  0.062500),  (0.304373,  0.967539)
(0.369451,  -0.371040,  0.125000),  (0.251120,  0.932480)
(0.369451,  -0.441900,  0.062500),  (0.304373,  0.967539)
(0.410248,  -0.371040,  0.125000),  (0.235184,  0.956686)
(0.410248,  -0.441900,  0.062500),  (0.288437,  0.991745)
(0.410248,  -0.371040,  -0.125000),  (0.988391,  0.534347)
(0.410248,  -0.300181,  -0.062500),  (0.998271,  0.471360)
(0.369451,  -0.300181,  -0.062500),  (0.969640,  0.466869)
(0.369451,  -0.300181,  -0.062500),  (0.969640,  0.466869)
(0.369451,  -0.371040,  -0.125000),  (0.959760,  0.529856)
(0.410248,  -0.371040,  -0.125000),  (0.988391,  0.534347)
(0.410248,  -0.441900,  -0.062500),  (0.322093,  0.124725)
(0.369451,  -0.441900,  0.062500),  (0.322093,  0.054690)
(0.410248,  -0.441900,  0.062500),  (0.295710,  0.066683)
(0.369451,  -0.441900,  0.062500),  (0.322093,  0.054690)
(0.410248,  -0.441900,  -0.062500),  (0.322093,  0.124725)
(0.369451,  -0.441900,  -0.062500),  (0.348476,  0.112733)
(-0.075445,  -0.036314,  -0.062500),  (0.632552,  0.901498)
(-0.068379,  -0.036314,  0.056818),  (0.622547,  0.841258)
(-0.068379,  -0.036314,  -0.056818),  (0.627311,  0.899023)
(-0.075445,  -0.036314,  -0.062500),  (0.632552,  0.901498)
(-0.075445,  -0.036314,  0.062500),  (0.627311,  0.837957)
(-0.068379,  -0.036314,  0.056818),  (0.622547,  0.841258)
(0.002283,  -0.036314,  -0.125000),  (0.159677,  0.807374)
(-0.075445,  -0.036314,  -0.062500),  (0.102029,  0.780142)
(-0.068379,  -0.036314,  -0.056818),  (0.102505,  0.785918)
(0.002283,  -0.036314,  -0.125000),  (0.159677,  0.807374)
(-0.068379,  -0.036314,  -0.056818),  (0.102505,  0.785918)
(0.002283,  -0.036314,  -0.113636),  (0.154913,  0.810674)
(0.072944,  -0.036314,  -0.056818),  (0.285166,  0.732465)
(0.002283,  -0.036314,  -0.125000),  (0.280146,  0.793324)
(0.002283,  -0.036314,  -0.113636),  (0.285166,  0.790426)
(0.002283,  -0.036314,  -0.125000),  (0.280146,  0.793324)
(0.072944,  -0.036314,  -0.056818),  (0.285166,  0.732465)
(0.080010,  -0.036314,  -0.062500),  (0.280146,  0.729567)
(0.002283,  -0.036314,  0.125000),  (0.214433,  0.918753)
(0.072944,  -0.036314,  0.056818),  (0.232651,  0.977038)
(0.002283,  -0.036314,  0.113636),  (0.219965,  0.920483)
(0.002283,  -0.036314,  0.125000),  (0.214433,  0.918753)
(0.080010,  -0.036314,  0.062500),  (0.228387,  0.980965)
(0.072944,  -0.036314,  0.056818),  (0.232651,  0.977038)
(-0.075445,  -0.036314,  0.062500),  (0.088194,  0.963677)
(0.002283,  -0.036314,  0.125000),  (0.140602,  0.999986)
(0.002283,  -0.036314,  0.113636),  (0.141079,  0.994210)
(-0.075445,  -0.036314,  0.062500),  (0.088194,  0.963677)
(0.002283,  -0.036314,  0.113636),  (0.141079,  0.994210)
(-0.068379,  -0.036314,  0.056818),  (0.093435,  0.961201)
(0.080010,  -0.036314,  0.062500),  (0.228387,  0.980965)
(0.080010,  -0.036314,  -0.062500),  (0.289241,  0.999986)
(0.072944,  -0.036314,  -0.056818),  (0.287972,  0.994330)
(0.080010,  -0.036314,  0.062500),  (0.228387,  0.980965)
(0.072944,  -0.036314,  -0.056818),  (0.287972,  0.994330)
(0.072944,  -0.036314,  0.056818),  (0.232651,  0.977038)
(-0.075445,  0.000877,  -0.062500),  (0.994664,  0.597734)
(-0.075445,  0.000877,  0.062500),  (0.981167,  0.535422)
(-0.075445,  -0.036314,  0.062500),  (0.952843,  0.541557)
(-0.075445,  0.000877,  -0.062500),  (0.994664,  0.597734)
(-0.075445,  -0.036314,  0.062500),  (0.952843,  0.541557)
(-0.075445,  -0.036314,  -0.062500),  (0.966340,  0.603869)
(-0.075445,  0.000877,  0.062500),  (0.552099,  0.817995)
(0.002283,  0.000877,  0.125000),  (0.599314,  0.775150)
(0.002283,  -0.036314,  0.125000),  (0.579839,  0.753689)
(-0.075445,  0.000877,  0.062500),  (0.552099,  0.817995)
(0.002283,  -0.036314,  0.125000),  (0.579839,  0.753689)
(-0.075445,  -0.036314,  0.062500),  (0.532624,  0.796534)
(0.002283,  0.000877,  -0.125000),  (0.219621,  0.741465)
(0.080010,  -0.036314,  -0.062500),  (0.286311,  0.720081)
(0.080010,  0.000877,  -0.062500),  (0.266836,  0.698620)
(0.080010,  -0.036314,  -0.062500),  (0.286311,  0.720081)
(0.002283,  0.000877,  -0.125000),  (0.219621,  0.741465)
(0.002283,  -0.036314,  -0.125000),  (0.239096,  0.762926)
(-0.075445,  0.000877,  -0.062500),  (0.435985,  0.030671)
(0.002283,  -0.036314,  -0.125000),  (0.487849,  0.077735)
(0.002283,  0.000877,  -0.125000),  (0.496698,  0.050138)
(0.002283,  -0.036314,  -0.125000),  (0.487849,  0.077735)
(-0.075445,  0.000877,  -0.062500),  (0.435985,  0.030671)
(-0.075445,  -0.036314,  -0.062500),  (0.427136,  0.058268)
(0.002283,  0.000877,  0.125000),  (0.802394,  0.126538)
(0.080010,  0.000877,  0.062500),  (0.863106,  0.146005)
(0.080010,  -0.036314,  0.062500),  (0.871955,  0.118409)
(0.002283,  0.000877,  0.125000),  (0.802394,  0.126538)
(0.080010,  -0.036314,  0.062500),  (0.871955,  0.118409)
(0.002283,  -0.036314,  0.125000),  (0.811243,  0.098942)
(0.080010,  0.000877,  0.062500),  (-0.000000,  0.783388)
(0.080010,  0.000877,  -0.062500),  (0.013497,  0.845700)
(0.080010,  -0.036314,  -0.062500),  (0.041821,  0.839565)
(0.080010,  0.000877,  0.062500),  (-0.000000,  0.783388)
(0.080010,  -0.036314,  -0.062500),  (0.041821,  0.839565)
(0.080010,  -0.036314,  0.062500),  (0.028324,  0.777253)
