(0.246041,  0.115461,  0.316776),  (0.516660,  0.841395)
(-0.081472,  0.137648,  0.548250),  (0.516330,  0.740522)
(0.307343,  0.119601,  0.483490),  (0.472601,  0.826956)
(-0.081472,  0.137648,  0.548250),  (0.516330,  0.740522)
(0.073063,  0.135551,  0.651079),  (0.471943,  0.754479)
(0.307343,  0.119601,  0.483490),  (0.472601,  0.826956)
(-0.144145,  0.116526,  0.787422),  (0.328908,  0.480191)
(0.073063,  0.135551,  0.651079),  (0.319409,  0.407634)
(-0.142744,  0.149485,  0.786218),  (0.319409,  0.480191)
(0.073063,  0.135551,  0.651079),  (0.319409,  0.407634)
(-0.144145,  0.116526,  0.787422),  (0.328908,  0.480191)
(0.071662,  0.102592,  0.652283),  (0.328908,  0.407634)
(-0.081472,  0.137648,  0.548250),  (0.516330,  0.740522)
(-0.154372,  0.149228,  0.767981),  (0.480923,  0.691384)
(0.073063,  0.135551,  0.651079),  (0.471943,  0.754479)
(-0.229824,  0.149634,  0.702141),  (0.505879,  0.687050)
(-0.193265,  0.148466,  0.709444),  (0.498954,  0.693052)
(-0.253045,  0.149177,  0.667118),  (0.516660,  0.688057)
(-0.253045,  0.149177,  0.667118),  (0.516660,  0.688057)
(-0.255323,  0.150000,  0.685676),  (0.513097,  0.684667)
(-0.229824,  0.149634,  0.702141),  (0.505879,  0.687050)
(-0.193265,  0.148466,  0.709444),  (0.498954,  0.693052)
(-0.178712,  0.149420,  0.748295),  (0.488647,  0.689739)
(-0.154372,  0.149228,  0.767981),  (0.480923,  0.691384)
(-0.193265,  0.148466,  0.709444),  (0.498954,  0.693052)
(-0.081472,  0.137648,  0.548250),  (0.516330,  0.740522)
(-0.253045,  0.149177,  0.667118),  (0.516660,  0.688057)
(-0.154372,  0.149228,  0.767981),  (0.480923,  0.691384)
(-0.081472,  0.137648,  0.548250),  (0.516330,  0.740522)
(-0.193265,  0.148466,  0.709444),  (0.498954,  0.693052)
(0.073063,  0.135551,  0.651079),  (0.471943,  0.754479)
(-0.154372,  0.149228,  0.767981),  (0.480923,  0.691384)
(-0.142744,  0.149485,  0.786218),  (0.475378,  0.690769)
(-0.255323,  0.150000,  0.685676),  (0.325533,  0.780580)
(-0.231225,  0.116675,  0.703345),  (0.316034,  0.789225)
(-0.229824,  0.149634,  0.702141),  (0.325533,  0.789225)
(-0.231225,  0.116675,  0.703345),  (0.316034,  0.789225)
(-0.255323,  0.150000,  0.685676),  (0.325533,  0.780580)
(-0.256724,  0.117041,  0.686880),  (0.316034,  0.780580)
(0.246041,  0.115461,  0.316776),  (0.325533,  0.600608)
(0.544418,  0.095852,  0.121205),  (0.325533,  0.498807)
(0.244640,  0.082502,  0.317980),  (0.316034,  0.600608)
(0.543017,  0.062893,  0.122409),  (0.316034,  0.498807)
(0.244640,  0.082502,  0.317980),  (0.316034,  0.600608)
(0.544418,  0.095852,  0.121205),  (0.325533,  0.498807)
(-0.081472,  0.137648,  0.548250),  (0.325533,  0.715323)
(0.246041,  0.115461,  0.316776),  (0.325533,  0.600608)
(-0.082873,  0.104689,  0.549454),  (0.316034,  0.715323)
(0.244640,  0.082502,  0.317980),  (0.316034,  0.600608)
(-0.082873,  0.104689,  0.549454),  (0.316034,  0.715323)
(0.246041,  0.115461,  0.316776),  (0.325533,  0.600608)
(0.071662,  0.102592,  0.652283),  (0.328908,  0.407634)
(0.307343,  0.119601,  0.483490),  (0.319409,  0.325209)
(0.073063,  0.135551,  0.651079),  (0.319409,  0.407634)
(0.307343,  0.119601,  0.483490),  (0.319409,  0.325209)
(0.071662,  0.102592,  0.652283),  (0.328908,  0.407634)
(0.305942,  0.086642,  0.484694),  (0.328908,  0.325209)
(-0.082873,  0.104689,  0.549454),  (0.516735,  0.295485)
(0.305942,  0.086642,  0.484694),  (0.473007,  0.209051)
(0.071662,  0.102592,  0.652283),  (0.472349,  0.281527)
(0.305942,  0.086642,  0.484694),  (0.473007,  0.209051)
(-0.082873,  0.104689,  0.549454),  (0.516735,  0.295485)
(0.244640,  0.082502,  0.317980),  (0.517065,  0.194611)
(0.305942,  0.086642,  0.484694),  (0.328908,  0.325209)
(0.632310,  0.097597,  0.254098),  (0.319409,  0.211438)
(0.307343,  0.119601,  0.483490),  (0.319409,  0.325209)
(0.632310,  0.097597,  0.254098),  (0.319409,  0.211438)
(0.305942,  0.086642,  0.484694),  (0.328908,  0.325209)
(0.630909,  0.064638,  0.255302),  (0.328908,  0.211438)
(0.622256,  0.096804,  0.223875),  (0.480700,  0.929826)
(0.246041,  0.115461,  0.316776),  (0.516660,  0.841395)
(0.632310,  0.097597,  0.254098),  (0.472869,  0.927000)
(0.246041,  0.115461,  0.316776),  (0.516660,  0.841395)
(0.307343,  0.119601,  0.483490),  (0.472601,  0.826956)
(0.632310,  0.097597,  0.254098),  (0.472869,  0.927000)
(0.544418,  0.095852,  0.121205),  (0.513744,  0.930866)
(0.246041,  0.115461,  0.316776),  (0.516660,  0.841395)
(0.622256,  0.096804,  0.223875),  (0.480700,  0.929826)
(0.620856,  0.063845,  0.225079),  (0.328908,  0.201970)
(0.543017,  0.062893,  0.122409),  (0.328908,  0.164374)
(0.622256,  0.096804,  0.223875),  (0.319409,  0.201971)
(0.622256,  0.096804,  0.223875),  (0.319409,  0.201971)
(0.543017,  0.062893,  0.122409),  (0.328908,  0.164374)
(0.544418,  0.095852,  0.121205),  (0.319409,  0.164374)
(0.630909,  0.064638,  0.255302),  (0.328908,  0.211438)
(0.620856,  0.063845,  0.225079),  (0.328908,  0.201970)
(0.632310,  0.097597,  0.254098),  (0.319409,  0.211438)
(0.632310,  0.097597,  0.254098),  (0.319409,  0.211438)
(0.620856,  0.063845,  0.225079),  (0.328908,  0.201970)
(0.622256,  0.096804,  0.223875),  (0.319409,  0.201971)
(0.620856,  0.063845,  0.225079),  (0.481106,  0.106181)
(0.244640,  0.082502,  0.317980),  (0.517065,  0.194611)
(0.543017,  0.062893,  0.122409),  (0.514150,  0.105141)
(0.244640,  0.082502,  0.317980),  (0.517065,  0.194611)
(0.630909,  0.064638,  0.255302),  (0.473275,  0.109006)
(0.305942,  0.086642,  0.484694),  (0.473007,  0.209051)
(0.630909,  0.064638,  0.255302),  (0.473275,  0.109006)
(0.244640,  0.082502,  0.317980),  (0.517065,  0.194611)
(0.620856,  0.063845,  0.225079),  (0.481106,  0.106181)
(0.071662,  0.102592,  0.652283),  (0.472349,  0.281527)
(-0.155773,  0.116269,  0.769185),  (0.481329,  0.344622)
(-0.082873,  0.104689,  0.549454),  (0.516735,  0.295485)
(-0.194666,  0.115507,  0.710648),  (0.499360,  0.342954)
(-0.155773,  0.116269,  0.769185),  (0.481329,  0.344622)
(-0.180113,  0.116461,  0.749499),  (0.489053,  0.346267)
(-0.155773,  0.116269,  0.769185),  (0.481329,  0.344622)
(0.071662,  0.102592,  0.652283),  (0.472349,  0.281527)
(-0.144145,  0.116526,  0.787422),  (0.475783,  0.345237)
(-0.082873,  0.104689,  0.549454),  (0.516735,  0.295485)
(-0.155773,  0.116269,  0.769185),  (0.481329,  0.344622)
(-0.194666,  0.115507,  0.710648),  (0.499360,  0.342954)
(-0.231225,  0.116675,  0.703345),  (0.506284,  0.348957)
(-0.254446,  0.116217,  0.668322),  (0.517065,  0.347949)
(-0.194666,  0.115507,  0.710648),  (0.499360,  0.342954)
(-0.254446,  0.116217,  0.668322),  (0.517065,  0.347949)
(-0.231225,  0.116675,  0.703345),  (0.506284,  0.348957)
(-0.256724,  0.117041,  0.686880),  (0.513503,  0.351340)
(-0.082873,  0.104689,  0.549454),  (0.516735,  0.295485)
(-0.194666,  0.115507,  0.710648),  (0.499360,  0.342954)
(-0.254446,  0.116217,  0.668322),  (0.517065,  0.347949)
(-0.142744,  0.149485,  0.786218),  (0.325533,  0.827284)
(-0.155773,  0.116269,  0.769185),  (0.316034,  0.820938)
(-0.144145,  0.116526,  0.787422),  (0.316034,  0.827284)
(-0.155773,  0.116269,  0.769185),  (0.316034,  0.820938)
(-0.142744,  0.149485,  0.786218),  (0.325533,  0.827284)
(-0.154372,  0.149228,  0.767981),  (0.325533,  0.820938)
(-0.256724,  0.117041,  0.686880),  (0.316034,  0.780580)
(-0.255323,  0.150000,  0.685676),  (0.325533,  0.780580)
(-0.253045,  0.149177,  0.667118),  (0.325533,  0.774988)
(-0.256724,  0.117041,  0.686880),  (0.316034,  0.780580)
(-0.253045,  0.149177,  0.667118),  (0.325533,  0.774988)
(-0.254446,  0.116217,  0.668322),  (0.316034,  0.774988)
(-0.253045,  0.149177,  0.667118),  (0.325533,  0.774988)
(-0.081472,  0.137648,  0.548250),  (0.325533,  0.715323)
(-0.254446,  0.116217,  0.668322),  (0.316034,  0.774988)
(-0.082873,  0.104689,  0.549454),  (0.316034,  0.715323)
(-0.254446,  0.116217,  0.668322),  (0.316034,  0.774988)
(-0.081472,  0.137648,  0.548250),  (0.325533,  0.715323)
(-0.229824,  0.149634,  0.702141),  (0.325533,  0.789225)
(-0.194666,  0.115507,  0.710648),  (0.316034,  0.799646)
(-0.193265,  0.148466,  0.709444),  (0.325533,  0.799646)
(-0.194666,  0.115507,  0.710648),  (0.316034,  0.799646)
(-0.229824,  0.149634,  0.702141),  (0.325533,  0.789225)
(-0.231225,  0.116675,  0.703345),  (0.316034,  0.789225)
(-0.178712,  0.149420,  0.748295),  (0.325533,  0.811958)
(-0.155773,  0.116269,  0.769185),  (0.316034,  0.820938)
(-0.154372,  0.149228,  0.767981),  (0.325533,  0.820938)
(-0.155773,  0.116269,  0.769185),  (0.316034,  0.820938)
(-0.178712,  0.149420,  0.748295),  (0.325533,  0.811958)
(-0.180113,  0.116461,  0.749499),  (0.316034,  0.811958)
(-0.178712,  0.149420,  0.748295),  (0.325533,  0.811958)
(-0.194666,  0.115507,  0.710648),  (0.316034,  0.799646)
(-0.180113,  0.116461,  0.749499),  (0.316034,  0.811958)
(-0.194666,  0.115507,  0.710648),  (0.316034,  0.799646)
(-0.178712,  0.149420,  0.748295),  (0.325533,  0.811958)
(-0.193265,  0.148466,  0.709444),  (0.325533,  0.799646)
(-0.083135,  0.000742,  -0.712535),  (0.551946,  0.274211)
(-0.092060,  0.000736,  -0.751819),  (0.551946,  0.262463)
(-0.082987,  0.033752,  -0.712569),  (0.542655,  0.274211)
(-0.082987,  0.033752,  -0.712569),  (0.542655,  0.274211)
(-0.092060,  0.000736,  -0.751819),  (0.551946,  0.262463)
(-0.091913,  0.033747,  -0.751853),  (0.542655,  0.262463)
(-0.015555,  0.000759,  -0.438752),  (0.551946,  0.356403)
(-0.083135,  0.000742,  -0.712535),  (0.551946,  0.274211)
(-0.015408,  0.033769,  -0.438785),  (0.542655,  0.356403)
(-0.015408,  0.033769,  -0.438785),  (0.542655,  0.356403)
(-0.083135,  0.000742,  -0.712535),  (0.551946,  0.274211)
(-0.082987,  0.033752,  -0.712569),  (0.542655,  0.274211)
(-0.182715,  0.034507,  -0.405817),  (0.335799,  0.825162)
(-0.262259,  0.001450,  -0.751862),  (0.345089,  0.928698)
(-0.182863,  0.001497,  -0.405783),  (0.345089,  0.825162)
(-0.262259,  0.001450,  -0.751862),  (0.345089,  0.928698)
(-0.182715,  0.034507,  -0.405817),  (0.335799,  0.825162)
(-0.262111,  0.034461,  -0.751896),  (0.335799,  0.928698)
(-0.182863,  0.001497,  -0.405783),  (0.179034,  0.284207)
(-0.083135,  0.000742,  -0.712535),  (0.133742,  0.202099)
(-0.015555,  0.000759,  -0.438752),  (0.132438,  0.284279)
(-0.083135,  0.000742,  -0.712535),  (0.133742,  0.202099)
(-0.182863,  0.001497,  -0.405783),  (0.179034,  0.284207)
(-0.262259,  0.001450,  -0.751862),  (0.179077,  0.180669)
(-0.082987,  0.033752,  -0.712569),  (0.822691,  0.334514)
(-0.182715,  0.034507,  -0.405817),  (0.783497,  0.405567)
(-0.015408,  0.033769,  -0.438785),  (0.823820,  0.405630)
(-0.182715,  0.034507,  -0.405817),  (0.783497,  0.405567)
(-0.082987,  0.033752,  -0.712569),  (0.822691,  0.334514)
(-0.262111,  0.034461,  -0.751896),  (0.783460,  0.315968)
(0.128159,  0.033860,  0.192601),  (0.823591,  0.569030)
(0.070094,  0.033854,  -0.034754),  (0.822205,  0.509879)
(-0.042381,  0.034590,  0.205312),  (0.783593,  0.563792)
(-0.042381,  0.034590,  0.205312),  (0.783593,  0.563792)
(0.070094,  0.033854,  -0.034754),  (0.822205,  0.509879)
(-0.066759,  0.034458,  -0.007787),  (0.789222,  0.509827)
(-0.066759,  0.034458,  -0.007787),  (0.335799,  0.704502)
(-0.182863,  0.001497,  -0.405783),  (0.345089,  0.825162)
(-0.066906,  0.001448,  -0.007753),  (0.345089,  0.704502)
(-0.182863,  0.001497,  -0.405783),  (0.345089,  0.825162)
(-0.066759,  0.034458,  -0.007787),  (0.335799,  0.704502)
(-0.182715,  0.034507,  -0.405817),  (0.335799,  0.825162)
(-0.066906,  0.001448,  -0.007753),  (0.172418,  0.404688)
(-0.015555,  0.000759,  -0.438752),  (0.132438,  0.284279)
(0.069947,  0.000844,  -0.034721),  (0.134303,  0.404747)
(-0.015555,  0.000759,  -0.438752),  (0.132438,  0.284279)
(-0.066906,  0.001448,  -0.007753),  (0.172418,  0.404688)
(-0.182863,  0.001497,  -0.405783),  (0.179034,  0.284207)
(0.070094,  0.033854,  -0.034754),  (0.822205,  0.509879)
(-0.015408,  0.033769,  -0.438785),  (0.823820,  0.405630)
(-0.066759,  0.034458,  -0.007787),  (0.789222,  0.509827)
(-0.015408,  0.033769,  -0.438785),  (0.823820,  0.405630)
(-0.182715,  0.034507,  -0.405817),  (0.783497,  0.405567)
(-0.066759,  0.034458,  -0.007787),  (0.789222,  0.509827)
(0.239876,  0.033937,  0.689413),  (0.823123,  0.697542)
(0.128159,  0.033860,  0.192601),  (0.823591,  0.569030)
(0.078570,  0.034657,  0.728662),  (0.783853,  0.699329)
(0.128159,  0.033860,  0.192601),  (0.823591,  0.569030)
(-0.042381,  0.034590,  0.205312),  (0.783593,  0.563792)
(0.078570,  0.034657,  0.728662),  (0.783853,  0.699329)
(0.128012,  0.000850,  0.192634),  (0.551946,  0.545262)
(0.069947,  0.000844,  -0.034721),  (0.551946,  0.476887)
(0.128159,  0.033860,  0.192601),  (0.542655,  0.545262)
(0.128159,  0.033860,  0.192601),  (0.542655,  0.545262)
(0.069947,  0.000844,  -0.034721),  (0.551946,  0.476887)
(0.070094,  0.033854,  -0.034754),  (0.542655,  0.476887)
(-0.042381,  0.034590,  0.205312),  (0.335799,  0.641803)
(-0.066906,  0.001448,  -0.007753),  (0.345089,  0.704502)
(-0.042529,  0.001579,  0.205345),  (0.345089,  0.641803)
(-0.066906,  0.001448,  -0.007753),  (0.345089,  0.704502)
(-0.042381,  0.034590,  0.205312),  (0.335799,  0.641803)
(-0.066759,  0.034458,  -0.007787),  (0.335799,  0.704502)
(-0.042529,  0.001579,  0.205345),  (0.178923,  0.467049)
(0.069947,  0.000844,  -0.034721),  (0.134303,  0.404747)
(0.128012,  0.000850,  0.192634),  (0.132701,  0.473102)
(0.069947,  0.000844,  -0.034721),  (0.134303,  0.404747)
(-0.042529,  0.001579,  0.205345),  (0.178923,  0.467049)
(-0.066906,  0.001448,  -0.007753),  (0.172418,  0.404688)
(0.144749,  0.034668,  0.991730),  (0.335799,  0.406129)
(0.078422,  0.001646,  0.728695),  (0.345089,  0.485181)
(0.144601,  0.001658,  0.991763),  (0.345089,  0.406129)
(0.078422,  0.001646,  0.728695),  (0.345089,  0.485181)
(0.144749,  0.034668,  0.991730),  (0.335799,  0.406129)
(0.078570,  0.034657,  0.728662),  (0.335799,  0.485181)
(0.239728,  0.000927,  0.689447),  (0.551946,  0.693769)
(0.128012,  0.000850,  0.192634),  (0.551946,  0.545262)
(0.239876,  0.033937,  0.689413),  (0.542655,  0.693769)
(0.239876,  0.033937,  0.689413),  (0.542655,  0.693769)
(0.128012,  0.000850,  0.192634),  (0.551946,  0.545262)
(0.128159,  0.033860,  0.192601),  (0.542655,  0.545262)
(0.078570,  0.034657,  0.728662),  (0.335799,  0.485181)
(-0.042529,  0.001579,  0.205345),  (0.345089,  0.641803)
(0.078422,  0.001646,  0.728695),  (0.345089,  0.485181)
(-0.042529,  0.001579,  0.205345),  (0.345089,  0.641803)
(0.078570,  0.034657,  0.728662),  (0.335799,  0.485181)
(-0.042381,  0.034590,  0.205312),  (0.335799,  0.641803)
(0.078422,  0.001646,  0.728695),  (0.178622,  0.623672)
(0.128012,  0.000850,  0.192634),  (0.132701,  0.473102)
(0.239728,  0.000927,  0.689447),  (0.133242,  0.621607)
(0.128012,  0.000850,  0.192634),  (0.132701,  0.473102)
(0.078422,  0.001646,  0.728695),  (0.178622,  0.623672)
(-0.042529,  0.001579,  0.205345),  (0.178923,  0.467049)
(0.369522,  0.034004,  1.245934),  (0.823638,  0.841720)
(0.144749,  0.034668,  0.991730),  (0.785225,  0.767723)
(0.211489,  0.034672,  1.250210),  (0.786968,  0.835009)
(0.144749,  0.034668,  0.991730),  (0.785225,  0.767723)
(0.369522,  0.034004,  1.245934),  (0.823638,  0.841720)
(0.266641,  0.034024,  0.870699),  (0.819724,  0.743748)
(0.078422,  0.001646,  0.728695),  (0.178622,  0.623672)
(0.266493,  0.001013,  0.870733),  (0.137170,  0.675001)
(0.144601,  0.001658,  0.991763),  (0.177037,  0.702707)
(0.266493,  0.001013,  0.870733),  (0.137170,  0.675001)
(0.078422,  0.001646,  0.728695),  (0.178622,  0.623672)
(0.239728,  0.000927,  0.689447),  (0.133242,  0.621607)
(0.078570,  0.034657,  0.728662),  (0.783853,  0.699329)
(0.266641,  0.034024,  0.870699),  (0.819724,  0.743748)
(0.239876,  0.033937,  0.689413),  (0.823123,  0.697542)
(0.266641,  0.034024,  0.870699),  (0.819724,  0.743748)
(0.078570,  0.034657,  0.728662),  (0.783853,  0.699329)
(0.144749,  0.034668,  0.991730),  (0.785225,  0.767723)
(0.266493,  0.001013,  0.870733),  (0.551946,  0.747306)
(0.239728,  0.000927,  0.689447),  (0.551946,  0.693769)
(0.266641,  0.034024,  0.870699),  (0.542655,  0.747306)
(0.266641,  0.034024,  0.870699),  (0.542655,  0.747306)
(0.239728,  0.000927,  0.689447),  (0.551946,  0.693769)
(0.239876,  0.033937,  0.689413),  (0.542655,  0.693769)
(0.465464,  0.001055,  1.668898),  (0.551946,  0.987083)
(0.369375,  0.000994,  1.245967),  (0.551946,  0.860609)
(0.465612,  0.034065,  1.668864),  (0.542656,  0.987083)
(0.465612,  0.034065,  1.668864),  (0.542656,  0.987083)
(0.369375,  0.000994,  1.245967),  (0.551946,  0.860609)
(0.369522,  0.034004,  1.245934),  (0.542655,  0.860609)
(0.369375,  0.000994,  1.245967),  (0.551946,  0.860609)
(0.266493,  0.001013,  0.870733),  (0.551946,  0.747306)
(0.369522,  0.034004,  1.245934),  (0.542655,  0.860609)
(0.369522,  0.034004,  1.245934),  (0.542655,  0.860609)
(0.266493,  0.001013,  0.870733),  (0.551946,  0.747306)
(0.266641,  0.034024,  0.870699),  (0.542655,  0.747306)
(0.211489,  0.034672,  1.250210),  (0.335799,  0.328348)
(0.144601,  0.001658,  0.991763),  (0.345089,  0.406129)
(0.211341,  0.001661,  1.250244),  (0.345089,  0.328348)
(0.144601,  0.001658,  0.991763),  (0.345089,  0.406129)
(0.211489,  0.034672,  1.250210),  (0.335799,  0.328348)
(0.144749,  0.034668,  0.991730),  (0.335799,  0.406129)
(0.369375,  0.000994,  1.245967),  (0.132648,  0.788216)
(0.144601,  0.001658,  0.991763),  (0.177037,  0.702707)
(0.266493,  0.001013,  0.870733),  (0.137170,  0.675001)
(0.144601,  0.001658,  0.991763),  (0.177037,  0.702707)
(0.369375,  0.000994,  1.245967),  (0.132648,  0.788216)
(0.211341,  0.001661,  1.250244),  (0.175022,  0.780460)
(0.465612,  0.034065,  1.668864),  (0.335799,  0.147893)
(0.299467,  0.001787,  1.701608),  (0.345089,  0.194124)
(0.465464,  0.001055,  1.668898),  (0.345089,  0.147893)
(0.299467,  0.001787,  1.701608),  (0.345089,  0.194124)
(0.465612,  0.034065,  1.668864),  (0.335799,  0.147893)
(0.299615,  0.034798,  1.701575),  (0.335799,  0.194124)
(0.299615,  0.034798,  1.701575),  (0.335799,  0.194124)
(0.211341,  0.001661,  1.250244),  (0.345089,  0.328348)
(0.299467,  0.001787,  1.701608),  (0.345089,  0.194124)
(0.211341,  0.001661,  1.250244),  (0.345089,  0.328348)
(0.299615,  0.034798,  1.701575),  (0.335799,  0.194124)
(0.211489,  0.034672,  1.250210),  (0.335799,  0.328348)
(0.299467,  0.001787,  1.701608),  (0.179077,  0.914620)
(0.369375,  0.000994,  1.245967),  (0.132648,  0.788216)
(0.465464,  0.001055,  1.668898),  (0.132845,  0.914693)
(0.369375,  0.000994,  1.245967),  (0.132648,  0.788216)
(0.299467,  0.001787,  1.701608),  (0.179077,  0.914620)
(0.211341,  0.001661,  1.250244),  (0.175022,  0.780460)
(0.465612,  0.034065,  1.668864),  (0.823467,  0.951169)
(0.369522,  0.034004,  1.245934),  (0.823638,  0.841720)
(0.299615,  0.034798,  1.701575),  (0.783460,  0.951107)
(0.369522,  0.034004,  1.245934),  (0.823638,  0.841720)
(0.211489,  0.034672,  1.250210),  (0.786968,  0.835009)
(0.299615,  0.034798,  1.701575),  (0.783460,  0.951107)
(-0.249512,  0.034394,  -0.764472),  (0.542655,  0.219362)
(-0.092060,  0.000736,  -0.751819),  (0.551946,  0.262463)
(-0.249659,  0.001383,  -0.764439),  (0.551946,  0.219362)
(-0.092060,  0.000736,  -0.751819),  (0.551946,  0.262463)
(-0.249512,  0.034394,  -0.764472),  (0.542655,  0.219362)
(-0.091913,  0.033747,  -0.751853),  (0.542655,  0.262463)
(-0.249512,  0.034394,  -0.764472),  (0.542655,  0.219362)
(-0.262259,  0.001450,  -0.751862),  (0.551946,  0.214330)
(-0.262111,  0.034461,  -0.751896),  (0.542655,  0.214330)
(-0.262259,  0.001450,  -0.751862),  (0.551946,  0.214330)
(-0.249512,  0.034394,  -0.764472),  (0.542655,  0.219362)
(-0.249659,  0.001383,  -0.764439),  (0.551946,  0.219362)
(-0.082987,  0.033752,  -0.712569),  (0.822691,  0.334514)
(-0.249512,  0.034394,  -0.764472),  (0.787030,  0.313474)
(-0.262111,  0.034461,  -0.751896),  (0.783460,  0.315968)
(-0.249512,  0.034394,  -0.764472),  (0.787030,  0.313474)
(-0.082987,  0.033752,  -0.712569),  (0.822691,  0.334514)
(-0.091913,  0.033747,  -0.751853),  (0.822707,  0.324347)
(-0.249659,  0.001383,  -0.764439),  (0.174952,  0.177786)
(-0.083135,  0.000742,  -0.712535),  (0.133742,  0.202099)
(-0.262259,  0.001450,  -0.751862),  (0.179077,  0.180669)
(-0.083135,  0.000742,  -0.712535),  (0.133742,  0.202099)
(-0.249659,  0.001383,  -0.764439),  (0.174952,  0.177786)
(-0.092060,  0.000736,  -0.751819),  (0.133724,  0.190351)
(0.069947,  0.000844,  -0.034721),  (0.551946,  0.476887)
(-0.015555,  0.000759,  -0.438752),  (0.551946,  0.356403)
(0.070094,  0.033854,  -0.034754),  (0.542655,  0.476887)
(0.070094,  0.033854,  -0.034754),  (0.542655,  0.476887)
(-0.015555,  0.000759,  -0.438752),  (0.551946,  0.356403)
(-0.015408,  0.033769,  -0.438785),  (0.542655,  0.356403)
(-0.459315,  0.034963,  2.204373),  (0.832364,  0.947776)
(-0.459437,  0.067973,  2.204309),  (0.841643,  0.947776)
(-0.467088,  0.067891,  2.177687),  (0.841643,  0.939724)
(-0.459315,  0.034963,  2.204373),  (0.832364,  0.947776)
(-0.467088,  0.067891,  2.177687),  (0.841643,  0.939724)
(-0.466967,  0.034881,  2.177750),  (0.832364,  0.939724)
(-0.467088,  0.067891,  2.177687),  (0.841643,  0.939724)
(-0.347804,  0.034689,  1.886795),  (0.832364,  0.848732)
(-0.466967,  0.034881,  2.177750),  (0.832364,  0.939724)
(-0.347804,  0.034689,  1.886795),  (0.832364,  0.848732)
(-0.467088,  0.067891,  2.177687),  (0.841643,  0.939724)
(-0.347925,  0.067699,  1.886731),  (0.841643,  0.848732)
(-0.209382,  0.035209,  1.906994),  (0.951905,  0.356364)
(-0.049449,  0.034956,  1.518534),  (0.951905,  0.477931)
(-0.209503,  0.068220,  1.906930),  (0.961184,  0.356364)
(-0.209503,  0.068220,  1.906930),  (0.961184,  0.356364)
(-0.049449,  0.034956,  1.518534),  (0.951905,  0.477931)
(-0.049570,  0.067967,  1.518470),  (0.961183,  0.477931)
(-0.307907,  0.035412,  2.168600),  (0.951905,  0.275356)
(-0.209382,  0.035209,  1.906994),  (0.951905,  0.356364)
(-0.308029,  0.068422,  2.168536),  (0.961184,  0.275356)
(-0.308029,  0.068422,  2.168536),  (0.961184,  0.275356)
(-0.209382,  0.035209,  1.906994),  (0.951905,  0.356364)
(-0.209503,  0.068220,  1.906930),  (0.961184,  0.356364)
(-0.347804,  0.034689,  1.886795),  (0.446548,  0.670725)
(-0.307907,  0.035412,  2.168600),  (0.407832,  0.744206)
(-0.466967,  0.034881,  2.177750),  (0.447508,  0.761711)
(-0.307907,  0.035412,  2.168600),  (0.407832,  0.744206)
(-0.347804,  0.034689,  1.886795),  (0.446548,  0.670725)
(-0.209382,  0.035209,  1.906994),  (0.409168,  0.663210)
(-0.308029,  0.068422,  2.168536),  (0.359174,  0.073117)
(-0.347925,  0.067699,  1.886731),  (0.397890,  0.146598)
(-0.467088,  0.067891,  2.177687),  (0.398850,  0.055611)
(-0.347925,  0.067699,  1.886731),  (0.397890,  0.146598)
(-0.308029,  0.068422,  2.168536),  (0.359174,  0.073117)
(-0.209503,  0.068220,  1.906930),  (0.360510,  0.154113)
(-0.049570,  0.067967,  1.518470),  (0.359014,  0.275669)
(-0.100643,  0.067299,  1.281963),  (0.395997,  0.335680)
(-0.191868,  0.067460,  1.511347),  (0.396060,  0.264204)
(-0.100643,  0.067299,  1.281963),  (0.395997,  0.335680)
(-0.049570,  0.067967,  1.518470),  (0.359014,  0.275669)
(0.021078,  0.067791,  1.316438),  (0.361435,  0.337707)
(-0.191746,  0.034449,  1.511410),  (0.444718,  0.553118)
(-0.209382,  0.035209,  1.906994),  (0.409168,  0.663210)
(-0.347804,  0.034689,  1.886795),  (0.446548,  0.670725)
(-0.209382,  0.035209,  1.906994),  (0.409168,  0.663210)
(-0.191746,  0.034449,  1.511410),  (0.444718,  0.553118)
(-0.049449,  0.034956,  1.518534),  (0.407672,  0.541654)
(-0.209503,  0.068220,  1.906930),  (0.360510,  0.154113)
(-0.191868,  0.067460,  1.511347),  (0.396060,  0.264204)
(-0.347925,  0.067699,  1.886731),  (0.397890,  0.146598)
(-0.191868,  0.067460,  1.511347),  (0.396060,  0.264204)
(-0.209503,  0.068220,  1.906930),  (0.360510,  0.154113)
(-0.049570,  0.067967,  1.518470),  (0.359014,  0.275669)
(-0.347925,  0.067699,  1.886731),  (0.841643,  0.848732)
(-0.191746,  0.034449,  1.511410),  (0.832364,  0.731110)
(-0.347804,  0.034689,  1.886795),  (0.832364,  0.848732)
(-0.191746,  0.034449,  1.511410),  (0.832364,  0.731110)
(-0.347925,  0.067699,  1.886731),  (0.841643,  0.848732)
(-0.191868,  0.067460,  1.511347),  (0.841643,  0.731110)
(0.021078,  0.067791,  1.316438),  (0.361435,  0.337707)
(0.082997,  0.066940,  0.803140),  (0.397599,  0.484239)
(-0.100643,  0.067299,  1.281963),  (0.395997,  0.335680)
(0.082997,  0.066940,  0.803140),  (0.397599,  0.484239)
(0.021078,  0.067791,  1.316438),  (0.361435,  0.337707)
(0.220489,  0.067478,  0.833245),  (0.359454,  0.488952)
(-0.191868,  0.067460,  1.511347),  (0.841643,  0.731110)
(-0.100522,  0.034288,  1.282027),  (0.832364,  0.659635)
(-0.191746,  0.034449,  1.511410),  (0.832364,  0.731110)
(-0.100522,  0.034288,  1.282027),  (0.832364,  0.659635)
(-0.191868,  0.067460,  1.511347),  (0.841643,  0.731110)
(-0.100643,  0.067299,  1.281963),  (0.841643,  0.659635)
(-0.049449,  0.034956,  1.518534),  (0.951905,  0.477931)
(0.021199,  0.034781,  1.316501),  (0.951905,  0.540016)
(-0.049570,  0.067967,  1.518470),  (0.961183,  0.477931)
(-0.049570,  0.067967,  1.518470),  (0.961183,  0.477931)
(0.021199,  0.034781,  1.316501),  (0.951905,  0.540016)
(0.021078,  0.067791,  1.316438),  (0.961183,  0.540016)
(-0.191746,  0.034449,  1.511410),  (0.444718,  0.553118)
(-0.100522,  0.034288,  1.282027),  (0.444655,  0.481643)
(-0.049449,  0.034956,  1.518534),  (0.407672,  0.541654)
(-0.049449,  0.034956,  1.518534),  (0.407672,  0.541654)
(-0.100522,  0.034288,  1.282027),  (0.444655,  0.481643)
(0.021199,  0.034781,  1.316501),  (0.410093,  0.479616)
(0.220611,  0.034467,  0.833308),  (0.951905,  0.691272)
(0.307661,  0.034268,  0.592423),  (0.951905,  0.765538)
(0.220489,  0.067478,  0.833245),  (0.961184,  0.691272)
(0.220489,  0.067478,  0.833245),  (0.961184,  0.691272)
(0.307661,  0.034268,  0.592423),  (0.951905,  0.765538)
(0.307539,  0.067279,  0.592359),  (0.961184,  0.765538)
(-0.100643,  0.067299,  1.281963),  (0.841643,  0.659635)
(0.083119,  0.033929,  0.803204),  (0.832364,  0.511067)
(-0.100522,  0.034288,  1.282027),  (0.832364,  0.659635)
(0.083119,  0.033929,  0.803204),  (0.832364,  0.511067)
(-0.100643,  0.067299,  1.281963),  (0.841643,  0.659635)
(0.082997,  0.066940,  0.803140),  (0.841643,  0.511067)
(0.021199,  0.034781,  1.316501),  (0.951905,  0.540016)
(0.220611,  0.034467,  0.833308),  (0.951905,  0.691272)
(0.021078,  0.067791,  1.316438),  (0.961183,  0.540016)
(0.021078,  0.067791,  1.316438),  (0.961183,  0.540016)
(0.220611,  0.034467,  0.833308),  (0.951905,  0.691272)
(0.220489,  0.067478,  0.833245),  (0.961184,  0.691272)
(0.083119,  0.033929,  0.803204),  (0.446257,  0.333084)
(0.021199,  0.034781,  1.316501),  (0.410093,  0.479616)
(-0.100522,  0.034288,  1.282027),  (0.444655,  0.481643)
(0.021199,  0.034781,  1.316501),  (0.410093,  0.479616)
(0.083119,  0.033929,  0.803204),  (0.446257,  0.333084)
(0.220611,  0.034467,  0.833308),  (0.408112,  0.328371)
(0.307539,  0.067279,  0.592359),  (0.361621,  0.563186)
(0.301163,  0.066545,  0.249505),  (0.397962,  0.656560)
(0.146272,  0.066802,  0.631248),  (0.398850,  0.537321)
(0.301163,  0.066545,  0.249505),  (0.397962,  0.656560)
(0.307539,  0.067279,  0.592359),  (0.361621,  0.563186)
(0.409294,  0.067100,  0.336856),  (0.361515,  0.642813)
(0.146394,  0.033791,  0.631311),  (0.447508,  0.280002)
(0.220611,  0.034467,  0.833308),  (0.408112,  0.328371)
(0.083119,  0.033929,  0.803204),  (0.446257,  0.333084)
(0.220611,  0.034467,  0.833308),  (0.408112,  0.328371)
(0.146394,  0.033791,  0.631311),  (0.447508,  0.280002)
(0.307661,  0.034268,  0.592423),  (0.410279,  0.254137)
(0.220489,  0.067478,  0.833245),  (0.359454,  0.488952)
(0.146272,  0.066802,  0.631248),  (0.398850,  0.537321)
(0.082997,  0.066940,  0.803140),  (0.397599,  0.484239)
(0.146272,  0.066802,  0.631248),  (0.398850,  0.537321)
(0.220489,  0.067478,  0.833245),  (0.359454,  0.488952)
(0.307539,  0.067279,  0.592359),  (0.361621,  0.563186)
(0.082997,  0.066940,  0.803140),  (0.841643,  0.511067)
(0.146394,  0.033791,  0.631311),  (0.832364,  0.457971)
(0.083119,  0.033929,  0.803204),  (0.832364,  0.511067)
(0.146394,  0.033791,  0.631311),  (0.832364,  0.457971)
(0.082997,  0.066940,  0.803140),  (0.841643,  0.511067)
(0.146272,  0.066802,  0.631248),  (0.841643,  0.457971)
(0.301163,  0.066545,  0.249505),  (0.841643,  0.338729)
(0.424785,  0.033335,  -0.052302),  (0.832364,  0.244337)
(0.301285,  0.033535,  0.249568),  (0.832364,  0.338729)
(0.424785,  0.033335,  -0.052302),  (0.832364,  0.244337)
(0.301163,  0.066545,  0.249505),  (0.841643,  0.338729)
(0.424663,  0.066345,  -0.052366),  (0.841643,  0.244337)
(0.146272,  0.066802,  0.631248),  (0.841643,  0.457971)
(0.301285,  0.033535,  0.249568),  (0.832364,  0.338729)
(0.146394,  0.033791,  0.631311),  (0.832364,  0.457971)
(0.301285,  0.033535,  0.249568),  (0.832364,  0.338729)
(0.146272,  0.066802,  0.631248),  (0.841643,  0.457971)
(0.301163,  0.066545,  0.249505),  (0.841643,  0.338729)
(0.307661,  0.034268,  0.592423),  (0.951905,  0.765538)
(0.409416,  0.034090,  0.336920),  (0.951905,  0.845164)
(0.307539,  0.067279,  0.592359),  (0.961184,  0.765538)
(0.307539,  0.067279,  0.592359),  (0.961184,  0.765538)
(0.409416,  0.034090,  0.336920),  (0.951905,  0.845164)
(0.409294,  0.067100,  0.336856),  (0.961184,  0.845164)
(0.146394,  0.033791,  0.631311),  (0.447508,  0.280002)
(0.301285,  0.033535,  0.249568),  (0.446620,  0.160763)
(0.307661,  0.034268,  0.592423),  (0.410279,  0.254137)
(0.307661,  0.034268,  0.592423),  (0.410279,  0.254137)
(0.301285,  0.033535,  0.249568),  (0.446620,  0.160763)
(0.409416,  0.034090,  0.336920),  (0.410173,  0.174510)
(0.424663,  0.066345,  -0.052366),  (0.961184,  0.986746)
(0.541430,  0.033826,  -0.009833),  (0.951905,  0.952665)
(0.424785,  0.033335,  -0.052302),  (0.951905,  0.986746)
(0.541430,  0.033826,  -0.009833),  (0.951905,  0.952665)
(0.424663,  0.066345,  -0.052366),  (0.961184,  0.986746)
(0.541308,  0.066837,  -0.009896),  (0.961184,  0.952665)
(0.409416,  0.034090,  0.336920),  (0.951905,  0.845164)
(0.541430,  0.033826,  -0.009833),  (0.951905,  0.952665)
(0.409294,  0.067100,  0.336856),  (0.961184,  0.845164)
(0.409294,  0.067100,  0.336856),  (0.961184,  0.845164)
(0.541430,  0.033826,  -0.009833),  (0.951905,  0.952665)
(0.541308,  0.066837,  -0.009896),  (0.961184,  0.952665)
(0.541430,  0.033826,  -0.009833),  (0.411582,  0.067019)
(0.301285,  0.033535,  0.249568),  (0.446620,  0.160763)
(0.424785,  0.033335,  -0.052302),  (0.445657,  0.066376)
(0.301285,  0.033535,  0.249568),  (0.446620,  0.160763)
(0.541430,  0.033826,  -0.009833),  (0.411582,  0.067019)
(0.409416,  0.034090,  0.336920),  (0.410173,  0.174510)
(0.409294,  0.067100,  0.336856),  (0.361515,  0.642813)
(0.541308,  0.066837,  -0.009896),  (0.362924,  0.750305)
(0.301163,  0.066545,  0.249505),  (0.397962,  0.656560)
(0.424663,  0.066345,  -0.052366),  (0.396999,  0.750947)
(0.301163,  0.066545,  0.249505),  (0.397962,  0.656560)
(0.541308,  0.066837,  -0.009896),  (0.362924,  0.750305)
(-0.459437,  0.067973,  2.204309),  (0.841643,  0.947776)
(-0.346593,  0.035417,  2.235467),  (0.832364,  0.979769)
(-0.346714,  0.068427,  2.235403),  (0.841643,  0.979768)
(-0.346593,  0.035417,  2.235467),  (0.832364,  0.979769)
(-0.459437,  0.067973,  2.204309),  (0.841643,  0.947776)
(-0.459315,  0.034963,  2.204373),  (0.832364,  0.947776)
(-0.346593,  0.035417,  2.235467),  (0.951905,  0.253162)
(-0.307907,  0.035412,  2.168600),  (0.951905,  0.275356)
(-0.346714,  0.068427,  2.235403),  (0.961184,  0.253162)
(-0.346714,  0.068427,  2.235403),  (0.961184,  0.253162)
(-0.307907,  0.035412,  2.168600),  (0.951905,  0.275356)
(-0.308029,  0.068422,  2.168536),  (0.961184,  0.275356)
(-0.467088,  0.067891,  2.177687),  (0.398850,  0.055611)
(-0.346714,  0.068427,  2.235403),  (0.362279,  0.051142)
(-0.308029,  0.068422,  2.168536),  (0.359174,  0.073117)
(-0.346714,  0.068427,  2.235403),  (0.362279,  0.051142)
(-0.467088,  0.067891,  2.177687),  (0.398850,  0.055611)
(-0.459437,  0.067973,  2.204309),  (0.394202,  0.049036)
(-0.466967,  0.034881,  2.177750),  (0.447508,  0.761711)
(-0.307907,  0.035412,  2.168600),  (0.407832,  0.744206)
(-0.346593,  0.035417,  2.235467),  (0.410937,  0.766181)
(-0.466967,  0.034881,  2.177750),  (0.447508,  0.761711)
(-0.346593,  0.035417,  2.235467),  (0.410937,  0.766181)
(-0.459315,  0.034963,  2.204373),  (0.442860,  0.768287)
(-0.490898,  0.067989,  1.716853),  (0.947702,  0.949099)
(-0.468163,  0.035023,  1.600069),  (0.938381,  0.914262)
(-0.490885,  0.034978,  1.716844),  (0.938381,  0.949099)
(-0.468163,  0.035023,  1.600069),  (0.938381,  0.914262)
(-0.490898,  0.067989,  1.716853),  (0.947702,  0.949099)
(-0.468176,  0.068034,  1.600078),  (0.947702,  0.914262)
(-0.468176,  0.068034,  1.600078),  (0.947702,  0.914262)
(-0.399241,  0.035145,  1.290342),  (0.938381,  0.821410)
(-0.468163,  0.035023,  1.600069),  (0.938381,  0.914262)
(-0.399241,  0.035145,  1.290342),  (0.938381,  0.821410)
(-0.468176,  0.068034,  1.600078),  (0.947702,  0.914262)
(-0.399254,  0.068156,  1.290352),  (0.947702,  0.821410)
(-0.139583,  0.035400,  0.778084),  (0.847612,  0.343292)
(-0.198680,  0.068283,  1.117149),  (0.856933,  0.242461)
(-0.198668,  0.035272,  1.117139),  (0.847612,  0.242461)
(-0.198680,  0.068283,  1.117149),  (0.856933,  0.242461)
(-0.139583,  0.035400,  0.778084),  (0.847612,  0.343292)
(-0.139595,  0.068411,  0.778093),  (0.856933,  0.343292)
(-0.291101,  0.035103,  1.547546),  (0.847612,  0.113514)
(-0.243140,  0.035204,  1.281062),  (0.847612,  0.192830)
(-0.291113,  0.068114,  1.547555),  (0.856933,  0.113514)
(-0.291113,  0.068114,  1.547555),  (0.856933,  0.113514)
(-0.243140,  0.035204,  1.281062),  (0.847612,  0.192830)
(-0.243152,  0.068215,  1.281071),  (0.856933,  0.192830)
(-0.399241,  0.035145,  1.290342),  (0.762390,  0.560810)
(-0.291101,  0.035103,  1.547546),  (0.726004,  0.620196)
(-0.468163,  0.035023,  1.600069),  (0.764611,  0.640535)
(-0.291101,  0.035103,  1.547546),  (0.726004,  0.620196)
(-0.399241,  0.035145,  1.290342),  (0.762390,  0.560810)
(-0.243140,  0.035204,  1.281062),  (0.726715,  0.552070)
(-0.291113,  0.068114,  1.547555),  (0.009890,  0.274867)
(-0.399254,  0.068156,  1.290352),  (0.052251,  0.344004)
(-0.468176,  0.068034,  1.600078),  (0.054836,  0.251189)
(-0.399254,  0.068156,  1.290352),  (0.052251,  0.344004)
(-0.291113,  0.068114,  1.547555),  (0.009890,  0.274867)
(-0.243152,  0.068215,  1.281071),  (0.010717,  0.354180)
(-0.139595,  0.068411,  0.778093),  (0.008771,  0.504504)
(-0.104644,  0.068476,  0.610242),  (0.008016,  0.554689)
(-0.303444,  0.068356,  0.765179),  (0.053534,  0.500371)
(-0.303444,  0.068356,  0.765179),  (0.053534,  0.500371)
(-0.104644,  0.068476,  0.610242),  (0.008016,  0.554689)
(-0.269362,  0.068435,  0.554488),  (0.055221,  0.562894)
(-0.346070,  0.035235,  1.065150),  (0.760069,  0.502719)
(-0.139583,  0.035400,  0.778084),  (0.725043,  0.422948)
(-0.198668,  0.035272,  1.117139),  (0.723692,  0.509547)
(-0.139583,  0.035400,  0.778084),  (0.725043,  0.422948)
(-0.346070,  0.035235,  1.065150),  (0.760069,  0.502719)
(-0.303432,  0.035345,  0.765170),  (0.763493,  0.426498)
(-0.198680,  0.068283,  1.117149),  (0.007197,  0.403686)
(-0.139595,  0.068411,  0.778093),  (0.008771,  0.504504)
(-0.346083,  0.068246,  1.065159),  (0.049548,  0.411634)
(-0.346083,  0.068246,  1.065159),  (0.049548,  0.411634)
(-0.139595,  0.068411,  0.778093),  (0.008771,  0.504504)
(-0.303444,  0.068356,  0.765179),  (0.053534,  0.500371)
(-0.346083,  0.068246,  1.065159),  (0.947702,  0.753727)
(-0.303432,  0.035345,  0.765170),  (0.938381,  0.664901)
(-0.346070,  0.035235,  1.065150),  (0.938381,  0.753727)
(-0.303432,  0.035345,  0.765170),  (0.938381,  0.664901)
(-0.346083,  0.068246,  1.065159),  (0.947702,  0.753727)
(-0.303444,  0.068356,  0.765179),  (0.947702,  0.664901)
(-0.104644,  0.068476,  0.610242),  (0.008016,  0.554689)
(-0.017358,  0.068658,  0.133580),  (0.009092,  0.696627)
(-0.269362,  0.068435,  0.554488),  (0.055221,  0.562894)
(-0.269362,  0.068435,  0.554488),  (0.055221,  0.562894)
(-0.017358,  0.068658,  0.133580),  (0.009092,  0.696627)
(-0.180593,  0.068608,  0.107407),  (0.054373,  0.696356)
(-0.303444,  0.068356,  0.765179),  (0.947702,  0.664901)
(-0.269349,  0.035424,  0.554479),  (0.938381,  0.602356)
(-0.303432,  0.035345,  0.765170),  (0.938381,  0.664901)
(-0.269349,  0.035424,  0.554479),  (0.938381,  0.602356)
(-0.303444,  0.068356,  0.765179),  (0.947702,  0.664901)
(-0.269362,  0.068435,  0.554488),  (0.947702,  0.602356)
(-0.104632,  0.035466,  0.610232),  (0.847611,  0.393483)
(-0.139595,  0.068411,  0.778093),  (0.856933,  0.343292)
(-0.139583,  0.035400,  0.778084),  (0.847612,  0.343292)
(-0.139595,  0.068411,  0.778093),  (0.856933,  0.343292)
(-0.104632,  0.035466,  0.610232),  (0.847611,  0.393483)
(-0.104644,  0.068476,  0.610242),  (0.856933,  0.393483)
(-0.303432,  0.035345,  0.765170),  (0.763493,  0.426498)
(-0.104632,  0.035466,  0.610232),  (0.724395,  0.379842)
(-0.139583,  0.035400,  0.778084),  (0.725043,  0.422948)
(-0.104632,  0.035466,  0.610232),  (0.724395,  0.379842)
(-0.303432,  0.035345,  0.765170),  (0.763493,  0.426498)
(-0.269349,  0.035424,  0.554479),  (0.764941,  0.372794)
(0.043608,  0.035750,  -0.122081),  (0.847612,  0.612299)
(-0.017358,  0.068658,  0.133580),  (0.856933,  0.535426)
(-0.017345,  0.035647,  0.133571),  (0.847611,  0.535426)
(-0.017358,  0.068658,  0.133580),  (0.856933,  0.535426)
(0.043608,  0.035750,  -0.122081),  (0.847612,  0.612299)
(0.043595,  0.068761,  -0.122071),  (0.856933,  0.612299)
(-0.269362,  0.068435,  0.554488),  (0.947702,  0.602356)
(-0.180581,  0.035597,  0.107397),  (0.938380,  0.468894)
(-0.269349,  0.035424,  0.554479),  (0.938381,  0.602356)
(-0.180581,  0.035597,  0.107397),  (0.938380,  0.468894)
(-0.269362,  0.068435,  0.554488),  (0.947702,  0.602356)
(-0.180593,  0.068608,  0.107407),  (0.947702,  0.468894)
(-0.017345,  0.035647,  0.133571),  (0.847611,  0.535426)
(-0.104644,  0.068476,  0.610242),  (0.856933,  0.393483)
(-0.104632,  0.035466,  0.610232),  (0.847611,  0.393483)
(-0.104644,  0.068476,  0.610242),  (0.856933,  0.393483)
(-0.017345,  0.035647,  0.133571),  (0.847611,  0.535426)
(-0.017358,  0.068658,  0.133580),  (0.856933,  0.535426)
(-0.269349,  0.035424,  0.554479),  (0.764941,  0.372794)
(-0.017345,  0.035647,  0.133571),  (0.725319,  0.257923)
(-0.104632,  0.035466,  0.610232),  (0.724395,  0.379842)
(-0.017345,  0.035647,  0.133571),  (0.725319,  0.257923)
(-0.269349,  0.035424,  0.554479),  (0.764941,  0.372794)
(-0.180581,  0.035597,  0.107397),  (0.764214,  0.258156)
(0.043595,  0.068761,  -0.122071),  (0.005865,  0.773433)
(-0.074685,  0.068825,  -0.462043),  (0.055221,  0.866003)
(-0.148922,  0.068671,  -0.057282),  (0.054338,  0.745469)
(-0.074685,  0.068825,  -0.462043),  (0.055221,  0.866003)
(0.043595,  0.068761,  -0.122071),  (0.005865,  0.773433)
(0.094044,  0.068863,  -0.388786),  (0.006034,  0.852932)
(-0.148909,  0.035660,  -0.057292),  (0.764183,  0.215970)
(-0.017345,  0.035647,  0.133571),  (0.725319,  0.257923)
(-0.180581,  0.035597,  0.107397),  (0.764214,  0.258156)
(-0.017345,  0.035647,  0.133571),  (0.725319,  0.257923)
(-0.148909,  0.035660,  -0.057292),  (0.764183,  0.215970)
(0.043608,  0.035750,  -0.122081),  (0.722547,  0.191950)
(-0.017358,  0.068658,  0.133580),  (0.009092,  0.696627)
(-0.148922,  0.068671,  -0.057282),  (0.054338,  0.745469)
(-0.180593,  0.068608,  0.107407),  (0.054373,  0.696356)
(-0.148922,  0.068671,  -0.057282),  (0.054338,  0.745469)
(-0.017358,  0.068658,  0.133580),  (0.009092,  0.696627)
(0.043595,  0.068761,  -0.122071),  (0.005865,  0.773433)
(-0.180593,  0.068608,  0.107407),  (0.947702,  0.468894)
(-0.148909,  0.035660,  -0.057292),  (0.938380,  0.419781)
(-0.180581,  0.035597,  0.107397),  (0.938380,  0.468894)
(-0.148909,  0.035660,  -0.057292),  (0.938380,  0.419781)
(-0.180593,  0.068608,  0.107407),  (0.947702,  0.468894)
(-0.148922,  0.068671,  -0.057282),  (0.947702,  0.419781)
(0.094044,  0.068863,  -0.388786),  (0.006034,  0.852932)
(0.162540,  0.069002,  -0.751962),  (0.006319,  0.961173)
(-0.074685,  0.068825,  -0.462043),  (0.055221,  0.866003)
(0.162540,  0.069002,  -0.751962),  (0.006319,  0.961173)
(-0.019877,  0.068935,  -0.746530),  (0.055133,  0.950847)
(-0.074685,  0.068825,  -0.462043),  (0.055221,  0.866003)
(-0.019877,  0.068935,  -0.746530),  (0.055133,  0.950847)
(0.162540,  0.069002,  -0.751962),  (0.006319,  0.961173)
(0.002896,  0.068949,  -0.764524),  (0.049931,  0.957140)
(-0.148922,  0.068671,  -0.057282),  (0.947702,  0.419781)
(-0.074672,  0.035815,  -0.462052),  (0.938381,  0.299243)
(-0.148909,  0.035660,  -0.057292),  (0.938380,  0.419781)
(-0.074672,  0.035815,  -0.462052),  (0.938381,  0.299243)
(-0.148922,  0.068671,  -0.057282),  (0.947702,  0.419781)
(-0.074685,  0.068825,  -0.462043),  (0.947702,  0.299242)
(0.094057,  0.035852,  -0.388796),  (0.847612,  0.691798)
(0.043595,  0.068761,  -0.122071),  (0.856933,  0.612299)
(0.043608,  0.035750,  -0.122081),  (0.847612,  0.612299)
(0.043595,  0.068761,  -0.122071),  (0.856933,  0.612299)
(0.094057,  0.035852,  -0.388796),  (0.847612,  0.691798)
(0.094044,  0.068863,  -0.388786),  (0.856933,  0.691798)
(-0.148909,  0.035660,  -0.057292),  (0.764183,  0.215970)
(-0.074672,  0.035815,  -0.462052),  (0.764941,  0.112437)
(0.043608,  0.035750,  -0.122081),  (0.722547,  0.191950)
(0.043608,  0.035750,  -0.122081),  (0.722547,  0.191950)
(-0.074672,  0.035815,  -0.462052),  (0.764941,  0.112437)
(0.094057,  0.035852,  -0.388796),  (0.722693,  0.123664)
(-0.074672,  0.035815,  -0.462052),  (0.764941,  0.112437)
(0.162553,  0.035991,  -0.751971),  (0.722937,  0.030690)
(0.094057,  0.035852,  -0.388796),  (0.722693,  0.123664)
(0.162553,  0.035991,  -0.751971),  (0.722937,  0.030690)
(-0.019864,  0.035924,  -0.746540),  (0.764866,  0.039560)
(0.002909,  0.035938,  -0.764533),  (0.760398,  0.034154)
(0.162553,  0.035991,  -0.751971),  (0.722937,  0.030690)
(-0.074672,  0.035815,  -0.462052),  (0.764941,  0.112437)
(-0.019864,  0.035924,  -0.746540),  (0.764866,  0.039560)
(0.162553,  0.035991,  -0.751971),  (0.847612,  0.800039)
(0.094044,  0.068863,  -0.388786),  (0.856933,  0.691798)
(0.094057,  0.035852,  -0.388796),  (0.847612,  0.691798)
(0.094044,  0.068863,  -0.388786),  (0.856933,  0.691798)
(0.162553,  0.035991,  -0.751971),  (0.847612,  0.800039)
(0.162540,  0.069002,  -0.751962),  (0.856933,  0.800039)
(-0.074685,  0.068825,  -0.462043),  (0.947702,  0.299242)
(-0.019864,  0.035924,  -0.746540),  (0.938381,  0.214397)
(-0.074672,  0.035815,  -0.462052),  (0.938381,  0.299243)
(-0.019864,  0.035924,  -0.746540),  (0.938381,  0.214397)
(-0.074685,  0.068825,  -0.462043),  (0.947702,  0.299242)
(-0.019877,  0.068935,  -0.746530),  (0.947702,  0.214397)
(-0.399254,  0.068156,  1.290352),  (0.947702,  0.821410)
(-0.346070,  0.035235,  1.065150),  (0.938381,  0.753727)
(-0.399241,  0.035145,  1.290342),  (0.938381,  0.821410)
(-0.346070,  0.035235,  1.065150),  (0.938381,  0.753727)
(-0.399254,  0.068156,  1.290352),  (0.947702,  0.821410)
(-0.346083,  0.068246,  1.065159),  (0.947702,  0.753727)
(-0.315025,  0.035050,  1.687977),  (0.847612,  0.071775)
(-0.291101,  0.035103,  1.547546),  (0.847612,  0.113514)
(-0.315038,  0.068061,  1.687987),  (0.856933,  0.071775)
(-0.315038,  0.068061,  1.687987),  (0.856933,  0.071775)
(-0.291101,  0.035103,  1.547546),  (0.847612,  0.113514)
(-0.291113,  0.068114,  1.547555),  (0.856933,  0.113514)
(-0.378165,  0.068042,  1.674566),  (0.026772,  0.233984)
(-0.315038,  0.068061,  1.687987),  (0.009091,  0.233136)
(-0.291113,  0.068114,  1.547555),  (0.009890,  0.274867)
(-0.426777,  0.068019,  1.693804),  (0.038864,  0.226091)
(-0.490898,  0.067989,  1.716853),  (0.054933,  0.216352)
(-0.461176,  0.067999,  1.717333),  (0.046909,  0.217640)
(-0.315038,  0.068061,  1.687987),  (0.009091,  0.233136)
(-0.368119,  0.068038,  1.698797),  (0.022820,  0.227463)
(-0.342289,  0.068041,  1.719251),  (0.014814,  0.222792)
(-0.490898,  0.067989,  1.716853),  (0.054933,  0.216352)
(-0.426777,  0.068019,  1.693804),  (0.038864,  0.226091)
(-0.468176,  0.068034,  1.600078),  (0.054836,  0.251189)
(-0.378165,  0.068042,  1.674566),  (0.026772,  0.233984)
(-0.291113,  0.068114,  1.547555),  (0.009890,  0.274867)
(-0.468176,  0.068034,  1.600078),  (0.054836,  0.251189)
(-0.378165,  0.068042,  1.674566),  (0.026772,  0.233984)
(-0.468176,  0.068034,  1.600078),  (0.054836,  0.251189)
(-0.426777,  0.068019,  1.693804),  (0.038864,  0.226091)
(-0.368119,  0.068038,  1.698797),  (0.022820,  0.227463)
(-0.315038,  0.068061,  1.687987),  (0.009091,  0.233136)
(-0.378165,  0.068042,  1.674566),  (0.026772,  0.233984)
(-0.461176,  0.067999,  1.717333),  (0.947702,  0.957226)
(-0.490885,  0.034978,  1.716844),  (0.938381,  0.949099)
(-0.461163,  0.034988,  1.717323),  (0.938381,  0.957226)
(-0.490885,  0.034978,  1.716844),  (0.938381,  0.949099)
(-0.461176,  0.067999,  1.717333),  (0.947702,  0.957226)
(-0.490898,  0.067989,  1.716853),  (0.947702,  0.949099)
(0.002909,  0.035938,  -0.764533),  (0.847612,  0.843838)
(-0.019877,  0.068935,  -0.746530),  (0.856933,  0.852003)
(0.002896,  0.068949,  -0.764524),  (0.856933,  0.843838)
(-0.019877,  0.068935,  -0.746530),  (0.856933,  0.852003)
(0.002909,  0.035938,  -0.764533),  (0.847612,  0.843838)
(-0.019864,  0.035924,  -0.746540),  (0.847612,  0.852003)
(0.002896,  0.068949,  -0.764524),  (0.856933,  0.843838)
(0.162540,  0.069002,  -0.751962),  (0.856933,  0.800039)
(0.002909,  0.035938,  -0.764533),  (0.847612,  0.843838)
(0.162553,  0.035991,  -0.751971),  (0.847612,  0.800039)
(0.002909,  0.035938,  -0.764533),  (0.847612,  0.843838)
(0.162540,  0.069002,  -0.751962),  (0.856933,  0.800039)
(-0.243152,  0.068215,  1.281071),  (0.010717,  0.354180)
(-0.346083,  0.068246,  1.065159),  (0.049548,  0.411634)
(-0.399254,  0.068156,  1.290352),  (0.052251,  0.344004)
(-0.346083,  0.068246,  1.065159),  (0.049548,  0.411634)
(-0.243152,  0.068215,  1.281071),  (0.010717,  0.354180)
(-0.198680,  0.068283,  1.117149),  (0.007197,  0.403686)
(-0.399241,  0.035145,  1.290342),  (0.762390,  0.560810)
(-0.346070,  0.035235,  1.065150),  (0.760069,  0.502719)
(-0.243140,  0.035204,  1.281062),  (0.726715,  0.552070)
(-0.243140,  0.035204,  1.281062),  (0.726715,  0.552070)
(-0.346070,  0.035235,  1.065150),  (0.760069,  0.502719)
(-0.198668,  0.035272,  1.117139),  (0.723692,  0.509547)
(-0.198668,  0.035272,  1.117139),  (0.847612,  0.242461)
(-0.243152,  0.068215,  1.281071),  (0.856933,  0.192830)
(-0.243140,  0.035204,  1.281062),  (0.847612,  0.192830)
(-0.243152,  0.068215,  1.281071),  (0.856933,  0.192830)
(-0.198668,  0.035272,  1.117139),  (0.847612,  0.242461)
(-0.198680,  0.068283,  1.117149),  (0.856933,  0.242461)
(-0.342289,  0.068041,  1.719251),  (0.856933,  0.059954)
(-0.342276,  0.035030,  1.719242),  (0.847612,  0.059954)
(-0.315025,  0.035050,  1.687977),  (0.847612,  0.071775)
(-0.342289,  0.068041,  1.719251),  (0.856933,  0.059954)
(-0.315025,  0.035050,  1.687977),  (0.847612,  0.071775)
(-0.315038,  0.068061,  1.687987),  (0.856933,  0.071775)
(-0.426764,  0.035008,  1.693794),  (0.750891,  0.662093)
(-0.490885,  0.034978,  1.716844),  (0.764694,  0.670458)
(-0.468163,  0.035023,  1.600069),  (0.764611,  0.640535)
(-0.291101,  0.035103,  1.547546),  (0.726004,  0.620196)
(-0.315025,  0.035050,  1.687977),  (0.725318,  0.656042)
(-0.378152,  0.035032,  1.674557),  (0.740505,  0.655313)
(-0.378152,  0.035032,  1.674557),  (0.740505,  0.655313)
(-0.468163,  0.035023,  1.600069),  (0.764611,  0.640535)
(-0.291101,  0.035103,  1.547546),  (0.726004,  0.620196)
(-0.378152,  0.035032,  1.674557),  (0.740505,  0.655313)
(-0.426764,  0.035008,  1.693794),  (0.750891,  0.662093)
(-0.468163,  0.035023,  1.600069),  (0.764611,  0.640535)
(-0.315025,  0.035050,  1.687977),  (0.725318,  0.656042)
(-0.368107,  0.035028,  1.698787),  (0.737110,  0.660914)
(-0.378152,  0.035032,  1.674557),  (0.740505,  0.655313)
(-0.368107,  0.035028,  1.698787),  (0.737110,  0.660914)
(-0.315025,  0.035050,  1.687977),  (0.725318,  0.656042)
(-0.342276,  0.035030,  1.719242),  (0.730233,  0.664926)
(-0.490885,  0.034978,  1.716844),  (0.764694,  0.670458)
(-0.426764,  0.035008,  1.693794),  (0.750891,  0.662093)
(-0.461163,  0.034988,  1.717323),  (0.757802,  0.669352)
(-0.342289,  0.068041,  1.719251),  (0.947702,  1.000227)
(-0.368107,  0.035028,  1.698787),  (0.938381,  0.990958)
(-0.342276,  0.035030,  1.719242),  (0.938381,  1.000227)
(-0.368107,  0.035028,  1.698787),  (0.938381,  0.990958)
(-0.342289,  0.068041,  1.719251),  (0.947702,  1.000227)
(-0.368119,  0.068038,  1.698797),  (0.947702,  0.990958)
(-0.368119,  0.068038,  1.698797),  (0.947702,  0.990958)
(-0.378165,  0.068042,  1.674566),  (0.947702,  0.983333)
(-0.368107,  0.035028,  1.698787),  (0.938381,  0.990958)
(-0.368107,  0.035028,  1.698787),  (0.938381,  0.990958)
(-0.378165,  0.068042,  1.674566),  (0.947702,  0.983333)
(-0.378152,  0.035032,  1.674557),  (0.938381,  0.983333)
(-0.426777,  0.068019,  1.693804),  (0.947702,  0.968893)
(-0.378152,  0.035032,  1.674557),  (0.938381,  0.983333)
(-0.378165,  0.068042,  1.674566),  (0.947702,  0.983333)
(-0.378152,  0.035032,  1.674557),  (0.938381,  0.983333)
(-0.426777,  0.068019,  1.693804),  (0.947702,  0.968893)
(-0.426764,  0.035008,  1.693794),  (0.938381,  0.968893)
(-0.461176,  0.067999,  1.717333),  (0.947702,  0.957226)
(-0.426764,  0.035008,  1.693794),  (0.938381,  0.968893)
(-0.426777,  0.068019,  1.693804),  (0.947702,  0.968893)
(-0.426764,  0.035008,  1.693794),  (0.938381,  0.968893)
(-0.461176,  0.067999,  1.717333),  (0.947702,  0.957226)
(-0.461163,  0.034988,  1.717323),  (0.938381,  0.957226)
(-0.187353,  0.033978,  1.742455),  (0.223272,  0.445630)
(-0.160724,  0.001059,  1.884690),  (0.232544,  0.403479)
(-0.160793,  0.034070,  1.884681),  (0.223272,  0.403479)
(-0.160724,  0.001059,  1.884690),  (0.232544,  0.403479)
(-0.187353,  0.033978,  1.742455),  (0.223272,  0.445630)
(-0.187284,  0.000967,  1.742464),  (0.232544,  0.445630)
(0.000774,  0.001367,  1.846537),  (0.111815,  0.960033)
(-0.050357,  0.034170,  1.461869),  (0.102543,  0.846866)
(0.000705,  0.034377,  1.846528),  (0.102544,  0.960033)
(-0.050357,  0.034170,  1.461869),  (0.102543,  0.846866)
(0.000774,  0.001367,  1.846537),  (0.111815,  0.960033)
(-0.050288,  0.001159,  1.461877),  (0.111815,  0.846866)
(-0.010886,  0.034360,  1.866870),  (0.223272,  0.362384)
(-0.010816,  0.001349,  1.866878),  (0.232544,  0.362384)
(0.000774,  0.001367,  1.846537),  (0.232544,  0.355660)
(-0.010886,  0.034360,  1.866870),  (0.223272,  0.362384)
(0.000774,  0.001367,  1.846537),  (0.232544,  0.355660)
(0.000705,  0.034377,  1.846528),  (0.223272,  0.355660)
(-0.187284,  0.000967,  1.742464),  (0.671960,  0.414165)
(0.000774,  0.001367,  1.846537),  (0.719187,  0.377997)
(-0.160724,  0.001059,  1.884690),  (0.674269,  0.372077)
(-0.160724,  0.001059,  1.884690),  (0.674269,  0.372077)
(0.000774,  0.001367,  1.846537),  (0.719187,  0.377997)
(-0.010816,  0.001349,  1.866878),  (0.715361,  0.372467)
(0.000705,  0.034377,  1.846528),  (0.934980,  0.586085)
(-0.160793,  0.034070,  1.884681),  (0.893432,  0.591561)
(-0.010886,  0.034360,  1.866870),  (0.931441,  0.591199)
(-0.160793,  0.034070,  1.884681),  (0.893432,  0.591561)
(0.000705,  0.034377,  1.846528),  (0.934980,  0.586085)
(-0.187353,  0.033978,  1.742455),  (0.891296,  0.552631)
(-0.050357,  0.034170,  1.461869),  (0.934392,  0.481407)
(-0.089746,  0.034007,  1.153198),  (0.934317,  0.397455)
(-0.221055,  0.033830,  1.448127),  (0.892188,  0.472693)
(-0.221055,  0.033830,  1.448127),  (0.892188,  0.472693)
(-0.089746,  0.034007,  1.153198),  (0.934317,  0.397455)
(-0.264516,  0.033668,  1.172746),  (0.890042,  0.397550)
(-0.187284,  0.000967,  1.742464),  (0.671960,  0.414165)
(-0.050288,  0.001159,  1.461877),  (0.718552,  0.491164)
(0.000774,  0.001367,  1.846537),  (0.719187,  0.377997)
(-0.050288,  0.001159,  1.461877),  (0.718552,  0.491164)
(-0.187284,  0.000967,  1.742464),  (0.671960,  0.414165)
(-0.220986,  0.000819,  1.448135),  (0.672924,  0.500585)
(0.000705,  0.034377,  1.846528),  (0.934980,  0.586085)
(-0.050357,  0.034170,  1.461869),  (0.934392,  0.481407)
(-0.187353,  0.033978,  1.742455),  (0.891296,  0.552631)
(-0.187353,  0.033978,  1.742455),  (0.891296,  0.552631)
(-0.050357,  0.034170,  1.461869),  (0.934392,  0.481407)
(-0.221055,  0.033830,  1.448127),  (0.892188,  0.472693)
(-0.221055,  0.033830,  1.448127),  (0.223272,  0.532059)
(-0.187284,  0.000967,  1.742464),  (0.232544,  0.445630)
(-0.187353,  0.033978,  1.742455),  (0.223272,  0.445630)
(-0.187284,  0.000967,  1.742464),  (0.232544,  0.445630)
(-0.221055,  0.033830,  1.448127),  (0.223272,  0.532059)
(-0.220986,  0.000819,  1.448135),  (0.232544,  0.532059)
(-0.133755,  0.033822,  0.801244),  (0.934457,  0.301758)
(-0.264516,  0.033668,  1.172746),  (0.890042,  0.397550)
(-0.089746,  0.034007,  1.153198),  (0.934317,  0.397455)
(-0.325172,  0.033421,  0.715436),  (0.889356,  0.273104)
(-0.264516,  0.033668,  1.172746),  (0.890042,  0.397550)
(-0.133755,  0.033822,  0.801244),  (0.934457,  0.301758)
(-0.264516,  0.033668,  1.172746),  (0.223272,  0.613330)
(-0.220986,  0.000819,  1.448135),  (0.232544,  0.532059)
(-0.221055,  0.033830,  1.448127),  (0.223272,  0.532059)
(-0.220986,  0.000819,  1.448135),  (0.232544,  0.532059)
(-0.264516,  0.033668,  1.172746),  (0.223272,  0.613330)
(-0.264446,  0.000657,  1.172754),  (0.232544,  0.613330)
(-0.050288,  0.001159,  1.461877),  (0.111815,  0.846866)
(-0.089746,  0.034007,  1.153198),  (0.102543,  0.756106)
(-0.050357,  0.034170,  1.461869),  (0.102543,  0.846866)
(-0.089746,  0.034007,  1.153198),  (0.102543,  0.756106)
(-0.050288,  0.001159,  1.461877),  (0.111815,  0.846866)
(-0.089677,  0.000996,  1.153207),  (0.111815,  0.756106)
(-0.220986,  0.000819,  1.448135),  (0.672924,  0.500585)
(-0.089677,  0.000996,  1.153207),  (0.718470,  0.581925)
(-0.050288,  0.001159,  1.461877),  (0.718552,  0.491164)
(-0.089677,  0.000996,  1.153207),  (0.718470,  0.581925)
(-0.220986,  0.000819,  1.448135),  (0.672924,  0.500585)
(-0.264446,  0.000657,  1.172754),  (0.670605,  0.581823)
(-0.325172,  0.033421,  0.715436),  (0.223272,  0.747872)
(-0.264446,  0.000657,  1.172754),  (0.232544,  0.613330)
(-0.264516,  0.033668,  1.172746),  (0.223272,  0.613330)
(-0.264446,  0.000657,  1.172754),  (0.232544,  0.613330)
(-0.325172,  0.033421,  0.715436),  (0.223272,  0.747872)
(-0.325103,  0.000411,  0.715445),  (0.232544,  0.747872)
(-0.089677,  0.000996,  1.153207),  (0.111815,  0.756106)
(-0.133755,  0.033822,  0.801244),  (0.102543,  0.652647)
(-0.089746,  0.034007,  1.153198),  (0.102543,  0.756106)
(-0.133755,  0.033822,  0.801244),  (0.102543,  0.652647)
(-0.089677,  0.000996,  1.153207),  (0.111815,  0.756106)
(-0.133686,  0.000812,  0.801252),  (0.111815,  0.652647)
(-0.264446,  0.000657,  1.172754),  (0.670605,  0.581823)
(-0.133686,  0.000812,  0.801252),  (0.718621,  0.685385)
(-0.089677,  0.000996,  1.153207),  (0.718470,  0.581925)
(-0.133686,  0.000812,  0.801252),  (0.718621,  0.685385)
(-0.264446,  0.000657,  1.172754),  (0.670605,  0.581823)
(-0.325103,  0.000411,  0.715445),  (0.669863,  0.716363)
(-0.183673,  0.033614,  0.405906),  (0.934493,  0.194250)
(-0.207469,  0.033511,  0.202586),  (0.934980,  0.139015)
(-0.352863,  0.033279,  0.397718),  (0.892489,  0.187070)
(-0.352863,  0.033279,  0.397718),  (0.892489,  0.187070)
(-0.207469,  0.033511,  0.202586),  (0.934980,  0.139015)
(-0.384923,  0.033169,  0.228673),  (0.889828,  0.140784)
(-0.133686,  0.000812,  0.801252),  (0.111815,  0.652647)
(-0.183673,  0.033614,  0.405906),  (0.102543,  0.536420)
(-0.133755,  0.033822,  0.801244),  (0.102543,  0.652647)
(-0.183673,  0.033614,  0.405906),  (0.102543,  0.536420)
(-0.133686,  0.000812,  0.801252),  (0.111815,  0.652647)
(-0.183604,  0.000604,  0.405915),  (0.111815,  0.536420)
(-0.325103,  0.000411,  0.715445),  (0.669863,  0.716363)
(-0.183604,  0.000604,  0.405915),  (0.718660,  0.801612)
(-0.133686,  0.000812,  0.801252),  (0.718621,  0.685385)
(-0.183604,  0.000604,  0.405915),  (0.718660,  0.801612)
(-0.325103,  0.000411,  0.715445),  (0.669863,  0.716363)
(-0.352793,  0.000268,  0.397726),  (0.673250,  0.809375)
(-0.133755,  0.033822,  0.801244),  (0.934457,  0.301758)
(-0.183673,  0.033614,  0.405906),  (0.934493,  0.194250)
(-0.325172,  0.033421,  0.715436),  (0.889356,  0.273104)
(-0.325172,  0.033421,  0.715436),  (0.889356,  0.273104)
(-0.183673,  0.033614,  0.405906),  (0.934493,  0.194250)
(-0.352863,  0.033279,  0.397718),  (0.892489,  0.187070)
(-0.420690,  0.033011,  -0.087012),  (0.223272,  0.983751)
(-0.384854,  0.000158,  0.228682),  (0.232544,  0.891066)
(-0.384923,  0.033169,  0.228673),  (0.223272,  0.891066)
(-0.384854,  0.000158,  0.228682),  (0.232544,  0.891066)
(-0.420690,  0.033011,  -0.087012),  (0.223272,  0.983751)
(-0.420621,  0.000000,  -0.087004),  (0.232544,  0.983751)
(-0.384923,  0.033169,  0.228673),  (0.223272,  0.891066)
(-0.352793,  0.000268,  0.397726),  (0.232544,  0.840944)
(-0.352863,  0.033279,  0.397718),  (0.223272,  0.840944)
(-0.352793,  0.000268,  0.397726),  (0.232544,  0.840944)
(-0.384923,  0.033169,  0.228673),  (0.223272,  0.891066)
(-0.384854,  0.000158,  0.228682),  (0.232544,  0.891066)
(-0.183604,  0.000604,  0.405915),  (0.111815,  0.536420)
(-0.207469,  0.033511,  0.202586),  (0.102543,  0.476701)
(-0.183673,  0.033614,  0.405906),  (0.102543,  0.536420)
(-0.207469,  0.033511,  0.202586),  (0.102543,  0.476701)
(-0.183604,  0.000604,  0.405915),  (0.111815,  0.536420)
(-0.207400,  0.000500,  0.202594),  (0.111815,  0.476701)
(-0.352793,  0.000268,  0.397726),  (0.673250,  0.809375)
(-0.207400,  0.000500,  0.202594),  (0.719187,  0.861327)
(-0.183604,  0.000604,  0.405915),  (0.718660,  0.801612)
(-0.207400,  0.000500,  0.202594),  (0.719187,  0.861327)
(-0.352793,  0.000268,  0.397726),  (0.673250,  0.809375)
(-0.384854,  0.000158,  0.228682),  (0.670373,  0.859414)
(-0.207400,  0.000500,  0.202594),  (0.111815,  0.476701)
(-0.251370,  0.033343,  -0.092163),  (0.102543,  0.389814)
(-0.207469,  0.033511,  0.202586),  (0.102543,  0.476701)
(-0.251370,  0.033343,  -0.092163),  (0.102543,  0.389814)
(-0.207400,  0.000500,  0.202594),  (0.111815,  0.476701)
(-0.251300,  0.000332,  -0.092155),  (0.111815,  0.389814)
(-0.207469,  0.033511,  0.202586),  (0.934980,  0.139015)
(-0.284534,  0.033275,  -0.099077),  (0.925272,  0.055833)
(-0.384923,  0.033169,  0.228673),  (0.889828,  0.140784)
(-0.284534,  0.033275,  -0.099077),  (0.925272,  0.055833)
(-0.207469,  0.033511,  0.202586),  (0.934980,  0.139015)
(-0.251370,  0.033343,  -0.092163),  (0.933337,  0.058664)
(-0.384923,  0.033169,  0.228673),  (0.889828,  0.140784)
(-0.284534,  0.033275,  -0.099077),  (0.925272,  0.055833)
(-0.420690,  0.033011,  -0.087012),  (0.890879,  0.055057)
(-0.420690,  0.033011,  -0.087012),  (0.102543,  0.343381)
(-0.284534,  0.033275,  -0.099077),  (0.102543,  0.380573)
(-0.420621,  0.000000,  -0.087004),  (0.111815,  0.343381)
(-0.284464,  0.000265,  -0.099068),  (0.111815,  0.380573)
(-0.420621,  0.000000,  -0.087004),  (0.111815,  0.343381)
(-0.284534,  0.033275,  -0.099077),  (0.102543,  0.380573)
(-0.251300,  0.000332,  -0.092155),  (0.111815,  0.389814)
(-0.284534,  0.033275,  -0.099077),  (0.102543,  0.380573)
(-0.251370,  0.033343,  -0.092163),  (0.102543,  0.389814)
(-0.284534,  0.033275,  -0.099077),  (0.102543,  0.380573)
(-0.251300,  0.000332,  -0.092155),  (0.111815,  0.389814)
(-0.284464,  0.000265,  -0.099068),  (0.111815,  0.380573)
(-0.384854,  0.000158,  0.228682),  (0.670373,  0.859414)
(-0.284464,  0.000265,  -0.099068),  (0.708692,  0.951256)
(-0.207400,  0.000500,  0.202594),  (0.719187,  0.861327)
(-0.284464,  0.000265,  -0.099068),  (0.708692,  0.951256)
(-0.384854,  0.000158,  0.228682),  (0.670373,  0.859414)
(-0.420621,  0.000000,  -0.087004),  (0.671510,  0.952094)
(-0.207400,  0.000500,  0.202594),  (0.719187,  0.861327)
(-0.284464,  0.000265,  -0.099068),  (0.708692,  0.951256)
(-0.251300,  0.000332,  -0.092155),  (0.717411,  0.948195)
(-0.010886,  0.034360,  1.866870),  (0.223272,  0.362384)
(-0.160793,  0.034070,  1.884681),  (0.223272,  0.403479)
(-0.160724,  0.001059,  1.884690),  (0.232544,  0.403479)
(-0.010886,  0.034360,  1.866870),  (0.223272,  0.362384)
(-0.160724,  0.001059,  1.884690),  (0.232544,  0.403479)
(-0.010816,  0.001349,  1.866878),  (0.232544,  0.362384)
(-0.352863,  0.033279,  0.397718),  (0.223272,  0.840944)
(-0.325103,  0.000411,  0.715445),  (0.232544,  0.747872)
(-0.325172,  0.033421,  0.715436),  (0.223272,  0.747872)
(-0.325103,  0.000411,  0.715445),  (0.232544,  0.747872)
(-0.352863,  0.033279,  0.397718),  (0.223272,  0.840944)
(-0.352793,  0.000268,  0.397726),  (0.232544,  0.840944)
(-0.689195,  0.103839,  0.013264),  (0.527579,  0.304671)
(-0.537554,  0.103443,  0.138514),  (0.527579,  0.359966)
(-0.689225,  0.070828,  0.013199),  (0.536881,  0.304672)
(-0.537584,  0.070433,  0.138450),  (0.536881,  0.359966)
(-0.689225,  0.070828,  0.013199),  (0.536881,  0.304672)
(-0.537554,  0.103443,  0.138514),  (0.527579,  0.359966)
(-0.695573,  0.070569,  0.137858),  (0.965396,  0.454023)
(-0.302743,  0.102535,  0.471810),  (0.974698,  0.599105)
(-0.695542,  0.103580,  0.137923),  (0.974698,  0.454023)
(-0.302743,  0.102535,  0.471810),  (0.974698,  0.599105)
(-0.695573,  0.070569,  0.137858),  (0.965396,  0.454023)
(-0.302773,  0.069524,  0.471746),  (0.965396,  0.599105)
(-0.695542,  0.103580,  0.137923),  (0.974698,  0.454023)
(-0.750000,  0.070718,  0.089999),  (0.965396,  0.433602)
(-0.695573,  0.070569,  0.137858),  (0.965396,  0.454023)
(-0.750000,  0.070718,  0.089999),  (0.965396,  0.433602)
(-0.695542,  0.103580,  0.137923),  (0.974698,  0.454023)
(-0.749970,  0.103728,  0.090064),  (0.974698,  0.433602)
(-0.537584,  0.070433,  0.138450),  (0.216563,  0.766266)
(-0.695573,  0.070569,  0.137858),  (0.188327,  0.798829)
(-0.689225,  0.070828,  0.013199),  (0.216959,  0.821559)
(-0.689225,  0.070828,  0.013199),  (0.216959,  0.821559)
(-0.695573,  0.070569,  0.137858),  (0.188327,  0.798829)
(-0.750000,  0.070718,  0.089999),  (0.189110,  0.819235)
(-0.689195,  0.103839,  0.013264),  (0.604969,  0.043533)
(-0.695542,  0.103580,  0.137923),  (0.576336,  0.066263)
(-0.537554,  0.103443,  0.138514),  (0.604572,  0.098826)
(-0.695542,  0.103580,  0.137923),  (0.576336,  0.066263)
(-0.689195,  0.103839,  0.013264),  (0.604969,  0.043533)
(-0.749970,  0.103728,  0.090064),  (0.577119,  0.045857)
(-0.302743,  0.102535,  0.471810),  (0.573226,  0.211310)
(-0.128225,  0.102125,  0.594565),  (0.577487,  0.270821)
(-0.124371,  0.102375,  0.474761),  (0.604601,  0.248515)
(-0.036816,  0.102148,  0.546699),  (0.604456,  0.280367)
(-0.124371,  0.102375,  0.474761),  (0.604601,  0.248515)
(-0.128225,  0.102125,  0.594565),  (0.577487,  0.270821)
(-0.302773,  0.069524,  0.471746),  (0.185216,  0.653782)
(-0.537584,  0.070433,  0.138450),  (0.216563,  0.766266)
(-0.124401,  0.069365,  0.474696),  (0.216592,  0.616577)
(-0.537584,  0.070433,  0.138450),  (0.216563,  0.766266)
(-0.302773,  0.069524,  0.471746),  (0.185216,  0.653782)
(-0.695573,  0.070569,  0.137858),  (0.188327,  0.798829)
(-0.695542,  0.103580,  0.137923),  (0.576336,  0.066263)
(-0.302743,  0.102535,  0.471810),  (0.573226,  0.211310)
(-0.537554,  0.103443,  0.138514),  (0.604572,  0.098826)
(-0.124371,  0.102375,  0.474761),  (0.604601,  0.248515)
(-0.537554,  0.103443,  0.138514),  (0.604572,  0.098826)
(-0.302743,  0.102535,  0.471810),  (0.573226,  0.211310)
(-0.537554,  0.103443,  0.138514),  (0.527579,  0.359966)
(-0.124371,  0.102375,  0.474761),  (0.527578,  0.509654)
(-0.537584,  0.070433,  0.138450),  (0.536881,  0.359966)
(-0.124401,  0.069365,  0.474696),  (0.536881,  0.509654)
(-0.537584,  0.070433,  0.138450),  (0.536881,  0.359966)
(-0.124371,  0.102375,  0.474761),  (0.527578,  0.509654)
(-0.128225,  0.102125,  0.594565),  (0.577487,  0.270821)
(0.009159,  0.101734,  0.723200),  (0.573784,  0.323838)
(-0.036816,  0.102148,  0.546699),  (0.604456,  0.280367)
(0.101950,  0.101762,  0.672263),  (0.601678,  0.333076)
(-0.036816,  0.102148,  0.546699),  (0.604456,  0.280367)
(0.009159,  0.101734,  0.723200),  (0.573784,  0.323838)
(-0.124371,  0.102375,  0.474761),  (0.527578,  0.509654)
(-0.036816,  0.102148,  0.546699),  (0.527578,  0.541507)
(-0.124401,  0.069365,  0.474696),  (0.536881,  0.509654)
(-0.036846,  0.069137,  0.546634),  (0.536881,  0.541507)
(-0.124401,  0.069365,  0.474696),  (0.536881,  0.509654)
(-0.036816,  0.102148,  0.546699),  (0.527578,  0.541507)
(-0.302773,  0.069524,  0.471746),  (0.965396,  0.599105)
(-0.128225,  0.102125,  0.594565),  (0.974698,  0.658768)
(-0.302743,  0.102535,  0.471810),  (0.974698,  0.599105)
(-0.128225,  0.102125,  0.594565),  (0.974698,  0.658768)
(-0.302773,  0.069524,  0.471746),  (0.965396,  0.599105)
(-0.128255,  0.069114,  0.594500),  (0.965396,  0.658768)
(-0.128255,  0.069114,  0.594500),  (0.189478,  0.594271)
(-0.124401,  0.069365,  0.474696),  (0.216592,  0.616577)
(-0.036846,  0.069137,  0.546634),  (0.216446,  0.584725)
(-0.124401,  0.069365,  0.474696),  (0.216592,  0.616577)
(-0.128255,  0.069114,  0.594500),  (0.189478,  0.594271)
(-0.302773,  0.069524,  0.471746),  (0.185216,  0.653782)
(-0.036816,  0.102148,  0.546699),  (0.527578,  0.541507)
(0.101950,  0.101762,  0.672263),  (0.527578,  0.594289)
(-0.036846,  0.069137,  0.546634),  (0.536881,  0.541507)
(0.101920,  0.068752,  0.672198),  (0.536881,  0.594289)
(-0.036846,  0.069137,  0.546634),  (0.536881,  0.541507)
(0.101950,  0.101762,  0.672263),  (0.527578,  0.594289)
(0.009159,  0.101734,  0.723200),  (0.974698,  0.711913)
(-0.128255,  0.069114,  0.594500),  (0.965396,  0.658768)
(0.009129,  0.068723,  0.723136),  (0.965396,  0.711913)
(-0.128255,  0.069114,  0.594500),  (0.965396,  0.658768)
(0.009159,  0.101734,  0.723200),  (0.974698,  0.711913)
(-0.128225,  0.102125,  0.594565),  (0.974698,  0.658768)
(-0.036846,  0.069137,  0.546634),  (0.216446,  0.584725)
(0.009129,  0.068723,  0.723136),  (0.185775,  0.541254)
(-0.128255,  0.069114,  0.594500),  (0.189478,  0.594271)
(0.009129,  0.068723,  0.723136),  (0.185775,  0.541254)
(-0.036846,  0.069137,  0.546634),  (0.216446,  0.584725)
(0.101920,  0.068752,  0.672198),  (0.213669,  0.532016)
(0.273623,  0.101061,  0.933784),  (0.574825,  0.418755)
(0.436316,  0.100649,  1.061945),  (0.575771,  0.476879)
(0.363291,  0.101119,  0.870104),  (0.604969,  0.424895)
(0.363291,  0.101119,  0.870104),  (0.604969,  0.424895)
(0.436316,  0.100649,  1.061945),  (0.575771,  0.476879)
(0.498266,  0.100746,  0.991361),  (0.602461,  0.475995)
(0.009129,  0.068723,  0.723136),  (0.965396,  0.711913)
(0.273623,  0.101061,  0.933784),  (0.974698,  0.806835)
(0.009159,  0.101734,  0.723200),  (0.974698,  0.711913)
(0.273623,  0.101061,  0.933784),  (0.974698,  0.806835)
(0.009129,  0.068723,  0.723136),  (0.965396,  0.711913)
(0.273593,  0.068050,  0.933719),  (0.965396,  0.806835)
(0.101920,  0.068752,  0.672198),  (0.213669,  0.532016)
(0.273593,  0.068050,  0.933719),  (0.186816,  0.446337)
(0.009129,  0.068723,  0.723136),  (0.185775,  0.541254)
(0.273593,  0.068050,  0.933719),  (0.186816,  0.446337)
(0.101920,  0.068752,  0.672198),  (0.213669,  0.532016)
(0.363261,  0.068108,  0.870039),  (0.216959,  0.440197)
(0.009159,  0.101734,  0.723200),  (0.573784,  0.323838)
(0.273623,  0.101061,  0.933784),  (0.574825,  0.418755)
(0.101950,  0.101762,  0.672263),  (0.601678,  0.333076)
(0.363291,  0.101119,  0.870104),  (0.604969,  0.424895)
(0.101950,  0.101762,  0.672263),  (0.601678,  0.333076)
(0.273623,  0.101061,  0.933784),  (0.574825,  0.418755)
(0.498266,  0.100746,  0.991361),  (0.527579,  0.737328)
(0.750000,  0.100108,  1.190032),  (0.527579,  0.827344)
(0.498236,  0.067735,  0.991296),  (0.536881,  0.737328)
(0.749970,  0.067098,  1.189968),  (0.536881,  0.827344)
(0.498236,  0.067735,  0.991296),  (0.536881,  0.737328)
(0.750000,  0.100108,  1.190032),  (0.527579,  0.827344)
(0.363291,  0.101119,  0.870104),  (0.527579,  0.686167)
(0.498266,  0.100746,  0.991361),  (0.527579,  0.737328)
(0.363261,  0.068108,  0.870039),  (0.536881,  0.686167)
(0.498236,  0.067735,  0.991296),  (0.536881,  0.737328)
(0.363261,  0.068108,  0.870039),  (0.536881,  0.686167)
(0.498266,  0.100746,  0.991361),  (0.527579,  0.737328)
(0.273593,  0.068050,  0.933719),  (0.965396,  0.806835)
(0.436316,  0.100649,  1.061945),  (0.974698,  0.864967)
(0.273623,  0.101061,  0.933784),  (0.974698,  0.806835)
(0.436316,  0.100649,  1.061945),  (0.974698,  0.864967)
(0.273593,  0.068050,  0.933719),  (0.965396,  0.806835)
(0.436286,  0.067638,  1.061880),  (0.965396,  0.864967)
(0.363261,  0.068108,  0.870039),  (0.216959,  0.440197)
(0.436286,  0.067638,  1.061880),  (0.187762,  0.388213)
(0.273593,  0.068050,  0.933719),  (0.186816,  0.446337)
(0.436286,  0.067638,  1.061880),  (0.187762,  0.388213)
(0.363261,  0.068108,  0.870039),  (0.216959,  0.440197)
(0.498236,  0.067735,  0.991296),  (0.214451,  0.389097)
(0.436286,  0.067638,  1.061880),  (0.965396,  0.864967)
(0.686184,  0.100005,  1.264724),  (0.974698,  0.955382)
(0.436316,  0.100649,  1.061945),  (0.974698,  0.864967)
(0.686184,  0.100005,  1.264724),  (0.974698,  0.955382)
(0.436286,  0.067638,  1.061880),  (0.965396,  0.864967)
(0.686154,  0.066994,  1.264659),  (0.965396,  0.955382)
(0.436316,  0.100649,  1.061945),  (0.575771,  0.476879)
(0.750000,  0.100108,  1.190032),  (0.603843,  0.566000)
(0.498266,  0.100746,  0.991361),  (0.602461,  0.475995)
(0.750000,  0.100108,  1.190032),  (0.603843,  0.566000)
(0.686184,  0.100005,  1.264724),  (0.575913,  0.567293)
(0.723529,  0.100024,  1.240579),  (0.587943,  0.570308)
(0.750000,  0.100108,  1.190032),  (0.603843,  0.566000)
(0.436316,  0.100649,  1.061945),  (0.575771,  0.476879)
(0.686184,  0.100005,  1.264724),  (0.575913,  0.567293)
(0.723499,  0.067013,  1.240514),  (0.965396,  0.967784)
(0.750000,  0.100108,  1.190032),  (0.974698,  0.984258)
(0.723529,  0.100024,  1.240579),  (0.974698,  0.967784)
(0.750000,  0.100108,  1.190032),  (0.974698,  0.984258)
(0.723499,  0.067013,  1.240514),  (0.965396,  0.967784)
(0.749970,  0.067098,  1.189968),  (0.965396,  0.984258)
(0.723529,  0.100024,  1.240579),  (0.974698,  0.967784)
(0.686184,  0.100005,  1.264724),  (0.974698,  0.955382)
(0.723499,  0.067013,  1.240514),  (0.965396,  0.967784)
(0.686184,  0.100005,  1.264724),  (0.974698,  0.955382)
(0.686154,  0.066994,  1.264659),  (0.965396,  0.955382)
(0.723499,  0.067013,  1.240514),  (0.965396,  0.967784)
(0.749970,  0.067098,  1.189968),  (0.215833,  0.299092)
(0.436286,  0.067638,  1.061880),  (0.187762,  0.388213)
(0.498236,  0.067735,  0.991296),  (0.214451,  0.389097)
(0.749970,  0.067098,  1.189968),  (0.215833,  0.299092)
(0.686154,  0.066994,  1.264659),  (0.187903,  0.297799)
(0.436286,  0.067638,  1.061880),  (0.187762,  0.388213)
(0.686154,  0.066994,  1.264659),  (0.187903,  0.297799)
(0.749970,  0.067098,  1.189968),  (0.215833,  0.299092)
(0.723499,  0.067013,  1.240514),  (0.199933,  0.294784)
(-0.750000,  0.070718,  0.089999),  (0.536881,  0.276725)
(-0.689195,  0.103839,  0.013264),  (0.527579,  0.304671)
(-0.689225,  0.070828,  0.013199),  (0.536881,  0.304672)
(-0.689195,  0.103839,  0.013264),  (0.527579,  0.304671)
(-0.750000,  0.070718,  0.089999),  (0.536881,  0.276725)
(-0.749970,  0.103728,  0.090064),  (0.527579,  0.276725)
(0.101950,  0.101762,  0.672263),  (0.527578,  0.594289)
(0.363291,  0.101119,  0.870104),  (0.527579,  0.686167)
(0.101920,  0.068752,  0.672198),  (0.536881,  0.594289)
(0.363261,  0.068108,  0.870039),  (0.536881,  0.686167)
(0.101920,  0.068752,  0.672198),  (0.536881,  0.594289)
(0.363291,  0.101119,  0.870104),  (0.527579,  0.686167)
