(0.141297,  1.271027,  0.034805),  (0.098678,  0.497983)
(0.153567,  1.271027,  0.011529),  (0.089606,  0.498936)
(0.106557,  0.663222,  -0.035870),  (0.106610,  0.742045)
(0.106557,  0.663222,  -0.035870),  (0.106610,  0.742045)
(0.094287,  0.663222,  -0.012594),  (0.115683,  0.741092)
(0.141297,  1.271027,  0.034805),  (0.098678,  0.497983)
(0.113726,  1.271027,  0.040554),  (0.976281,  0.503403)
(0.141297,  1.271027,  0.034805),  (0.985398,  0.503085)
(0.094287,  0.663222,  -0.012594),  (0.965849,  0.260167)
(0.094287,  0.663222,  -0.012594),  (0.965849,  0.260167)
(0.066716,  0.663222,  -0.006845),  (0.956732,  0.260486)
(0.113726,  1.271027,  0.040554),  (0.976281,  0.503403)
(0.091616,  1.271027,  0.024447),  (0.183587,  0.509642)
(0.113726,  1.271027,  0.040554),  (0.174464,  0.509642)
(0.066716,  0.663222,  -0.006845),  (0.196756,  0.752323)
(0.066716,  0.663222,  -0.006845),  (0.196756,  0.752323)
(0.044606,  0.663222,  -0.022953),  (0.205878,  0.752323)
(0.091616,  1.271027,  0.024447),  (0.183587,  0.509642)
(0.091616,  1.271027,  -0.001388),  (0.195179,  0.506209)
(0.091616,  1.271027,  0.024447),  (0.204302,  0.506209)
(0.044606,  0.663222,  -0.022953),  (0.187564,  0.263555)
(0.044606,  0.663222,  -0.022953),  (0.187564,  0.263555)
(0.044606,  0.663222,  -0.048787),  (0.178442,  0.263555)
(0.091616,  1.271027,  -0.001388),  (0.195179,  0.506209)
(0.113726,  1.271027,  -0.017495),  (0.041587,  0.509369)
(0.091616,  1.271027,  -0.001388),  (0.050709,  0.509369)
(0.044606,  0.663222,  -0.048787),  (0.052130,  0.265670)
(0.044606,  0.663222,  -0.048787),  (0.052130,  0.265670)
(0.066716,  0.663222,  -0.064894),  (0.043007,  0.265670)
(0.113726,  1.271027,  -0.017495),  (0.041587,  0.509369)
(0.141297,  1.271027,  -0.011746),  (0.006408,  0.502342)
(0.113726,  1.271027,  -0.017495),  (0.015530,  0.502342)
(0.066716,  0.663222,  -0.064894),  (0.034039,  0.259343)
(0.066716,  0.663222,  -0.064894),  (0.034039,  0.259343)
(0.094287,  0.663222,  -0.059146),  (0.024916,  0.259343)
(0.141297,  1.271027,  -0.011746),  (0.006408,  0.502342)
(0.153567,  1.271027,  0.011529),  (0.145683,  0.509014)
(0.141297,  1.271027,  -0.011746),  (0.136583,  0.509651)
(0.094287,  0.663222,  -0.059146),  (0.131909,  0.753309)
(0.094287,  0.663222,  -0.059146),  (0.131909,  0.753309)
(0.106557,  0.663222,  -0.035870),  (0.141009,  0.752672)
(0.153567,  1.271027,  0.011529),  (0.145683,  0.509014)
(-0.009202,  2.486381,  0.170156),  (0.275899,  0.229972)
(0.018369,  2.485804,  0.175868),  (0.267005,  0.232002)
(0.030639,  2.483469,  0.198993),  (0.263047,  0.240221)
(0.030639,  2.483469,  0.198993),  (0.263047,  0.240221)
(0.018369,  2.481133,  0.222119),  (0.267005,  0.248440)
(-0.009202,  2.480557,  0.227830),  (0.275899,  0.250470)
(-0.009202,  2.486381,  0.170156),  (0.275899,  0.229972)
(0.030639,  2.483469,  0.198993),  (0.263047,  0.240221)
(-0.009202,  2.480557,  0.227830),  (0.275899,  0.250470)
(-0.009202,  2.480557,  0.227830),  (0.275899,  0.250470)
(-0.031312,  2.482173,  0.211827),  (0.283032,  0.244782)
(-0.031312,  2.484765,  0.186159),  (0.283032,  0.235660)
(-0.009202,  2.486381,  0.170156),  (0.275899,  0.229972)
(-0.009202,  2.480557,  0.227830),  (0.275899,  0.250470)
(-0.031312,  2.484765,  0.186159),  (0.283032,  0.235660)
(0.018369,  2.481133,  0.222119),  (0.124807,  0.011868)
(0.030639,  2.483469,  0.198993),  (0.115685,  0.011890)
(0.139141,  1.883022,  0.087032),  (0.089992,  0.253494)
(0.139141,  1.883022,  0.087032),  (0.089992,  0.253494)
(0.126871,  1.880686,  0.110157),  (0.099115,  0.253471)
(0.018369,  2.481133,  0.222119),  (0.124807,  0.011868)
(0.126871,  1.880686,  0.110157),  (0.099115,  0.253471)
(0.139141,  1.883022,  0.087032),  (0.089992,  0.253494)
(0.153567,  1.271027,  0.011529),  (0.089606,  0.498936)
(0.153567,  1.271027,  0.011529),  (0.089606,  0.498936)
(0.141297,  1.271027,  0.034805),  (0.098678,  0.497983)
(0.126871,  1.880686,  0.110157),  (0.099115,  0.253471)
(0.123071,  0.055417,  -0.035870),  (0.129539,  0.982309)
(0.110800,  0.055417,  -0.012594),  (0.138612,  0.981356)
(0.094287,  0.663222,  -0.012594),  (0.115683,  0.741092)
(0.094287,  0.663222,  -0.012594),  (0.115683,  0.741092)
(0.106557,  0.663222,  -0.035870),  (0.106610,  0.742045)
(0.123071,  0.055417,  -0.035870),  (0.129539,  0.982309)
(-0.009202,  2.480557,  0.227830),  (0.939893,  0.990770)
(0.018369,  2.481133,  0.222119),  (0.949015,  0.990682)
(0.126871,  1.880686,  0.110157),  (0.983484,  0.747912)
(0.126871,  1.880686,  0.110157),  (0.983484,  0.747912)
(0.099300,  1.880110,  0.115869),  (0.974362,  0.748000)
(-0.009202,  2.480557,  0.227830),  (0.939893,  0.990770)
(0.099300,  1.880110,  0.115869),  (0.974362,  0.748000)
(0.126871,  1.880686,  0.110157),  (0.983484,  0.747912)
(0.141297,  1.271027,  0.034805),  (0.985398,  0.503085)
(0.141297,  1.271027,  0.034805),  (0.985398,  0.503085)
(0.113726,  1.271027,  0.040554),  (0.976281,  0.503403)
(0.099300,  1.880110,  0.115869),  (0.974362,  0.748000)
(0.110800,  0.055417,  -0.012594),  (0.962602,  0.018370)
(0.083229,  0.055417,  -0.006845),  (0.953485,  0.018689)
(0.066716,  0.663222,  -0.006845),  (0.956732,  0.260486)
(0.066716,  0.663222,  -0.006845),  (0.956732,  0.260486)
(0.094287,  0.663222,  -0.012594),  (0.965849,  0.260167)
(0.110800,  0.055417,  -0.012594),  (0.962602,  0.018370)
(-0.031312,  2.482173,  0.211827),  (0.173335,  0.025026)
(-0.009202,  2.480557,  0.227830),  (0.164235,  0.025672)
(0.099300,  1.880110,  0.115869),  (0.161520,  0.266151)
(0.099300,  1.880110,  0.115869),  (0.161520,  0.266151)
(0.077190,  1.881726,  0.099865),  (0.170620,  0.265505)
(-0.031312,  2.482173,  0.211827),  (0.173335,  0.025026)
(0.077190,  1.881726,  0.099865),  (0.170620,  0.265505)
(0.099300,  1.880110,  0.115869),  (0.161520,  0.266151)
(0.113726,  1.271027,  0.040554),  (0.174464,  0.509642)
(0.113726,  1.271027,  0.040554),  (0.174464,  0.509642)
(0.091616,  1.271027,  0.024447),  (0.183587,  0.509642)
(0.077190,  1.881726,  0.099865),  (0.170620,  0.265505)
(0.083229,  0.055417,  -0.006845),  (0.192591,  0.995000)
(0.061119,  0.055417,  -0.022953),  (0.201713,  0.995000)
(0.044606,  0.663222,  -0.022953),  (0.205878,  0.752323)
(0.044606,  0.663222,  -0.022953),  (0.205878,  0.752323)
(0.066716,  0.663222,  -0.006845),  (0.196756,  0.752323)
(0.083229,  0.055417,  -0.006845),  (0.192591,  0.995000)
(-0.031312,  2.484765,  0.186159),  (0.261406,  0.990770)
(-0.031312,  2.482173,  0.211827),  (0.270469,  0.989735)
(0.077190,  1.881726,  0.099865),  (0.230934,  0.750018)
(0.077190,  1.881726,  0.099865),  (0.230934,  0.750018)
(0.077190,  1.884318,  0.074198),  (0.221870,  0.751053)
(-0.031312,  2.484765,  0.186159),  (0.261406,  0.990770)
(0.077190,  1.884318,  0.074198),  (0.221870,  0.751053)
(0.077190,  1.881726,  0.099865),  (0.230934,  0.750018)
(0.091616,  1.271027,  0.024447),  (0.204302,  0.506209)
(0.091616,  1.271027,  0.024447),  (0.204302,  0.506209)
(0.091616,  1.271027,  -0.001388),  (0.195179,  0.506209)
(0.077190,  1.884318,  0.074198),  (0.221870,  0.751053)
(0.061119,  0.055417,  -0.022953),  (0.187564,  0.020901)
(0.061119,  0.055417,  -0.048787),  (0.178442,  0.020901)
(0.044606,  0.663222,  -0.048787),  (0.178442,  0.263555)
(0.044606,  0.663222,  -0.048787),  (0.178442,  0.263555)
(0.044606,  0.663222,  -0.022953),  (0.187564,  0.263555)
(0.061119,  0.055417,  -0.022953),  (0.187564,  0.020901)
(-0.009202,  2.486381,  0.170156),  (0.113904,  0.995000)
(-0.031312,  2.484765,  0.186159),  (0.123004,  0.994355)
(0.077190,  1.884318,  0.074198),  (0.070989,  0.754825)
(0.077190,  1.884318,  0.074198),  (0.070989,  0.754825)
(0.099300,  1.885934,  0.058194),  (0.061889,  0.755470)
(-0.009202,  2.486381,  0.170156),  (0.113904,  0.995000)
(0.099300,  1.885934,  0.058194),  (0.061889,  0.755470)
(0.077190,  1.884318,  0.074198),  (0.070989,  0.754825)
(0.091616,  1.271027,  -0.001388),  (0.050709,  0.509369)
(0.091616,  1.271027,  -0.001388),  (0.050709,  0.509369)
(0.113726,  1.271027,  -0.017495),  (0.041587,  0.509369)
(0.099300,  1.885934,  0.058194),  (0.061889,  0.755470)
(0.061119,  0.055417,  -0.048787),  (0.047965,  0.024364)
(0.083229,  0.055417,  -0.064894),  (0.038842,  0.024364)
(0.066716,  0.663222,  -0.064894),  (0.043007,  0.265670)
(0.066716,  0.663222,  -0.064894),  (0.043007,  0.265670)
(0.044606,  0.663222,  -0.048787),  (0.052130,  0.265670)
(0.061119,  0.055417,  -0.048787),  (0.047965,  0.024364)
(0.018369,  2.485804,  0.175868),  (0.030325,  0.990539)
(-0.009202,  2.486381,  0.170156),  (0.039445,  0.990770)
(0.099300,  1.885934,  0.058194),  (0.014120,  0.748925)
(0.099300,  1.885934,  0.058194),  (0.014120,  0.748925)
(0.126871,  1.885357,  0.063906),  (0.005000,  0.748695)
(0.018369,  2.485804,  0.175868),  (0.030325,  0.990539)
(0.126871,  1.885357,  0.063906),  (0.005000,  0.748695)
(0.099300,  1.885934,  0.058194),  (0.014120,  0.748925)
(0.113726,  1.271027,  -0.017495),  (0.015530,  0.502342)
(0.113726,  1.271027,  -0.017495),  (0.015530,  0.502342)
(0.141297,  1.271027,  -0.011746),  (0.006408,  0.502342)
(0.126871,  1.885357,  0.063906),  (0.005000,  0.748695)
(0.083229,  0.055417,  -0.064894),  (0.028845,  0.016970)
(0.110800,  0.055417,  -0.059146),  (0.019723,  0.016970)
(0.094287,  0.663222,  -0.059146),  (0.024916,  0.259343)
(0.094287,  0.663222,  -0.059146),  (0.024916,  0.259343)
(0.066716,  0.663222,  -0.064894),  (0.034039,  0.259343)
(0.083229,  0.055417,  -0.064894),  (0.028845,  0.016970)
(0.030639,  2.483469,  0.198993),  (0.154381,  0.025053)
(0.018369,  2.485804,  0.175868),  (0.145263,  0.024757)
(0.126871,  1.885357,  0.063906),  (0.141505,  0.263951)
(0.126871,  1.885357,  0.063906),  (0.141505,  0.263951)
(0.139141,  1.883022,  0.087032),  (0.150623,  0.264247)
(0.030639,  2.483469,  0.198993),  (0.154381,  0.025053)
(0.139141,  1.883022,  0.087032),  (0.150623,  0.264247)
(0.126871,  1.885357,  0.063906),  (0.141505,  0.263951)
(0.141297,  1.271027,  -0.011746),  (0.136583,  0.509651)
(0.141297,  1.271027,  -0.011746),  (0.136583,  0.509651)
(0.153567,  1.271027,  0.011529),  (0.145683,  0.509014)
(0.139141,  1.883022,  0.087032),  (0.150623,  0.264247)
(0.110800,  0.055417,  -0.059146),  (0.151126,  0.995000)
(0.123071,  0.055417,  -0.035870),  (0.160226,  0.994364)
(0.106557,  0.663222,  -0.035870),  (0.141009,  0.752672)
(0.106557,  0.663222,  -0.035870),  (0.141009,  0.752672)
(0.094287,  0.663222,  -0.059146),  (0.131909,  0.753309)
(0.110800,  0.055417,  -0.059146),  (0.151126,  0.995000)
(0.464972,  2.293267,  0.159360),  (0.928254,  0.976745)
(-0.486656,  2.295586,  0.159659),  (0.773964,  0.711359)
(-0.498332,  2.302544,  0.160557),  (0.769675,  0.709486)
(0.464972,  2.293267,  0.159360),  (0.928254,  0.976745)
(-0.498332,  2.302544,  0.160557),  (0.769675,  0.709486)
(-0.500000,  2.314140,  0.162054),  (0.765396,  0.711334)
(0.464972,  2.293267,  0.159360),  (0.928254,  0.976745)
(-0.500000,  2.314140,  0.162054),  (0.765396,  0.711334)
(-0.491660,  2.330375,  0.164150),  (0.761128,  0.716905)
(-0.491660,  2.330375,  0.164150),  (0.761128,  0.716905)
(-0.013344,  2.990823,  0.249401),  (0.609931,  0.982364)
(-0.000000,  2.995461,  0.250000),  (0.610479,  0.987018)
(-0.491660,  2.330375,  0.164150),  (0.761128,  0.716905)
(-0.000000,  2.995461,  0.250000),  (0.610479,  0.987018)
(0.013344,  2.990823,  0.249401),  (0.614235,  0.989820)
(-0.491660,  2.330375,  0.164150),  (0.761128,  0.716905)
(0.013344,  2.990823,  0.249401),  (0.614235,  0.989820)
(0.026688,  2.976907,  0.247605),  (0.621198,  0.990770)
(0.464972,  2.293267,  0.159360),  (0.928254,  0.976745)
(-0.491660,  2.330375,  0.164150),  (0.761128,  0.716905)
(0.026688,  2.976907,  0.247605),  (0.621198,  0.990770)
(0.026688,  2.976907,  0.247605),  (0.621198,  0.990770)
(0.500000,  2.314140,  0.162054),  (0.926686,  0.990697)
(0.498332,  2.302544,  0.160557),  (0.930427,  0.987916)
(0.026688,  2.976907,  0.247605),  (0.621198,  0.990770)
(0.498332,  2.302544,  0.160557),  (0.930427,  0.987916)
(0.486656,  2.295586,  0.159659),  (0.930949,  0.983266)
(0.464972,  2.293267,  0.159360),  (0.928254,  0.976745)
(0.026688,  2.976907,  0.247605),  (0.621198,  0.990770)
(0.486656,  2.295586,  0.159659),  (0.930949,  0.983266)
(-0.013344,  2.990823,  0.249401),  (0.287376,  0.963553)
(-0.491660,  2.330375,  0.164150),  (0.242243,  0.659912)
(-0.491660,  2.334914,  0.119204),  (0.226449,  0.662259)
(-0.491660,  2.334914,  0.119204),  (0.226449,  0.662259)
(-0.026688,  2.981446,  0.202659),  (0.270528,  0.958984)
(-0.013344,  2.990823,  0.249401),  (0.287376,  0.963553)
(-0.486656,  2.295586,  0.159659),  (0.060311,  0.118865)
(0.464972,  2.293267,  0.159360),  (0.060417,  0.425841)
(0.464972,  2.297806,  0.114414),  (0.076288,  0.425841)
(0.464972,  2.297806,  0.114414),  (0.076288,  0.425841)
(-0.464972,  2.297806,  0.114414),  (0.076288,  0.125860)
(-0.486656,  2.295586,  0.159659),  (0.060311,  0.118865)
(0.500000,  2.314140,  0.162054),  (0.126772,  0.546161)
(0.026688,  2.976907,  0.247605),  (0.129159,  0.279856)
(0.026688,  2.981446,  0.202659),  (0.113185,  0.279713)
(0.026688,  2.981446,  0.202659),  (0.113185,  0.279713)
(0.491660,  2.334914,  0.119204),  (0.110857,  0.539494)
(0.500000,  2.314140,  0.162054),  (0.126772,  0.546161)
(0.433846,  2.346894,  0.143593),  (0.220933,  0.036263)
(0.013161,  2.931846,  0.219100),  (0.356638,  0.269794)
(0.003689,  2.941725,  0.220375),  (0.359693,  0.273738)
(0.433846,  2.346894,  0.143593),  (0.220933,  0.036263)
(0.003689,  2.941725,  0.220375),  (0.359693,  0.273738)
(-0.000000,  2.943006,  0.220540),  (0.360883,  0.274250)
(0.433846,  2.346894,  0.143593),  (0.220933,  0.036263)
(-0.000000,  2.943006,  0.220540),  (0.360883,  0.274250)
(-0.003689,  2.941725,  0.220375),  (0.362073,  0.273738)
(0.433846,  2.346894,  0.143593),  (0.220933,  0.036263)
(-0.003689,  2.941725,  0.220375),  (0.362073,  0.273738)
(-0.013161,  2.931846,  0.219100),  (0.365128,  0.269794)
(-0.013161,  2.931846,  0.219100),  (0.365128,  0.269794)
(-0.433846,  2.346894,  0.143593),  (0.500833,  0.036263)
(-0.439766,  2.335370,  0.142106),  (0.502743,  0.031663)
(-0.013161,  2.931846,  0.219100),  (0.365128,  0.269794)
(-0.439766,  2.335370,  0.142106),  (0.502743,  0.031663)
(-0.439305,  2.332164,  0.141692),  (0.502594,  0.030383)
(-0.013161,  2.931846,  0.219100),  (0.365128,  0.269794)
(-0.439305,  2.332164,  0.141692),  (0.502594,  0.030383)
(-0.436077,  2.330240,  0.141444),  (0.501553,  0.029615)
(-0.013161,  2.931846,  0.219100),  (0.365128,  0.269794)
(-0.436077,  2.330240,  0.141444),  (0.501553,  0.029615)
(-0.420686,  2.328594,  0.141231),  (0.496588,  0.028958)
(0.433846,  2.346894,  0.143593),  (0.220933,  0.036263)
(-0.013161,  2.931846,  0.219100),  (0.365128,  0.269794)
(-0.420686,  2.328594,  0.141231),  (0.496588,  0.028958)
(-0.420686,  2.328594,  0.141231),  (0.496588,  0.028958)
(0.420686,  2.328594,  0.141231),  (0.225178,  0.028958)
(0.436078,  2.330241,  0.141444),  (0.220213,  0.029615)
(-0.420686,  2.328594,  0.141231),  (0.496588,  0.028958)
(0.436078,  2.330241,  0.141444),  (0.220213,  0.029615)
(0.439305,  2.332164,  0.141692),  (0.219172,  0.030383)
(-0.420686,  2.328594,  0.141231),  (0.496588,  0.028958)
(0.439305,  2.332164,  0.141692),  (0.219172,  0.030383)
(0.439766,  2.335370,  0.142106),  (0.219023,  0.031663)
(0.433846,  2.346894,  0.143593),  (0.220933,  0.036263)
(-0.420686,  2.328594,  0.141231),  (0.496588,  0.028958)
(0.439766,  2.335370,  0.142106),  (0.219023,  0.031663)
(-0.026688,  2.981446,  0.202659),  (0.270528,  0.958984)
(-0.013344,  2.995362,  0.204456),  (0.271582,  0.965901)
(-0.013344,  2.990823,  0.249401),  (0.287376,  0.963553)
(-0.500000,  2.318679,  0.117108),  (0.225448,  0.655337)
(-0.491660,  2.334914,  0.119204),  (0.226449,  0.662259)
(-0.491660,  2.330375,  0.164150),  (0.242243,  0.659912)
(-0.491660,  2.330375,  0.164150),  (0.242243,  0.659912)
(-0.500000,  2.314140,  0.162054),  (0.241242,  0.652990)
(-0.500000,  2.318679,  0.117108),  (0.225448,  0.655337)
(0.486656,  2.300125,  0.114713),  (0.076182,  0.432836)
(0.464972,  2.297806,  0.114414),  (0.076288,  0.425841)
(0.464972,  2.293267,  0.159360),  (0.060417,  0.425841)
(0.464972,  2.293267,  0.159360),  (0.060417,  0.425841)
(0.486656,  2.295586,  0.159659),  (0.060311,  0.432836)
(0.486656,  2.300125,  0.114713),  (0.076182,  0.432836)
(-0.000000,  2.995461,  0.250000),  (0.288010,  0.967271)
(-0.013344,  2.990823,  0.249401),  (0.287376,  0.963553)
(-0.013344,  2.995362,  0.204456),  (0.271582,  0.965901)
(-0.013344,  2.995362,  0.204456),  (0.271582,  0.965901)
(-0.000000,  3.000000,  0.205054),  (0.272216,  0.969618)
(-0.000000,  2.995461,  0.250000),  (0.288010,  0.967271)
(0.013344,  2.990823,  0.249401),  (0.014485,  0.281039)
(-0.000000,  2.995461,  0.250000),  (0.009797,  0.280873)
(-0.000000,  3.000000,  0.205054),  (0.009230,  0.296837)
(-0.000000,  3.000000,  0.205054),  (0.009230,  0.296837)
(0.013344,  2.995362,  0.204456),  (0.013918,  0.297003)
(0.013344,  2.990823,  0.249401),  (0.014485,  0.281039)
(0.026688,  2.976907,  0.247605),  (0.129159,  0.279856)
(0.013344,  2.990823,  0.249401),  (0.129209,  0.274264)
(0.013344,  2.995362,  0.204456),  (0.113235,  0.274121)
(0.013344,  2.995362,  0.204456),  (0.113235,  0.274121)
(0.026688,  2.981446,  0.202659),  (0.113185,  0.279713)
(0.026688,  2.976907,  0.247605),  (0.129159,  0.279856)
(-0.498332,  2.307082,  0.115612),  (0.224975,  0.651604)
(-0.500000,  2.318679,  0.117108),  (0.225448,  0.655337)
(-0.500000,  2.314140,  0.162054),  (0.241242,  0.652990)
(-0.500000,  2.314140,  0.162054),  (0.241242,  0.652990)
(-0.498332,  2.302544,  0.160557),  (0.240769,  0.649257)
(-0.498332,  2.307082,  0.115612),  (0.224975,  0.651604)
(-0.486656,  2.300125,  0.114713),  (0.076182,  0.118865)
(-0.498332,  2.307082,  0.115612),  (0.075865,  0.115098)
(-0.498332,  2.302544,  0.160557),  (0.059994,  0.115098)
(-0.498332,  2.302544,  0.160557),  (0.059994,  0.115098)
(-0.486656,  2.295586,  0.159659),  (0.060311,  0.118865)
(-0.486656,  2.300125,  0.114713),  (0.076182,  0.118865)
(-0.464972,  2.297806,  0.114414),  (0.076288,  0.125860)
(-0.486656,  2.300125,  0.114713),  (0.076182,  0.118865)
(-0.486656,  2.295586,  0.159659),  (0.060311,  0.118865)
(0.498332,  2.307082,  0.115611),  (0.075865,  0.436603)
(0.486656,  2.300125,  0.114713),  (0.076182,  0.432836)
(0.486656,  2.295586,  0.159659),  (0.060311,  0.432836)
(0.486656,  2.295586,  0.159659),  (0.060311,  0.432836)
(0.498332,  2.302544,  0.160557),  (0.059994,  0.436603)
(0.498332,  2.307082,  0.115611),  (0.075865,  0.436603)
(0.500000,  2.318679,  0.117108),  (0.110799,  0.546018)
(0.498332,  2.307082,  0.115611),  (0.110757,  0.550677)
(0.498332,  2.302544,  0.160557),  (0.126731,  0.550820)
(0.498332,  2.302544,  0.160557),  (0.126731,  0.550820)
(0.500000,  2.314140,  0.162054),  (0.126772,  0.546161)
(0.500000,  2.318679,  0.117108),  (0.110799,  0.546018)
(0.491660,  2.334914,  0.119204),  (0.110857,  0.539494)
(0.500000,  2.318679,  0.117108),  (0.110799,  0.546018)
(0.500000,  2.314140,  0.162054),  (0.126772,  0.546161)
(-0.026688,  2.981446,  0.202659),  (0.369492,  0.289596)
(-0.491660,  2.334914,  0.119204),  (0.519483,  0.031481)
(-0.482461,  2.331280,  0.118735),  (0.516516,  0.030030)
(-0.482461,  2.331280,  0.118735),  (0.516516,  0.030030)
(-0.018168,  2.976868,  0.202068),  (0.366744,  0.287768)
(-0.026688,  2.981446,  0.202659),  (0.369492,  0.289596)
(-0.491660,  2.334914,  0.119204),  (0.519483,  0.031481)
(-0.500000,  2.318679,  0.117108),  (0.522173,  0.024999)
(-0.489534,  2.317512,  0.116958),  (0.518797,  0.024533)
(-0.489534,  2.317512,  0.116958),  (0.518797,  0.024533)
(-0.482461,  2.331280,  0.118735),  (0.516516,  0.030030)
(-0.491660,  2.334914,  0.119204),  (0.519483,  0.031481)
(-0.500000,  2.318679,  0.117108),  (0.522173,  0.024999)
(-0.498332,  2.307082,  0.115612),  (0.521635,  0.020370)
(-0.488678,  2.311558,  0.116189),  (0.518521,  0.022156)
(-0.488678,  2.311558,  0.116189),  (0.518521,  0.022156)
(-0.489534,  2.317512,  0.116958),  (0.518797,  0.024533)
(-0.500000,  2.318679,  0.117108),  (0.522173,  0.024999)
(-0.498332,  2.307082,  0.115612),  (0.521635,  0.020370)
(-0.486656,  2.300125,  0.114713),  (0.517869,  0.017592)
(-0.482683,  2.307985,  0.115728),  (0.516587,  0.020730)
(-0.482683,  2.307985,  0.115728),  (0.516587,  0.020730)
(-0.488678,  2.311558,  0.116189),  (0.518521,  0.022156)
(-0.498332,  2.307082,  0.115612),  (0.521635,  0.020370)
(-0.486656,  2.300125,  0.114713),  (0.517869,  0.017592)
(-0.464972,  2.297806,  0.114414),  (0.510874,  0.016666)
(-0.464294,  2.306018,  0.115474),  (0.510655,  0.019945)
(-0.464294,  2.306018,  0.115474),  (0.510655,  0.019945)
(-0.482683,  2.307985,  0.115728),  (0.516587,  0.020730)
(-0.486656,  2.300125,  0.114713),  (0.517869,  0.017592)
(-0.464972,  2.297806,  0.114414),  (0.510874,  0.016666)
(0.464972,  2.297806,  0.114414),  (0.210892,  0.016666)
(0.464294,  2.306018,  0.115474),  (0.211111,  0.019945)
(0.464294,  2.306018,  0.115474),  (0.211111,  0.019945)
(-0.464294,  2.306018,  0.115474),  (0.510655,  0.019945)
(-0.464972,  2.297806,  0.114414),  (0.510874,  0.016666)
(0.464972,  2.297806,  0.114414),  (0.210892,  0.016666)
(0.486656,  2.300125,  0.114713),  (0.203898,  0.017592)
(0.482683,  2.307985,  0.115728),  (0.205179,  0.020730)
(0.482683,  2.307985,  0.115728),  (0.205179,  0.020730)
(0.464294,  2.306018,  0.115474),  (0.211111,  0.019945)
(0.464972,  2.297806,  0.114414),  (0.210892,  0.016666)
(0.486656,  2.300125,  0.114713),  (0.203898,  0.017592)
(0.498332,  2.307082,  0.115611),  (0.200131,  0.020370)
(0.488678,  2.311558,  0.116189),  (0.203245,  0.022156)
(0.488678,  2.311558,  0.116189),  (0.203245,  0.022156)
(0.482683,  2.307985,  0.115728),  (0.205179,  0.020730)
(0.486656,  2.300125,  0.114713),  (0.203898,  0.017592)
(0.498332,  2.307082,  0.115611),  (0.200131,  0.020370)
(0.500000,  2.318679,  0.117108),  (0.199593,  0.024999)
(0.489534,  2.317512,  0.116958),  (0.202969,  0.024533)
(0.489534,  2.317512,  0.116958),  (0.202969,  0.024533)
(0.488678,  2.311558,  0.116189),  (0.203245,  0.022156)
(0.498332,  2.307082,  0.115611),  (0.200131,  0.020370)
(0.500000,  2.318679,  0.117108),  (0.199593,  0.024999)
(0.491660,  2.334914,  0.119204),  (0.202283,  0.031481)
(0.482461,  2.331280,  0.118735),  (0.205251,  0.030030)
(0.482461,  2.331280,  0.118735),  (0.205251,  0.030030)
(0.489534,  2.317512,  0.116958),  (0.202969,  0.024533)
(0.500000,  2.318679,  0.117108),  (0.199593,  0.024999)
(0.491660,  2.334914,  0.119204),  (0.202283,  0.031481)
(0.026688,  2.981446,  0.202659),  (0.352274,  0.289596)
(0.018168,  2.976868,  0.202068),  (0.355023,  0.287768)
(0.018168,  2.976868,  0.202068),  (0.355023,  0.287768)
(0.482461,  2.331280,  0.118735),  (0.205251,  0.030030)
(0.491660,  2.334914,  0.119204),  (0.202283,  0.031481)
(0.026688,  2.981446,  0.202659),  (0.352274,  0.289596)
(0.013344,  2.995362,  0.204456),  (0.356579,  0.295152)
(0.006851,  2.988670,  0.203592),  (0.358673,  0.292480)
(0.006851,  2.988670,  0.203592),  (0.358673,  0.292480)
(0.018168,  2.976868,  0.202068),  (0.355023,  0.287768)
(0.026688,  2.981446,  0.202659),  (0.352274,  0.289596)
(0.013344,  2.995362,  0.204456),  (0.356579,  0.295152)
(-0.000000,  3.000000,  0.205054),  (0.360883,  0.297003)
(-0.000000,  2.991050,  0.203899),  (0.360883,  0.293430)
(-0.000000,  2.991050,  0.203899),  (0.360883,  0.293430)
(0.006851,  2.988670,  0.203592),  (0.358673,  0.292480)
(0.013344,  2.995362,  0.204456),  (0.356579,  0.295152)
(-0.000000,  3.000000,  0.205054),  (0.360883,  0.297003)
(-0.013344,  2.995362,  0.204456),  (0.365188,  0.295152)
(-0.006851,  2.988670,  0.203592),  (0.363093,  0.292480)
(-0.006851,  2.988670,  0.203592),  (0.363093,  0.292480)
(-0.000000,  2.991050,  0.203899),  (0.360883,  0.293430)
(-0.000000,  3.000000,  0.205054),  (0.360883,  0.297003)
(-0.013344,  2.995362,  0.204456),  (0.365188,  0.295152)
(-0.026688,  2.981446,  0.202659),  (0.369492,  0.289596)
(-0.018168,  2.976868,  0.202068),  (0.366744,  0.287768)
(-0.018168,  2.976868,  0.202068),  (0.366744,  0.287768)
(-0.006851,  2.988670,  0.203592),  (0.363093,  0.292480)
(-0.013344,  2.995362,  0.204456),  (0.365188,  0.295152)
(-0.018168,  2.976868,  0.202068),  (0.366744,  0.287768)
(-0.482461,  2.331280,  0.118735),  (0.516516,  0.030030)
(-0.433846,  2.346894,  0.143593),  (0.500833,  0.036263)
(-0.433846,  2.346894,  0.143593),  (0.500833,  0.036263)
(-0.013161,  2.931846,  0.219100),  (0.365128,  0.269794)
(-0.018168,  2.976868,  0.202068),  (0.366744,  0.287768)
(-0.482461,  2.331280,  0.118735),  (0.516516,  0.030030)
(-0.489534,  2.317512,  0.116958),  (0.518797,  0.024533)
(-0.439766,  2.335370,  0.142106),  (0.502743,  0.031663)
(-0.439766,  2.335370,  0.142106),  (0.502743,  0.031663)
(-0.433846,  2.346894,  0.143593),  (0.500833,  0.036263)
(-0.482461,  2.331280,  0.118735),  (0.516516,  0.030030)
(-0.489534,  2.317512,  0.116958),  (0.518797,  0.024533)
(-0.488678,  2.311558,  0.116189),  (0.518521,  0.022156)
(-0.439305,  2.332164,  0.141692),  (0.502594,  0.030383)
(-0.439305,  2.332164,  0.141692),  (0.502594,  0.030383)
(-0.439766,  2.335370,  0.142106),  (0.502743,  0.031663)
(-0.489534,  2.317512,  0.116958),  (0.518797,  0.024533)
(-0.488678,  2.311558,  0.116189),  (0.518521,  0.022156)
(-0.482683,  2.307985,  0.115728),  (0.516587,  0.020730)
(-0.436077,  2.330240,  0.141444),  (0.501553,  0.029615)
(-0.436077,  2.330240,  0.141444),  (0.501553,  0.029615)
(-0.439305,  2.332164,  0.141692),  (0.502594,  0.030383)
(-0.488678,  2.311558,  0.116189),  (0.518521,  0.022156)
(-0.482683,  2.307985,  0.115728),  (0.516587,  0.020730)
(-0.464294,  2.306018,  0.115474),  (0.510655,  0.019945)
(-0.420686,  2.328594,  0.141231),  (0.496588,  0.028958)
(-0.420686,  2.328594,  0.141231),  (0.496588,  0.028958)
(-0.436077,  2.330240,  0.141444),  (0.501553,  0.029615)
(-0.482683,  2.307985,  0.115728),  (0.516587,  0.020730)
(-0.464294,  2.306018,  0.115474),  (0.995000,  0.373148)
(0.464294,  2.306018,  0.115474),  (0.995000,  0.073604)
(0.420686,  2.328594,  0.141231),  (0.982195,  0.087671)
(0.420686,  2.328594,  0.141231),  (0.982195,  0.087671)
(-0.420686,  2.328594,  0.141231),  (0.982195,  0.359081)
(-0.464294,  2.306018,  0.115474),  (0.995000,  0.373148)
(0.464294,  2.306018,  0.115474),  (0.211111,  0.019945)
(0.482683,  2.307985,  0.115728),  (0.205179,  0.020730)
(0.436078,  2.330241,  0.141444),  (0.220213,  0.029615)
(0.436078,  2.330241,  0.141444),  (0.220213,  0.029615)
(0.420686,  2.328594,  0.141231),  (0.225178,  0.028958)
(0.464294,  2.306018,  0.115474),  (0.211111,  0.019945)
(0.482683,  2.307985,  0.115728),  (0.205179,  0.020730)
(0.488678,  2.311558,  0.116189),  (0.203245,  0.022156)
(0.439305,  2.332164,  0.141692),  (0.219172,  0.030383)
(0.439305,  2.332164,  0.141692),  (0.219172,  0.030383)
(0.436078,  2.330241,  0.141444),  (0.220213,  0.029615)
(0.482683,  2.307985,  0.115728),  (0.205179,  0.020730)
(0.488678,  2.311558,  0.116189),  (0.203245,  0.022156)
(0.489534,  2.317512,  0.116958),  (0.202969,  0.024533)
(0.439766,  2.335370,  0.142106),  (0.219023,  0.031663)
(0.439766,  2.335370,  0.142106),  (0.219023,  0.031663)
(0.439305,  2.332164,  0.141692),  (0.219172,  0.030383)
(0.488678,  2.311558,  0.116189),  (0.203245,  0.022156)
(0.489534,  2.317512,  0.116958),  (0.202969,  0.024533)
(0.482461,  2.331280,  0.118735),  (0.205251,  0.030030)
(0.433846,  2.346894,  0.143593),  (0.220933,  0.036263)
(0.433846,  2.346894,  0.143593),  (0.220933,  0.036263)
(0.439766,  2.335370,  0.142106),  (0.219023,  0.031663)
(0.489534,  2.317512,  0.116958),  (0.202969,  0.024533)
(0.482461,  2.331280,  0.118735),  (0.205251,  0.030030)
(0.018168,  2.976868,  0.202068),  (0.355023,  0.287768)
(0.013161,  2.931846,  0.219100),  (0.356638,  0.269794)
(0.013161,  2.931846,  0.219100),  (0.356638,  0.269794)
(0.433846,  2.346894,  0.143593),  (0.220933,  0.036263)
(0.482461,  2.331280,  0.118735),  (0.205251,  0.030030)
(0.018168,  2.976868,  0.202068),  (0.355023,  0.287768)
(0.006851,  2.988670,  0.203592),  (0.358673,  0.292480)
(0.003689,  2.941725,  0.220375),  (0.359693,  0.273738)
(0.003689,  2.941725,  0.220375),  (0.359693,  0.273738)
(0.013161,  2.931846,  0.219100),  (0.356638,  0.269794)
(0.018168,  2.976868,  0.202068),  (0.355023,  0.287768)
(0.006851,  2.988670,  0.203592),  (0.358673,  0.292480)
(-0.000000,  2.991050,  0.203899),  (0.360883,  0.293430)
(-0.000000,  2.943006,  0.220540),  (0.360883,  0.274250)
(-0.000000,  2.943006,  0.220540),  (0.360883,  0.274250)
(0.003689,  2.941725,  0.220375),  (0.359693,  0.273738)
(0.006851,  2.988670,  0.203592),  (0.358673,  0.292480)
(-0.000000,  2.991050,  0.203899),  (0.360883,  0.293430)
(-0.006851,  2.988670,  0.203592),  (0.363093,  0.292480)
(-0.003689,  2.941725,  0.220375),  (0.362073,  0.273738)
(-0.003689,  2.941725,  0.220375),  (0.362073,  0.273738)
(-0.000000,  2.943006,  0.220540),  (0.360883,  0.274250)
(-0.000000,  2.991050,  0.203899),  (0.360883,  0.293430)
(-0.006851,  2.988670,  0.203592),  (0.363093,  0.292480)
(-0.018168,  2.976868,  0.202068),  (0.366744,  0.287768)
(-0.013161,  2.931846,  0.219100),  (0.365128,  0.269794)
(-0.013161,  2.931846,  0.219100),  (0.365128,  0.269794)
(-0.003689,  2.941725,  0.220375),  (0.362073,  0.273738)
(-0.006851,  2.988670,  0.203592),  (0.363093,  0.292480)
(0.016933,  2.445285,  0.223110),  (0.217259,  0.872849)
(0.025913,  2.394103,  0.223848),  (0.216514,  0.893473)
(-0.015745,  2.394103,  0.220021),  (0.229879,  0.892069)
(-0.015745,  2.394103,  0.220021),  (0.229879,  0.892069)
(-0.022125,  2.445285,  0.223110),  (0.229790,  0.871532)
(0.016933,  2.445285,  0.223110),  (0.217259,  0.872849)
(0.095049,  2.449553,  0.180848),  (0.216855,  0.969995)
(0.095049,  2.398371,  0.174241),  (0.216514,  0.990559)
(0.055991,  2.397845,  0.179444),  (0.229247,  0.990770)
(0.055991,  2.397845,  0.179444),  (0.229247,  0.990770)
(0.055991,  2.449027,  0.186050),  (0.229588,  0.970206)
(0.095049,  2.449553,  0.180848),  (0.216855,  0.969995)
(0.055991,  2.449027,  0.186050),  (0.229588,  0.970206)
(0.055991,  2.397845,  0.179444),  (0.229247,  0.990770)
(0.025913,  2.394103,  0.223848),  (0.241136,  0.990672)
(0.025913,  2.394103,  0.223848),  (0.241136,  0.990672)
(0.016933,  2.445285,  0.223110),  (0.243964,  0.970445)
(0.055991,  2.449027,  0.186050),  (0.229588,  0.970206)
(-0.100240,  2.398411,  0.173847),  (0.994298,  0.034860)
(-0.100240,  2.449593,  0.180454),  (0.973735,  0.035226)
(-0.061182,  2.449027,  0.186050),  (0.973962,  0.047980)
(-0.061182,  2.449027,  0.186050),  (0.973962,  0.047980)
(-0.061182,  2.397845,  0.179444),  (0.994525,  0.047614)
(-0.100240,  2.398411,  0.173847),  (0.994298,  0.034860)
(-0.061182,  2.397845,  0.179444),  (0.994525,  0.047614)
(-0.061182,  2.449027,  0.186050),  (0.973962,  0.047980)
(-0.022125,  2.445285,  0.223110),  (0.974220,  0.062476)
(-0.022125,  2.445285,  0.223110),  (0.974220,  0.062476)
(-0.015745,  2.394103,  0.220021),  (0.994682,  0.064338)
(-0.061182,  2.397845,  0.179444),  (0.994525,  0.047614)
(-0.088490,  2.416450,  0.172430),  (0.009230,  0.181429)
(-0.088490,  2.414852,  0.188253),  (0.009230,  0.187016)
(-0.071057,  2.414852,  0.188253),  (0.014854,  0.187016)
(-0.071057,  2.414852,  0.188253),  (0.014854,  0.187016)
(-0.071057,  2.416450,  0.172430),  (0.014854,  0.181429)
(-0.088490,  2.416450,  0.172430),  (0.009230,  0.181429)
(-0.088490,  2.430444,  0.174237),  (0.014854,  0.198314)
(-0.071057,  2.430444,  0.174237),  (0.009230,  0.198314)
(-0.071057,  2.428847,  0.190059),  (0.009230,  0.203937)
(-0.071057,  2.428847,  0.190059),  (0.009230,  0.203937)
(-0.088490,  2.428847,  0.190059),  (0.014854,  0.203937)
(-0.088490,  2.430444,  0.174237),  (0.014854,  0.198314)
(-0.071057,  2.416450,  0.172430),  (0.009230,  0.237533)
(-0.071057,  2.414852,  0.188253),  (0.014848,  0.237779)
(-0.071057,  2.428847,  0.190059),  (0.015095,  0.232161)
(-0.071057,  2.428847,  0.190059),  (0.015095,  0.232161)
(-0.071057,  2.430444,  0.174237),  (0.009477,  0.231915)
(-0.071057,  2.416450,  0.172430),  (0.009230,  0.237533)
(-0.071057,  2.414852,  0.188253),  (0.973735,  0.859631)
(-0.088490,  2.414852,  0.188253),  (0.979358,  0.859631)
(-0.088490,  2.428847,  0.190059),  (0.979358,  0.854044)
(-0.088490,  2.428847,  0.190059),  (0.979358,  0.854044)
(-0.071057,  2.428847,  0.190059),  (0.973735,  0.854044)
(-0.071057,  2.414852,  0.188253),  (0.973735,  0.859631)
(-0.088490,  2.414852,  0.188253),  (0.009868,  0.254700)
(-0.088490,  2.416450,  0.172430),  (0.015455,  0.254062)
(-0.088490,  2.430444,  0.174237),  (0.014817,  0.248475)
(-0.088490,  2.430444,  0.174237),  (0.014817,  0.248475)
(-0.088490,  2.428847,  0.190059),  (0.009230,  0.249113)
(-0.088490,  2.414852,  0.188253),  (0.009868,  0.254700)
(0.068198,  2.416450,  0.172430),  (0.443169,  0.951404)
(0.071909,  2.414852,  0.189740),  (0.449282,  0.950207)
(0.089342,  2.414852,  0.189740),  (0.449282,  0.944584)
(0.089342,  2.414852,  0.189740),  (0.449282,  0.944584)
(0.085630,  2.416450,  0.172430),  (0.443169,  0.945781)
(0.068198,  2.416450,  0.172430),  (0.443169,  0.951404)
(0.068198,  2.430444,  0.174237),  (0.649296,  0.830012)
(0.085630,  2.430444,  0.174237),  (0.650272,  0.835550)
(0.089342,  2.428847,  0.191547),  (0.656533,  0.835662)
(0.089342,  2.428847,  0.191547),  (0.656533,  0.835662)
(0.071909,  2.428847,  0.191547),  (0.655556,  0.830124)
(0.068198,  2.430444,  0.174237),  (0.649296,  0.830012)
(0.085630,  2.416450,  0.172430),  (0.009230,  0.271420)
(0.089342,  2.414852,  0.189740),  (0.015488,  0.271622)
(0.089342,  2.428847,  0.191547),  (0.015723,  0.266003)
(0.089342,  2.428847,  0.191547),  (0.015723,  0.266003)
(0.085630,  2.430444,  0.174237),  (0.009465,  0.265801)
(0.085630,  2.416450,  0.172430),  (0.009230,  0.271420)
(0.089342,  2.414852,  0.189740),  (0.009230,  0.220858)
(0.071909,  2.414852,  0.189740),  (0.014854,  0.220858)
(0.071909,  2.428847,  0.191547),  (0.014854,  0.215271)
(0.071909,  2.428847,  0.191547),  (0.014854,  0.215271)
(0.089342,  2.428847,  0.191547),  (0.009230,  0.215271)
(0.089342,  2.414852,  0.189740),  (0.009230,  0.220858)
(0.071909,  2.414852,  0.189740),  (0.005626,  0.893473)
(0.068198,  2.416450,  0.172430),  (0.011855,  0.892835)
(0.068198,  2.430444,  0.174237),  (0.011229,  0.887247)
(0.068198,  2.430444,  0.174237),  (0.011229,  0.887247)
(0.071909,  2.428847,  0.191547),  (0.005000,  0.887885)
(0.071909,  2.414852,  0.189740),  (0.005626,  0.893473)
(0.059136,  0.055417,  -0.035870),  (0.199593,  0.297003)
(0.043475,  0.055417,  -0.006161),  (0.211237,  0.297003)
(0.026962,  0.590286,  -0.006161),  (0.213548,  0.083414)
(0.026962,  0.590286,  -0.006161),  (0.213548,  0.083414)
(0.042623,  0.590286,  -0.035870),  (0.201904,  0.083414)
(0.059136,  0.055417,  -0.035870),  (0.199593,  0.297003)
(0.043475,  0.055417,  -0.006161),  (0.036874,  0.885013)
(0.008285,  0.055417,  0.001176),  (0.048511,  0.884606)
(-0.008228,  0.590286,  0.001176),  (0.046249,  0.671016)
(-0.008228,  0.590286,  0.001176),  (0.046249,  0.671016)
(0.026962,  0.590286,  -0.006161),  (0.034612,  0.671423)
(0.043475,  0.055417,  -0.006161),  (0.036874,  0.885013)
(0.008285,  0.055417,  0.001176),  (0.169042,  0.995000)
(-0.019935,  0.055417,  -0.019383),  (0.180678,  0.994594)
(-0.036449,  0.590286,  -0.019383),  (0.177387,  0.781017)
(-0.036449,  0.590286,  -0.019383),  (0.177387,  0.781017)
(-0.008228,  0.590286,  0.001176),  (0.165751,  0.781423)
(0.008285,  0.055417,  0.001176),  (0.169042,  0.995000)
(-0.019935,  0.055417,  -0.019383),  (0.153060,  0.770795)
(-0.019935,  0.055417,  -0.052357),  (0.164704,  0.770795)
(-0.036449,  0.590286,  -0.052357),  (0.164704,  0.557193)
(-0.036449,  0.590286,  -0.052357),  (0.164704,  0.557193)
(-0.036449,  0.590286,  -0.019383),  (0.153060,  0.557193)
(-0.019935,  0.055417,  -0.019383),  (0.153060,  0.770795)
(-0.019935,  0.055417,  -0.052357),  (0.599287,  0.986605)
(0.008285,  0.055417,  -0.072915),  (0.599287,  0.974961)
(-0.008228,  0.590286,  -0.072915),  (0.385725,  0.979126)
(-0.008228,  0.590286,  -0.072915),  (0.385725,  0.979126)
(-0.036449,  0.590286,  -0.052357),  (0.385725,  0.990770)
(-0.019935,  0.055417,  -0.052357),  (0.599287,  0.986605)
(0.008285,  0.055417,  -0.072915),  (0.902783,  0.923085)
(0.043475,  0.055417,  -0.065578),  (0.914427,  0.923085)
(0.026962,  0.590286,  -0.065578),  (0.909233,  0.709546)
(0.026962,  0.590286,  -0.065578),  (0.909233,  0.709546)
(-0.008228,  0.590286,  -0.072915),  (0.897590,  0.709546)
(0.008285,  0.055417,  -0.072915),  (0.902783,  0.923085)
(0.043475,  0.055417,  -0.065578),  (0.925283,  0.952697)
(0.059136,  0.055417,  -0.035870),  (0.936926,  0.952697)
(0.042623,  0.590286,  -0.035870),  (0.934615,  0.739108)
(0.042623,  0.590286,  -0.035870),  (0.934615,  0.739108)
(0.026962,  0.590286,  -0.065578),  (0.922971,  0.739108)
(0.043475,  0.055417,  -0.065578),  (0.925283,  0.952697)
(-0.008228,  0.590286,  -0.072915),  (0.225618,  0.961158)
(0.026962,  0.590286,  -0.065578),  (0.236969,  0.958567)
(0.042623,  0.590286,  -0.035870),  (0.242021,  0.948076)
(0.042623,  0.590286,  -0.035870),  (0.242021,  0.948076)
(0.026962,  0.590286,  -0.006161),  (0.236969,  0.937586)
(-0.008228,  0.590286,  0.001176),  (0.225618,  0.934995)
(-0.008228,  0.590286,  -0.072915),  (0.225618,  0.961158)
(0.042623,  0.590286,  -0.035870),  (0.242021,  0.948076)
(-0.008228,  0.590286,  0.001176),  (0.225618,  0.934995)
(-0.008228,  0.590286,  0.001176),  (0.225618,  0.934995)
(-0.036449,  0.590286,  -0.019383),  (0.216514,  0.942254)
(-0.036449,  0.590286,  -0.052357),  (0.216514,  0.953898)
(-0.008228,  0.590286,  -0.072915),  (0.225618,  0.961158)
(-0.008228,  0.590286,  0.001176),  (0.225618,  0.934995)
(-0.036449,  0.590286,  -0.052357),  (0.216514,  0.953898)
(0.066203,  0.474856,  0.016265),  (0.076259,  0.460295)
(0.066203,  0.496934,  0.016265),  (0.085073,  0.460295)
(0.118336,  0.496934,  -0.009031),  (0.085073,  0.443479)
(0.118336,  0.496934,  -0.009031),  (0.085073,  0.443479)
(0.118336,  0.474856,  -0.009031),  (0.076259,  0.443479)
(0.066203,  0.474856,  0.016265),  (0.076259,  0.460295)
(0.066203,  0.496934,  0.016265),  (0.428028,  0.935651)
(0.061431,  0.496934,  0.004287),  (0.432258,  0.937191)
(0.105689,  0.496934,  -0.014418),  (0.438863,  0.922914)
(0.105689,  0.496934,  -0.014418),  (0.438863,  0.922914)
(0.118336,  0.496934,  -0.009031),  (0.436961,  0.918834)
(0.066203,  0.496934,  0.016265),  (0.428028,  0.935651)
(0.061431,  0.496934,  0.004287),  (0.026151,  0.569156)
(0.061431,  0.474856,  0.004287),  (0.034965,  0.569156)
(0.105689,  0.474856,  -0.014418),  (0.034965,  0.554879)
(0.105689,  0.474856,  -0.014418),  (0.034965,  0.554879)
(0.105689,  0.496934,  -0.014418),  (0.026151,  0.554879)
(0.061431,  0.496934,  0.004287),  (0.026151,  0.569156)
(0.061431,  0.474856,  0.004287),  (0.300148,  0.292830)
(0.066203,  0.474856,  0.016265),  (0.301834,  0.297003)
(0.118336,  0.474856,  -0.009031),  (0.318329,  0.287489)
(0.118336,  0.474856,  -0.009031),  (0.318329,  0.287489)
(0.105689,  0.474856,  -0.014418),  (0.314185,  0.285731)
(0.061431,  0.474856,  0.004287),  (0.300148,  0.292830)
(0.118336,  0.474856,  -0.009031),  (0.166104,  0.529256)
(0.118336,  0.496934,  -0.009031),  (0.157290,  0.529256)
(0.118059,  0.496934,  -0.058117),  (0.157290,  0.546590)
(0.118059,  0.496934,  -0.058117),  (0.157290,  0.546590)
(0.118059,  0.474856,  -0.058117),  (0.166104,  0.546590)
(0.118336,  0.474856,  -0.009031),  (0.166104,  0.529256)
(0.118336,  0.496934,  -0.009031),  (0.436961,  0.918834)
(0.105689,  0.496934,  -0.014418),  (0.438863,  0.922914)
(0.104947,  0.496934,  -0.053758),  (0.452755,  0.923153)
(0.104947,  0.496934,  -0.053758),  (0.452755,  0.923153)
(0.118059,  0.496934,  -0.058117),  (0.454294,  0.918924)
(0.118336,  0.496934,  -0.009031),  (0.436961,  0.918834)
(0.105689,  0.496934,  -0.014418),  (0.224975,  0.135899)
(0.105689,  0.474856,  -0.014418),  (0.224975,  0.144713)
(0.104947,  0.474856,  -0.053758),  (0.238866,  0.144713)
(0.104947,  0.474856,  -0.053758),  (0.238866,  0.144713)
(0.104947,  0.496934,  -0.053758),  (0.238866,  0.135899)
(0.105689,  0.496934,  -0.014418),  (0.224975,  0.135899)
(0.105689,  0.474856,  -0.014418),  (0.314185,  0.285731)
(0.118336,  0.474856,  -0.009031),  (0.318329,  0.287489)
(0.118059,  0.474856,  -0.058117),  (0.317635,  0.270170)
(0.118059,  0.474856,  -0.058117),  (0.317635,  0.270170)
(0.104947,  0.474856,  -0.053758),  (0.313461,  0.271856)
(0.105689,  0.474856,  -0.014418),  (0.314185,  0.285731)
(0.118059,  0.474856,  -0.058117),  (0.978319,  0.868560)
(0.118059,  0.496934,  -0.058117),  (0.969505,  0.868560)
(0.069606,  0.496934,  -0.080085),  (0.969505,  0.884190)
(0.069606,  0.496934,  -0.080085),  (0.969505,  0.884190)
(0.069606,  0.474856,  -0.080085),  (0.978319,  0.884190)
(0.118059,  0.474856,  -0.058117),  (0.978319,  0.868560)
(0.118059,  0.496934,  -0.058117),  (0.454294,  0.918924)
(0.104947,  0.496934,  -0.053758),  (0.452755,  0.923153)
(0.063709,  0.496934,  -0.068532),  (0.457972,  0.936456)
(0.063709,  0.496934,  -0.068532),  (0.457972,  0.936456)
(0.069606,  0.496934,  -0.080085),  (0.462051,  0.934554)
(0.118059,  0.496934,  -0.058117),  (0.454294,  0.918924)
(0.104947,  0.496934,  -0.053758),  (0.089606,  0.796177)
(0.104947,  0.474856,  -0.053758),  (0.098420,  0.796177)
(0.063709,  0.474856,  -0.068532),  (0.098420,  0.781888)
(0.063709,  0.474856,  -0.068532),  (0.098420,  0.781888)
(0.063709,  0.496934,  -0.068532),  (0.089606,  0.781888)
(0.104947,  0.496934,  -0.053758),  (0.089606,  0.796177)
(0.104947,  0.474856,  -0.053758),  (0.313461,  0.271856)
(0.118059,  0.474856,  -0.058117),  (0.317635,  0.270170)
(0.069606,  0.474856,  -0.080085),  (0.301743,  0.262963)
(0.069606,  0.474856,  -0.080085),  (0.301743,  0.262963)
(0.063709,  0.474856,  -0.068532),  (0.299985,  0.267106)
(0.104947,  0.474856,  -0.053758),  (0.313461,  0.271856)
(0.069606,  0.474856,  -0.080085),  (0.978319,  0.884190)
(0.069606,  0.496934,  -0.080085),  (0.969505,  0.884190)
(0.001163,  0.496934,  -0.087842),  (0.969505,  0.906268)
(0.001163,  0.496934,  -0.087842),  (0.969505,  0.906268)
(0.001163,  0.474856,  -0.087842),  (0.978319,  0.906268)
(0.069606,  0.474856,  -0.080085),  (0.978319,  0.884190)
(0.069606,  0.496934,  -0.080085),  (0.462051,  0.934554)
(0.063709,  0.496934,  -0.068532),  (0.457972,  0.936456)
(0.005935,  0.496934,  -0.075863),  (0.460561,  0.955093)
(0.005935,  0.496934,  -0.075863),  (0.460561,  0.955093)
(0.001163,  0.496934,  -0.087842),  (0.464790,  0.956632)
(0.069606,  0.496934,  -0.080085),  (0.462051,  0.934554)
(0.063709,  0.496934,  -0.068532),  (0.089606,  0.781888)
(0.063709,  0.474856,  -0.068532),  (0.098420,  0.781888)
(0.005935,  0.474856,  -0.075863),  (0.098420,  0.763592)
(0.005935,  0.474856,  -0.075863),  (0.098420,  0.763592)
(0.005935,  0.496934,  -0.075863),  (0.089606,  0.763592)
(0.063709,  0.496934,  -0.068532),  (0.089606,  0.781888)
(0.063709,  0.474856,  -0.068532),  (0.299985,  0.267106)
(0.069606,  0.474856,  -0.080085),  (0.301743,  0.262963)
(0.001163,  0.474856,  -0.087842),  (0.279583,  0.260996)
(0.001163,  0.474856,  -0.087842),  (0.279583,  0.260996)
(0.005935,  0.474856,  -0.075863),  (0.281269,  0.265169)
(0.063709,  0.474856,  -0.068532),  (0.299985,  0.267106)
(0.001163,  0.474856,  -0.087842),  (0.978319,  0.906268)
(0.001163,  0.496934,  -0.087842),  (0.969505,  0.906268)
(-0.050969,  0.496934,  -0.065843),  (0.969505,  0.923085)
(-0.050969,  0.496934,  -0.065843),  (0.969505,  0.923085)
(-0.050969,  0.474856,  -0.065843),  (0.978319,  0.923085)
(0.001163,  0.474856,  -0.087842),  (0.978319,  0.906268)
(0.001163,  0.496934,  -0.087842),  (0.464790,  0.956632)
(0.005935,  0.496934,  -0.075863),  (0.460561,  0.955093)
(-0.038323,  0.496934,  -0.060456),  (0.455120,  0.969369)
(-0.038323,  0.496934,  -0.060456),  (0.455120,  0.969369)
(-0.050969,  0.496934,  -0.065843),  (0.457022,  0.973449)
(0.001163,  0.496934,  -0.087842),  (0.464790,  0.956632)
(0.005935,  0.496934,  -0.075863),  (0.089606,  0.763592)
(0.005935,  0.474856,  -0.075863),  (0.098420,  0.763592)
(-0.038323,  0.474856,  -0.060456),  (0.098420,  0.752288)
(-0.038323,  0.474856,  -0.060456),  (0.098420,  0.752288)
(-0.038323,  0.496934,  -0.060456),  (0.089606,  0.752288)
(0.005935,  0.496934,  -0.075863),  (0.089606,  0.763592)
(0.005935,  0.474856,  -0.075863),  (0.281269,  0.265169)
(0.001163,  0.474856,  -0.087842),  (0.279583,  0.260996)
(-0.050969,  0.474856,  -0.065843),  (0.263047,  0.269346)
(-0.050969,  0.474856,  -0.065843),  (0.263047,  0.269346)
(-0.038323,  0.474856,  -0.060456),  (0.267191,  0.271105)
(0.005935,  0.474856,  -0.075863),  (0.281269,  0.265169)
(-0.050969,  0.474856,  -0.065843),  (0.094189,  0.118593)
(-0.050969,  0.496934,  -0.065843),  (0.085375,  0.118593)
(-0.052208,  0.496934,  -0.015833),  (0.085375,  0.136252)
(-0.052208,  0.496934,  -0.015833),  (0.085375,  0.136252)
(-0.052208,  0.474856,  -0.015833),  (0.094189,  0.136252)
(-0.050969,  0.474856,  -0.065843),  (0.094189,  0.118593)
(-0.050969,  0.496934,  -0.065843),  (0.457022,  0.973449)
(-0.038323,  0.496934,  -0.060456),  (0.455120,  0.969369)
(-0.039096,  0.496934,  -0.020193),  (0.440902,  0.969619)
(-0.039096,  0.496934,  -0.020193),  (0.440902,  0.969619)
(-0.052208,  0.496934,  -0.015833),  (0.439363,  0.973849)
(-0.050969,  0.496934,  -0.065843),  (0.457022,  0.973449)
(-0.038323,  0.496934,  -0.060456),  (0.326502,  0.297003)
(-0.038323,  0.474856,  -0.060456),  (0.335315,  0.297003)
(-0.039096,  0.474856,  -0.020193),  (0.335315,  0.282785)
(-0.039096,  0.474856,  -0.020193),  (0.335315,  0.282785)
(-0.039096,  0.496934,  -0.020193),  (0.326502,  0.282785)
(-0.038323,  0.496934,  -0.060456),  (0.326502,  0.297003)
(-0.038323,  0.474856,  -0.060456),  (0.267191,  0.271105)
(-0.050969,  0.474856,  -0.065843),  (0.263047,  0.269346)
(-0.052208,  0.474856,  -0.015833),  (0.263264,  0.287009)
(-0.052208,  0.474856,  -0.015833),  (0.263264,  0.287009)
(-0.039096,  0.474856,  -0.020193),  (0.267438,  0.285323)
(-0.038323,  0.474856,  -0.060456),  (0.267191,  0.271105)
(-0.052208,  0.474856,  -0.015833),  (0.076259,  0.498493)
(-0.052208,  0.496934,  -0.015833),  (0.085073,  0.498493)
(-0.004438,  0.496934,  0.013447),  (0.085073,  0.483083)
(-0.004438,  0.496934,  0.013447),  (0.085073,  0.483083)
(-0.004438,  0.474856,  0.013447),  (0.076259,  0.483083)
(-0.052208,  0.474856,  -0.015833),  (0.076259,  0.498493)
(-0.052208,  0.496934,  -0.015833),  (0.439363,  0.973849)
(-0.039096,  0.496934,  -0.020193),  (0.440902,  0.969619)
(0.001459,  0.496934,  0.001895),  (0.433103,  0.956537)
(0.001459,  0.496934,  0.001895),  (0.433103,  0.956537)
(-0.004438,  0.496934,  0.013447),  (0.429023,  0.958439)
(-0.052208,  0.496934,  -0.015833),  (0.439363,  0.973849)
(-0.039096,  0.496934,  -0.020193),  (0.026151,  0.601584)
(-0.039096,  0.474856,  -0.020193),  (0.034965,  0.601584)
(0.001459,  0.474856,  0.001895),  (0.034965,  0.588501)
(0.001459,  0.474856,  0.001895),  (0.034965,  0.588501)
(0.001459,  0.496934,  0.001895),  (0.026151,  0.588501)
(-0.039096,  0.496934,  -0.020193),  (0.026151,  0.601584)
(-0.039096,  0.474856,  -0.020193),  (0.267438,  0.285323)
(-0.052208,  0.474856,  -0.015833),  (0.263264,  0.287009)
(-0.004438,  0.474856,  0.013447),  (0.279025,  0.296804)
(-0.004438,  0.474856,  0.013447),  (0.279025,  0.296804)
(0.001459,  0.474856,  0.001895),  (0.280784,  0.292661)
(-0.039096,  0.474856,  -0.020193),  (0.267438,  0.285323)
(-0.004438,  0.474856,  0.013447),  (0.076259,  0.483083)
(-0.004438,  0.496934,  0.013447),  (0.085073,  0.483083)
(0.066203,  0.496934,  0.016265),  (0.085073,  0.460295)
(0.066203,  0.496934,  0.016265),  (0.085073,  0.460295)
(0.066203,  0.474856,  0.016265),  (0.076259,  0.460295)
(-0.004438,  0.474856,  0.013447),  (0.076259,  0.483083)
(-0.004438,  0.496934,  0.013447),  (0.429023,  0.958439)
(0.001459,  0.496934,  0.001895),  (0.433103,  0.956537)
(0.061431,  0.496934,  0.004287),  (0.432258,  0.937191)
(0.061431,  0.496934,  0.004287),  (0.432258,  0.937191)
(0.066203,  0.496934,  0.016265),  (0.428028,  0.935651)
(-0.004438,  0.496934,  0.013447),  (0.429023,  0.958439)
(0.001459,  0.496934,  0.001895),  (0.026151,  0.588501)
(0.001459,  0.474856,  0.001895),  (0.034965,  0.588501)
(0.061431,  0.474856,  0.004287),  (0.034965,  0.569156)
(0.061431,  0.474856,  0.004287),  (0.034965,  0.569156)
(0.061431,  0.496934,  0.004287),  (0.026151,  0.569156)
(0.001459,  0.496934,  0.001895),  (0.026151,  0.588501)
(0.001459,  0.474856,  0.001895),  (0.280784,  0.292661)
(-0.004438,  0.474856,  0.013447),  (0.279025,  0.296804)
(0.066203,  0.474856,  0.016265),  (0.301834,  0.297003)
(0.066203,  0.474856,  0.016265),  (0.301834,  0.297003)
(0.061431,  0.474856,  0.004287),  (0.300148,  0.292830)
(0.001459,  0.474856,  0.001895),  (0.280784,  0.292661)
(0.082717,  0.138545,  0.016265),  (0.076259,  0.519359)
(0.082717,  0.160623,  0.016265),  (0.085073,  0.519359)
(0.134849,  0.160623,  -0.009031),  (0.085073,  0.502543)
(0.134849,  0.160623,  -0.009031),  (0.085073,  0.502543)
(0.134849,  0.138545,  -0.009031),  (0.076259,  0.502543)
(0.082717,  0.138545,  0.016265),  (0.076259,  0.519359)
(0.082717,  0.160623,  0.016265),  (0.665049,  0.814408)
(0.077944,  0.160623,  0.004287),  (0.663510,  0.818638)
(0.122202,  0.160623,  -0.014418),  (0.677786,  0.825243)
(0.122202,  0.160623,  -0.014418),  (0.677786,  0.825243)
(0.134849,  0.160623,  -0.009031),  (0.681866,  0.823341)
(0.082717,  0.160623,  0.016265),  (0.665049,  0.814408)
(0.077944,  0.160623,  0.004287),  (0.093836,  0.818742)
(0.077944,  0.138545,  0.004287),  (0.102650,  0.818742)
(0.122202,  0.138545,  -0.014418),  (0.102650,  0.804466)
(0.122202,  0.138545,  -0.014418),  (0.102650,  0.804466)
(0.122202,  0.160623,  -0.014418),  (0.093836,  0.804466)
(0.077944,  0.160623,  0.004287),  (0.093836,  0.818742)
(0.077944,  0.138545,  0.004287),  (0.091828,  0.065310)
(0.082717,  0.138545,  0.016265),  (0.096001,  0.063624)
(0.134849,  0.138545,  -0.009031),  (0.086487,  0.047129)
(0.134849,  0.138545,  -0.009031),  (0.086487,  0.047129)
(0.122202,  0.138545,  -0.014418),  (0.084728,  0.051272)
(0.077944,  0.138545,  0.004287),  (0.091828,  0.065310)
(0.134849,  0.138545,  -0.009031),  (0.183025,  0.719619)
(0.134849,  0.160623,  -0.009031),  (0.174211,  0.719619)
(0.134572,  0.160623,  -0.058117),  (0.174211,  0.736953)
(0.134572,  0.160623,  -0.058117),  (0.174211,  0.736953)
(0.134572,  0.138545,  -0.058117),  (0.183025,  0.736953)
(0.134849,  0.138545,  -0.009031),  (0.183025,  0.719619)
(0.134849,  0.160623,  -0.009031),  (0.681866,  0.823341)
(0.122202,  0.160623,  -0.014418),  (0.677786,  0.825243)
(0.121460,  0.160623,  -0.053758),  (0.677547,  0.839135)
(0.121460,  0.160623,  -0.053758),  (0.677547,  0.839135)
(0.134572,  0.160623,  -0.058117),  (0.681777,  0.840674)
(0.134849,  0.160623,  -0.009031),  (0.681866,  0.823341)
(0.122202,  0.160623,  -0.014418),  (0.263047,  0.186663)
(0.122202,  0.138545,  -0.014418),  (0.263047,  0.195476)
(0.121460,  0.138545,  -0.053758),  (0.276939,  0.195476)
(0.121460,  0.138545,  -0.053758),  (0.276939,  0.195476)
(0.121460,  0.160623,  -0.053758),  (0.276939,  0.186663)
(0.122202,  0.160623,  -0.014418),  (0.263047,  0.186663)
(0.122202,  0.138545,  -0.014418),  (0.084728,  0.051272)
(0.134849,  0.138545,  -0.009031),  (0.086487,  0.047129)
(0.134572,  0.138545,  -0.058117),  (0.069167,  0.047823)
(0.134572,  0.138545,  -0.058117),  (0.069167,  0.047823)
(0.121460,  0.138545,  -0.053758),  (0.070854,  0.051996)
(0.122202,  0.138545,  -0.014418),  (0.084728,  0.051272)
(0.134572,  0.138545,  -0.058117),  (0.013814,  0.936244)
(0.134572,  0.160623,  -0.058117),  (0.005000,  0.936244)
(0.086119,  0.160623,  -0.080085),  (0.005000,  0.951874)
(0.086119,  0.160623,  -0.080085),  (0.005000,  0.951874)
(0.086119,  0.138545,  -0.080085),  (0.013814,  0.951874)
(0.134572,  0.138545,  -0.058117),  (0.013814,  0.936244)
(0.134572,  0.160623,  -0.058117),  (0.681777,  0.840674)
(0.121460,  0.160623,  -0.053758),  (0.677547,  0.839135)
(0.080222,  0.160623,  -0.068532),  (0.664244,  0.844352)
(0.080222,  0.160623,  -0.068532),  (0.664244,  0.844352)
(0.086119,  0.160623,  -0.080085),  (0.666147,  0.848431)
(0.134572,  0.160623,  -0.058117),  (0.681777,  0.840674)
(0.121460,  0.160623,  -0.053758),  (0.059994,  0.025912)
(0.121460,  0.138545,  -0.053758),  (0.059994,  0.034726)
(0.080222,  0.138545,  -0.068532),  (0.074283,  0.034726)
(0.080222,  0.138545,  -0.068532),  (0.074283,  0.034726)
(0.080222,  0.160623,  -0.068532),  (0.074283,  0.025912)
(0.121460,  0.160623,  -0.053758),  (0.059994,  0.025912)
(0.121460,  0.138545,  -0.053758),  (0.070854,  0.051996)
(0.134572,  0.138545,  -0.058117),  (0.069167,  0.047823)
(0.086119,  0.138545,  -0.080085),  (0.061960,  0.063714)
(0.086119,  0.138545,  -0.080085),  (0.061960,  0.063714)
(0.080222,  0.138545,  -0.068532),  (0.066104,  0.065473)
(0.121460,  0.138545,  -0.053758),  (0.070854,  0.051996)
(0.086119,  0.138545,  -0.080085),  (0.013814,  0.951874)
(0.086119,  0.160623,  -0.080085),  (0.005000,  0.951874)
(0.017676,  0.160623,  -0.087842),  (0.005000,  0.973953)
(0.017676,  0.160623,  -0.087842),  (0.005000,  0.973953)
(0.017676,  0.138545,  -0.087842),  (0.013814,  0.973953)
(0.086119,  0.138545,  -0.080085),  (0.013814,  0.951874)
(0.086119,  0.160623,  -0.080085),  (0.666147,  0.848431)
(0.080222,  0.160623,  -0.068532),  (0.664244,  0.844352)
(0.022448,  0.160623,  -0.075863),  (0.645608,  0.846941)
(0.022448,  0.160623,  -0.075863),  (0.645608,  0.846941)
(0.017676,  0.160623,  -0.087842),  (0.644068,  0.851170)
(0.086119,  0.160623,  -0.080085),  (0.666147,  0.848431)
(0.080222,  0.160623,  -0.068532),  (0.074283,  0.025912)
(0.080222,  0.138545,  -0.068532),  (0.074283,  0.034726)
(0.022448,  0.138545,  -0.075863),  (0.092578,  0.034726)
(0.022448,  0.138545,  -0.075863),  (0.092578,  0.034726)
(0.022448,  0.160623,  -0.075863),  (0.092578,  0.025912)
(0.080222,  0.160623,  -0.068532),  (0.074283,  0.025912)
(0.080222,  0.138545,  -0.068532),  (0.066104,  0.065473)
(0.086119,  0.138545,  -0.080085),  (0.061960,  0.063714)
(0.017676,  0.138545,  -0.087842),  (0.059994,  0.085875)
(0.017676,  0.138545,  -0.087842),  (0.059994,  0.085875)
(0.022448,  0.138545,  -0.075863),  (0.064167,  0.084189)
(0.080222,  0.138545,  -0.068532),  (0.066104,  0.065473)
(0.017676,  0.138545,  -0.087842),  (0.013814,  0.973953)
(0.017676,  0.160623,  -0.087842),  (0.005000,  0.973953)
(-0.034456,  0.160623,  -0.065843),  (0.005000,  0.990770)
(-0.034456,  0.160623,  -0.065843),  (0.005000,  0.990770)
(-0.034456,  0.138545,  -0.065843),  (0.013814,  0.990770)
(0.017676,  0.138545,  -0.087842),  (0.013814,  0.973953)
(0.017676,  0.160623,  -0.087842),  (0.644068,  0.851170)
(0.022448,  0.160623,  -0.075863),  (0.645608,  0.846941)
(-0.021810,  0.160623,  -0.060456),  (0.631331,  0.841500)
(-0.021810,  0.160623,  -0.060456),  (0.631331,  0.841500)
(-0.034456,  0.160623,  -0.065843),  (0.627251,  0.843402)
(0.017676,  0.160623,  -0.087842),  (0.644068,  0.851170)
(0.022448,  0.160623,  -0.075863),  (0.092578,  0.025912)
(0.022448,  0.138545,  -0.075863),  (0.092578,  0.034726)
(-0.021810,  0.138545,  -0.060456),  (0.103883,  0.034726)
(-0.021810,  0.138545,  -0.060456),  (0.103883,  0.034726)
(-0.021810,  0.160623,  -0.060456),  (0.103883,  0.025912)
(0.022448,  0.160623,  -0.075863),  (0.092578,  0.025912)
(0.022448,  0.138545,  -0.075863),  (0.064167,  0.084189)
(0.017676,  0.138545,  -0.087842),  (0.059994,  0.085875)
(-0.034456,  0.138545,  -0.065843),  (0.068344,  0.102410)
(-0.034456,  0.138545,  -0.065843),  (0.068344,  0.102410)
(-0.021810,  0.138545,  -0.060456),  (0.070103,  0.098267)
(0.022448,  0.138545,  -0.075863),  (0.064167,  0.084189)
(-0.034456,  0.138545,  -0.065843),  (0.076259,  0.579266)
(-0.034456,  0.160623,  -0.065843),  (0.085073,  0.579266)
(-0.035695,  0.160623,  -0.015833),  (0.085073,  0.561607)
(-0.035695,  0.160623,  -0.015833),  (0.085073,  0.561607)
(-0.035695,  0.138545,  -0.015833),  (0.076259,  0.561607)
(-0.034456,  0.138545,  -0.065843),  (0.076259,  0.579266)
(-0.034456,  0.160623,  -0.065843),  (0.627251,  0.843402)
(-0.021810,  0.160623,  -0.060456),  (0.631331,  0.841500)
(-0.022583,  0.160623,  -0.020193),  (0.631081,  0.827282)
(-0.022583,  0.160623,  -0.020193),  (0.631081,  0.827282)
(-0.035695,  0.160623,  -0.015833),  (0.626852,  0.825743)
(-0.034456,  0.160623,  -0.065843),  (0.627251,  0.843402)
(-0.021810,  0.160623,  -0.060456),  (0.059994,  0.846940)
(-0.021810,  0.138545,  -0.060456),  (0.068808,  0.846940)
(-0.022583,  0.138545,  -0.020193),  (0.068808,  0.832722)
(-0.022583,  0.138545,  -0.020193),  (0.068808,  0.832722)
(-0.022583,  0.160623,  -0.020193),  (0.059994,  0.832722)
(-0.021810,  0.160623,  -0.060456),  (0.059994,  0.846940)
(-0.021810,  0.138545,  -0.060456),  (0.070103,  0.098267)
(-0.034456,  0.138545,  -0.065843),  (0.068344,  0.102410)
(-0.035695,  0.138545,  -0.015833),  (0.086007,  0.102193)
(-0.035695,  0.138545,  -0.015833),  (0.086007,  0.102193)
(-0.022583,  0.138545,  -0.020193),  (0.084321,  0.098020)
(-0.021810,  0.138545,  -0.060456),  (0.070103,  0.098267)
(-0.035695,  0.138545,  -0.015833),  (0.076259,  0.557557)
(-0.035695,  0.160623,  -0.015833),  (0.085073,  0.557557)
(0.012075,  0.160623,  0.013447),  (0.085073,  0.542147)
(0.012075,  0.160623,  0.013447),  (0.085073,  0.542147)
(0.012075,  0.138545,  0.013447),  (0.076259,  0.542147)
(-0.035695,  0.138545,  -0.015833),  (0.076259,  0.557557)
(-0.035695,  0.160623,  -0.015833),  (0.626852,  0.825743)
(-0.022583,  0.160623,  -0.020193),  (0.631081,  0.827282)
(0.017972,  0.160623,  0.001895),  (0.644164,  0.819483)
(0.017972,  0.160623,  0.001895),  (0.644164,  0.819483)
(0.012075,  0.160623,  0.013447),  (0.642261,  0.815403)
(-0.035695,  0.160623,  -0.015833),  (0.626852,  0.825743)
(-0.022583,  0.160623,  -0.020193),  (0.093836,  0.851170)
(-0.022583,  0.138545,  -0.020193),  (0.102650,  0.851170)
(0.017972,  0.138545,  0.001895),  (0.102650,  0.838088)
(0.017972,  0.138545,  0.001895),  (0.102650,  0.838088)
(0.017972,  0.160623,  0.001895),  (0.093836,  0.838088)
(-0.022583,  0.160623,  -0.020193),  (0.093836,  0.851170)
(-0.022583,  0.138545,  -0.020193),  (0.084321,  0.098020)
(-0.035695,  0.138545,  -0.015833),  (0.086007,  0.102193)
(0.012075,  0.138545,  0.013447),  (0.095802,  0.086432)
(0.012075,  0.138545,  0.013447),  (0.095802,  0.086432)
(0.017972,  0.138545,  0.001895),  (0.091659,  0.084673)
(-0.022583,  0.138545,  -0.020193),  (0.084321,  0.098020)
(0.012075,  0.138545,  0.013447),  (0.076259,  0.542147)
(0.012075,  0.160623,  0.013447),  (0.085073,  0.542147)
(0.082717,  0.160623,  0.016265),  (0.085073,  0.519359)
(0.082717,  0.160623,  0.016265),  (0.085073,  0.519359)
(0.082717,  0.138545,  0.016265),  (0.076259,  0.519359)
(0.012075,  0.138545,  0.013447),  (0.076259,  0.542147)
(0.012075,  0.160623,  0.013447),  (0.642261,  0.815403)
(0.017972,  0.160623,  0.001895),  (0.644164,  0.819483)
(0.077944,  0.160623,  0.004287),  (0.663510,  0.818638)
(0.077944,  0.160623,  0.004287),  (0.663510,  0.818638)
(0.082717,  0.160623,  0.016265),  (0.665049,  0.814408)
(0.012075,  0.160623,  0.013447),  (0.642261,  0.815403)
(0.017972,  0.160623,  0.001895),  (0.093836,  0.838088)
(0.017972,  0.138545,  0.001895),  (0.102650,  0.838088)
(0.077944,  0.138545,  0.004287),  (0.102650,  0.818742)
(0.077944,  0.138545,  0.004287),  (0.102650,  0.818742)
(0.077944,  0.160623,  0.004287),  (0.093836,  0.818742)
(0.017972,  0.160623,  0.001895),  (0.093836,  0.838088)
(0.017972,  0.138545,  0.001895),  (0.091659,  0.084673)
(0.012075,  0.138545,  0.013447),  (0.095802,  0.086432)
(0.082717,  0.138545,  0.016265),  (0.096001,  0.063624)
(0.082717,  0.138545,  0.016265),  (0.096001,  0.063624)
(0.077944,  0.138545,  0.004287),  (0.091828,  0.065310)
(0.017972,  0.138545,  0.001895),  (0.091659,  0.084673)
(-0.169764,  0.065257,  -0.214320),  (0.296890,  0.973849)
(0.204104,  0.065257,  -0.214320),  (0.417492,  0.973849)
(0.204104,  0.065257,  0.058696),  (0.417492,  0.877441)
(0.204104,  0.065257,  0.058696),  (0.417492,  0.877441)
(-0.169764,  0.065257,  0.058696),  (0.296890,  0.877441)
(-0.169764,  0.065257,  -0.214320),  (0.296890,  0.973849)
(-0.200043,  0.000000,  -0.250000),  (0.253914,  0.297003)
(0.234383,  0.000000,  -0.250000),  (0.253914,  0.156866)
(0.204104,  0.065257,  -0.214320),  (0.224975,  0.166633)
(0.204104,  0.065257,  -0.214320),  (0.224975,  0.166633)
(-0.169764,  0.065257,  -0.214320),  (0.224975,  0.287236)
(-0.200043,  0.000000,  -0.250000),  (0.253914,  0.297003)
(0.234383,  0.000000,  -0.250000),  (0.646930,  0.899492)
(0.234383,  0.000000,  0.094376),  (0.525325,  0.899492)
(0.204104,  0.065257,  0.058696),  (0.537924,  0.927315)
(0.204104,  0.065257,  0.058696),  (0.537924,  0.927315)
(0.204104,  0.065257,  -0.214320),  (0.634331,  0.927315)
(0.234383,  0.000000,  -0.250000),  (0.646930,  0.899492)
(0.234383,  0.000000,  0.094376),  (0.623159,  0.936449)
(-0.200043,  0.000000,  0.094376),  (0.483022,  0.936449)
(-0.169764,  0.065257,  0.058696),  (0.492789,  0.965388)
(-0.169764,  0.065257,  0.058696),  (0.492789,  0.965388)
(0.204104,  0.065257,  0.058696),  (0.613392,  0.965388)
(0.234383,  0.000000,  0.094376),  (0.623159,  0.936449)
(-0.200043,  0.000000,  0.094376),  (0.668082,  0.861419)
(-0.200043,  0.000000,  -0.250000),  (0.546476,  0.861419)
(-0.169764,  0.065257,  -0.214320),  (0.559075,  0.889243)
(-0.169764,  0.065257,  -0.214320),  (0.559075,  0.889243)
(-0.169764,  0.065257,  0.058696),  (0.655483,  0.889243)
(-0.200043,  0.000000,  0.094376),  (0.668082,  0.861419)
(0.098135,  0.063159,  0.040639),  (0.979131,  0.962827)
(0.091695,  0.095588,  0.030458),  (0.965536,  0.962679)
(0.158017,  0.095588,  -0.001723),  (0.965536,  0.986904)
(0.158017,  0.095588,  -0.001723),  (0.965536,  0.986904)
(0.174634,  0.063159,  0.003519),  (0.979131,  0.990770)
(0.098135,  0.063159,  0.040639),  (0.979131,  0.962827)
(0.091695,  0.095588,  0.030458),  (0.047303,  0.946406)
(0.074191,  0.095588,  -0.001057),  (0.058432,  0.952052)
(0.112561,  0.095588,  -0.017273),  (0.064158,  0.939675)
(0.112561,  0.095588,  -0.017273),  (0.064158,  0.939675)
(0.158017,  0.095588,  -0.001723),  (0.058666,  0.925012)
(0.091695,  0.095588,  0.030458),  (0.047303,  0.946406)
(0.074191,  0.095588,  -0.001057),  (0.026151,  0.629590)
(0.077944,  0.063159,  0.004287),  (0.039098,  0.628380)
(0.122202,  0.063159,  -0.014418),  (0.039098,  0.614103)
(0.122202,  0.063159,  -0.014418),  (0.039098,  0.614103)
(0.112561,  0.095588,  -0.017273),  (0.026151,  0.617213)
(0.074191,  0.095588,  -0.001057),  (0.026151,  0.629590)
(0.174634,  0.063159,  0.003519),  (0.216514,  0.927315)
(0.158017,  0.095588,  -0.001723),  (0.230523,  0.925437)
(0.157665,  0.095588,  -0.064170),  (0.230523,  0.903385)
(0.157665,  0.095588,  -0.064170),  (0.230523,  0.903385)
(0.174229,  0.063159,  -0.068512),  (0.216514,  0.901880)
(0.174634,  0.063159,  0.003519),  (0.216514,  0.927315)
(0.158017,  0.095588,  -0.001723),  (0.058666,  0.925012)
(0.112561,  0.095588,  -0.017273),  (0.064158,  0.939675)
(0.111917,  0.095588,  -0.051379),  (0.076201,  0.939882)
(0.111917,  0.095588,  -0.051379),  (0.076201,  0.939882)
(0.157665,  0.095588,  -0.064170),  (0.080718,  0.925125)
(0.158017,  0.095588,  -0.001723),  (0.058666,  0.925012)
(0.112561,  0.095588,  -0.017273),  (0.264109,  0.207547)
(0.122202,  0.063159,  -0.014418),  (0.263047,  0.220858)
(0.121460,  0.063159,  -0.053758),  (0.276941,  0.220858)
(0.121460,  0.063159,  -0.053758),  (0.276941,  0.220858)
(0.111917,  0.095588,  -0.051379),  (0.276154,  0.207547)
(0.112561,  0.095588,  -0.017273),  (0.264109,  0.207547)
(0.174229,  0.063159,  -0.068512),  (0.073153,  0.858139)
(0.157665,  0.095588,  -0.064170),  (0.059994,  0.863174)
(0.096023,  0.095588,  -0.092117),  (0.061542,  0.885319)
(0.096023,  0.095588,  -0.092117),  (0.061542,  0.885319)
(0.103127,  0.063159,  -0.100748),  (0.074939,  0.883682)
(0.174229,  0.063159,  -0.068512),  (0.073153,  0.858139)
(0.157665,  0.095588,  -0.064170),  (0.080718,  0.925125)
(0.111917,  0.095588,  -0.051379),  (0.076201,  0.939882)
(0.076165,  0.095588,  -0.064188),  (0.080724,  0.951415)
(0.076165,  0.095588,  -0.064188),  (0.080724,  0.951415)
(0.096023,  0.095588,  -0.092117),  (0.090587,  0.945009)
(0.157665,  0.095588,  -0.064170),  (0.080718,  0.925125)
(0.111917,  0.095588,  -0.051379),  (0.070307,  0.645558)
(0.121460,  0.063159,  -0.053758),  (0.083393,  0.648117)
(0.080222,  0.063159,  -0.068532),  (0.083393,  0.633828)
(0.080222,  0.063159,  -0.068532),  (0.083393,  0.633828)
(0.076165,  0.095588,  -0.064188),  (0.070307,  0.633170)
(0.111917,  0.095588,  -0.051379),  (0.070307,  0.645558)
(0.103127,  0.063159,  -0.100748),  (0.074939,  0.883682)
(0.096023,  0.095588,  -0.092117),  (0.061542,  0.885319)
(0.008950,  0.095588,  -0.101985),  (0.060807,  0.912144)
(0.008950,  0.095588,  -0.101985),  (0.060807,  0.912144)
(0.002692,  0.063159,  -0.112130),  (0.074091,  0.914625)
(0.103127,  0.063159,  -0.100748),  (0.074939,  0.883682)
(0.096023,  0.095588,  -0.092117),  (0.090587,  0.945009)
(0.076165,  0.095588,  -0.064188),  (0.080724,  0.951415)
(0.026078,  0.095588,  -0.070544),  (0.082969,  0.967572)
(0.026078,  0.095588,  -0.070544),  (0.082969,  0.967572)
(0.008950,  0.095588,  -0.101985),  (0.094071,  0.973097)
(0.096023,  0.095588,  -0.092117),  (0.090587,  0.945009)
(0.076165,  0.095588,  -0.064188),  (0.070307,  0.633170)
(0.080222,  0.063159,  -0.068532),  (0.083393,  0.633828)
(0.022448,  0.063159,  -0.075863),  (0.082753,  0.615533)
(0.022448,  0.063159,  -0.075863),  (0.082753,  0.615533)
(0.026078,  0.095588,  -0.070544),  (0.069752,  0.617308)
(0.076165,  0.095588,  -0.064188),  (0.070307,  0.633170)
(0.002692,  0.063159,  -0.112130),  (0.124337,  0.235978)
(0.008950,  0.095588,  -0.101985),  (0.110757,  0.235648)
(-0.057372,  0.095588,  -0.073999),  (0.110757,  0.259214)
(-0.057372,  0.095588,  -0.073999),  (0.110757,  0.259214)
(-0.073808,  0.063159,  -0.079849),  (0.124337,  0.263161)
(0.002692,  0.063159,  -0.112130),  (0.124337,  0.235978)
(0.008950,  0.095588,  -0.101985),  (0.094071,  0.973097)
(0.026078,  0.095588,  -0.070544),  (0.082969,  0.967572)
(-0.012291,  0.095588,  -0.057187),  (0.078252,  0.979950)
(-0.012291,  0.095588,  -0.057187),  (0.078252,  0.979950)
(-0.057372,  0.095588,  -0.073999),  (0.084189,  0.994492)
(0.008950,  0.095588,  -0.101985),  (0.094071,  0.973097)
(0.026078,  0.095588,  -0.070544),  (0.069752,  0.617308)
(0.022448,  0.063159,  -0.075863),  (0.082753,  0.615533)
(-0.021810,  0.063159,  -0.060456),  (0.081256,  0.604228)
(-0.021810,  0.063159,  -0.060456),  (0.081256,  0.604228)
(-0.012291,  0.095588,  -0.057187),  (0.068454,  0.607508)
(0.026078,  0.095588,  -0.070544),  (0.069752,  0.617308)
(-0.073808,  0.063159,  -0.079849),  (0.133225,  0.161095)
(-0.057372,  0.095588,  -0.073999),  (0.119218,  0.163040)
(-0.058948,  0.095588,  -0.010376),  (0.119218,  0.185512)
(-0.058948,  0.095588,  -0.010376),  (0.119218,  0.185512)
(-0.075626,  0.063159,  -0.006462),  (0.133225,  0.187016)
(-0.073808,  0.063159,  -0.079849),  (0.133225,  0.161095)
(-0.057372,  0.095588,  -0.073999),  (0.084189,  0.994492)
(-0.012291,  0.095588,  -0.057187),  (0.078252,  0.979950)
(-0.012962,  0.095588,  -0.022280),  (0.065926,  0.980166)
(-0.012962,  0.095588,  -0.022280),  (0.065926,  0.980166)
(-0.058948,  0.095588,  -0.010376),  (0.061722,  0.995000)
(-0.057372,  0.095588,  -0.073999),  (0.084189,  0.994492)
(-0.012291,  0.095588,  -0.057187),  (0.293760,  0.237160)
(-0.021810,  0.063159,  -0.060456),  (0.292659,  0.250470)
(-0.022583,  0.063159,  -0.020193),  (0.306879,  0.250470)
(-0.022583,  0.063159,  -0.020193),  (0.306879,  0.250470)
(-0.012962,  0.095588,  -0.022280),  (0.306088,  0.237160)
(-0.012291,  0.095588,  -0.057187),  (0.293760,  0.237160)
(-0.075626,  0.063159,  -0.006462),  (0.128581,  0.197783)
(-0.058948,  0.095588,  -0.010376),  (0.114987,  0.201480)
(0.001825,  0.095588,  0.026874),  (0.114987,  0.225088)
(0.001825,  0.095588,  0.026874),  (0.114987,  0.225088)
(-0.005527,  0.063159,  0.036504),  (0.128581,  0.225014)
(-0.075626,  0.063159,  -0.006462),  (0.128581,  0.197783)
(-0.058948,  0.095588,  -0.010376),  (0.061722,  0.995000)
(-0.012962,  0.095588,  -0.022280),  (0.065926,  0.980166)
(0.022198,  0.095588,  -0.003131),  (0.059164,  0.968824)
(0.022198,  0.095588,  -0.003131),  (0.059164,  0.968824)
(0.001825,  0.095588,  0.026874),  (0.048569,  0.975396)
(-0.058948,  0.095588,  -0.010376),  (0.061722,  0.995000)
(-0.012962,  0.095588,  -0.022280),  (0.026151,  0.657704)
(-0.022583,  0.063159,  -0.020193),  (0.039098,  0.660808)
(0.017972,  0.063159,  0.001895),  (0.039098,  0.647725)
(0.017972,  0.063159,  0.001895),  (0.039098,  0.647725)
(0.022198,  0.095588,  -0.003131),  (0.026151,  0.646362)
(-0.012962,  0.095588,  -0.022280),  (0.026151,  0.657704)
(-0.005527,  0.063159,  0.036504),  (0.973950,  0.933981)
(0.001825,  0.095588,  0.026874),  (0.961044,  0.937670)
(0.091695,  0.095588,  0.030458),  (0.965536,  0.962679)
(0.091695,  0.095588,  0.030458),  (0.965536,  0.962679)
(0.098135,  0.063159,  0.040639),  (0.979131,  0.962827)
(-0.005527,  0.063159,  0.036504),  (0.973950,  0.933981)
(0.001825,  0.095588,  0.026874),  (0.048569,  0.975396)
(0.022198,  0.095588,  -0.003131),  (0.059164,  0.968824)
(0.074191,  0.095588,  -0.001057),  (0.058432,  0.952052)
(0.074191,  0.095588,  -0.001057),  (0.058432,  0.952052)
(0.091695,  0.095588,  0.030458),  (0.047303,  0.946406)
(0.001825,  0.095588,  0.026874),  (0.048569,  0.975396)
(0.022198,  0.095588,  -0.003131),  (0.026151,  0.646362)
(0.017972,  0.063159,  0.001895),  (0.039098,  0.647725)
(0.077944,  0.063159,  0.004287),  (0.039098,  0.628380)
(0.077944,  0.063159,  0.004287),  (0.039098,  0.628380)
(0.074191,  0.095588,  -0.001057),  (0.026151,  0.629590)
(0.022198,  0.095588,  -0.003131),  (0.026151,  0.646362)
(-0.063327,  0.055417,  -0.155811),  (0.005000,  0.927315)
(-0.078989,  0.055417,  -0.126103),  (0.016644,  0.927315)
(-0.091982,  0.112919,  -0.142284),  (0.013314,  0.903522)
(-0.091982,  0.112919,  -0.142284),  (0.013314,  0.903522)
(-0.083081,  0.112919,  -0.159167),  (0.006697,  0.903522)
(-0.063327,  0.055417,  -0.155811),  (0.005000,  0.927315)
(-0.078989,  0.055417,  -0.126103),  (0.084328,  0.670790)
(-0.114179,  0.055417,  -0.118766),  (0.072685,  0.670790)
(-0.111981,  0.112919,  -0.138114),  (0.074896,  0.694650)
(-0.111981,  0.112919,  -0.138114),  (0.074896,  0.694650)
(-0.091982,  0.112919,  -0.142284),  (0.081513,  0.694650)
(-0.078989,  0.055417,  -0.126103),  (0.084328,  0.670790)
(-0.114179,  0.055417,  -0.118766),  (0.126631,  0.603291)
(-0.142399,  0.055417,  -0.139325),  (0.114987,  0.603291)
(-0.128019,  0.112919,  -0.149798),  (0.116308,  0.626965)
(-0.128019,  0.112919,  -0.149798),  (0.116308,  0.626965)
(-0.111981,  0.112919,  -0.138114),  (0.122926,  0.626965)
(-0.114179,  0.055417,  -0.118766),  (0.126631,  0.603291)
(-0.142399,  0.055417,  -0.139325),  (0.119218,  0.148943)
(-0.142399,  0.055417,  -0.172298),  (0.130861,  0.148943)
(-0.128019,  0.112919,  -0.168537),  (0.129533,  0.125523)
(-0.128019,  0.112919,  -0.168537),  (0.129533,  0.125523)
(-0.128019,  0.112919,  -0.149798),  (0.122916,  0.125523)
(-0.142399,  0.055417,  -0.139325),  (0.119218,  0.148943)
(-0.142399,  0.055417,  -0.172298),  (0.174211,  0.770795)
(-0.114179,  0.055417,  -0.192857),  (0.185855,  0.770795)
(-0.111981,  0.112919,  -0.180221),  (0.183627,  0.747504)
(-0.111981,  0.112919,  -0.180221),  (0.183627,  0.747504)
(-0.128019,  0.112919,  -0.168537),  (0.177010,  0.747504)
(-0.142399,  0.055417,  -0.172298),  (0.174211,  0.770795)
(-0.114179,  0.055417,  -0.192857),  (0.123448,  0.115101)
(-0.078989,  0.055417,  -0.185520),  (0.135092,  0.115101)
(-0.091982,  0.112919,  -0.176051),  (0.131749,  0.091765)
(-0.091982,  0.112919,  -0.176051),  (0.131749,  0.091765)
(-0.111981,  0.112919,  -0.180221),  (0.125132,  0.091765)
(-0.114179,  0.055417,  -0.192857),  (0.123448,  0.115101)
(-0.078989,  0.055417,  -0.185520),  (0.114987,  0.593123)
(-0.063327,  0.055417,  -0.155811),  (0.126631,  0.593123)
(-0.083081,  0.112919,  -0.159167),  (0.122798,  0.569579)
(-0.083081,  0.112919,  -0.159167),  (0.122798,  0.569579)
(-0.091982,  0.112919,  -0.176051),  (0.116181,  0.569579)
(-0.078989,  0.055417,  -0.185520),  (0.114987,  0.593123)
(-0.111981,  0.112919,  -0.180221),  (0.221688,  0.863861)
(-0.091982,  0.112919,  -0.176051),  (0.228139,  0.862389)
(-0.083081,  0.112919,  -0.159167),  (0.231010,  0.856427)
(-0.083081,  0.112919,  -0.159167),  (0.231010,  0.856427)
(-0.091982,  0.112919,  -0.142284),  (0.228139,  0.850465)
(-0.111981,  0.112919,  -0.138114),  (0.221688,  0.848993)
(-0.111981,  0.112919,  -0.180221),  (0.221688,  0.863861)
(-0.083081,  0.112919,  -0.159167),  (0.231010,  0.856427)
(-0.111981,  0.112919,  -0.138114),  (0.221688,  0.848993)
(-0.111981,  0.112919,  -0.138114),  (0.221688,  0.848993)
(-0.128019,  0.112919,  -0.149798),  (0.216514,  0.853118)
(-0.128019,  0.112919,  -0.168537),  (0.216514,  0.859735)
(-0.111981,  0.112919,  -0.180221),  (0.221688,  0.863861)
(-0.111981,  0.112919,  -0.138114),  (0.221688,  0.848993)
(-0.128019,  0.112919,  -0.168537),  (0.216514,  0.859735)
