(0.224523,  0.104922,  0.195223),  (0.299526,  0.311140)
(0.161565,  0.101867,  0.055715),  (0.355831,  0.296056)
(0.224725,  0.123905,  0.188900),  (0.298363,  0.301119)
(0.161565,  0.101867,  0.055715),  (0.355831,  0.296056)
(0.224523,  0.104922,  0.195223),  (0.299526,  0.311140)
(0.163477,  0.083281,  0.053762),  (0.358529,  0.305247)
(0.053719,  0.042661,  -0.577776),  (0.039517,  0.191386)
(0.046026,  0.044545,  -0.573009),  (0.038023,  0.194368)
(0.056146,  0.050902,  -0.570129),  (0.043174,  0.194002)
(0.068764,  -0.001133,  -0.573761),  (0.035214,  0.170694)
(0.250531,  0.045917,  -0.288541),  (0.153152,  0.150436)
(0.052935,  -0.002151,  -0.562513),  (0.033647,  0.163841)
(0.250531,  0.045917,  -0.288541),  (0.153152,  0.150436)
(0.068764,  -0.001133,  -0.573761),  (0.035214,  0.170694)
(0.264183,  0.045786,  -0.298125),  (0.152822,  0.156148)
(0.297040,  0.197276,  0.113018),  (0.290766,  0.247964)
(0.174377,  0.151586,  -0.117332),  (0.200079,  0.243437)
(0.152681,  0.146868,  -0.050171),  (0.213491,  0.264226)
(0.248507,  0.181601,  0.141352),  (0.288915,  0.268329)
(0.297040,  0.197276,  0.113018),  (0.290766,  0.247964)
(0.152681,  0.146868,  -0.050171),  (0.213491,  0.264226)
(0.297040,  0.197276,  0.113018),  (0.290766,  0.247964)
(0.248507,  0.181601,  0.141352),  (0.288915,  0.268329)
(0.259233,  0.185203,  0.144102),  (0.291722,  0.265195)
(0.224523,  0.104922,  0.195223),  (0.292335,  0.319368)
(0.149769,  0.083413,  0.063386),  (0.239098,  0.311909)
(0.163477,  0.083281,  0.053762),  (0.237835,  0.317947)
(0.149769,  0.083413,  0.063386),  (0.239098,  0.311909)
(0.224523,  0.104922,  0.195223),  (0.292335,  0.319368)
(0.210568,  0.105056,  0.205020),  (0.293261,  0.312880)
(0.367924,  0.183541,  0.067533),  (0.297049,  0.216295)
(0.213720,  0.132121,  -0.181025),  (0.411047,  0.221037)
(0.413407,  0.167720,  0.041215),  (0.297322,  0.194262)
(0.237570,  0.116475,  -0.222343),  (0.420092,  0.204355)
(0.413407,  0.167720,  0.041215),  (0.297322,  0.194262)
(0.213720,  0.132121,  -0.181025),  (0.411047,  0.221037)
(0.463670,  0.102632,  0.027325),  (0.299780,  0.153741)
(0.275826,  0.073215,  -0.240576),  (0.423195,  0.177049)
(0.279361,  0.055612,  -0.237353),  (0.423996,  0.168349)
(0.275826,  0.073215,  -0.240576),  (0.423195,  0.177049)
(0.463670,  0.102632,  0.027325),  (0.299780,  0.153741)
(0.458821,  0.121662,  0.024548),  (0.298414,  0.163718)
(0.174377,  0.151586,  -0.117332),  (0.200079,  0.243437)
(0.367565,  0.196601,  0.063505),  (0.290678,  0.216869)
(0.207545,  0.143475,  -0.193246),  (0.185287,  0.218066)
(0.367565,  0.196601,  0.063505),  (0.290678,  0.216869)
(0.174377,  0.151586,  -0.117332),  (0.200079,  0.243437)
(0.297040,  0.197276,  0.113018),  (0.290766,  0.247964)
(-0.040834,  0.071424,  -0.521482),  (0.039449,  0.234729)
(0.164004,  0.129020,  -0.263105),  (0.155199,  0.218205)
(-0.010362,  0.071132,  -0.542875),  (0.039470,  0.221621)
(0.164004,  0.129020,  -0.263105),  (0.155199,  0.218205)
(-0.040834,  0.071424,  -0.521482),  (0.039449,  0.234729)
(0.123197,  0.132522,  -0.213446),  (0.160785,  0.240498)
(0.367924,  0.183541,  0.067533),  (0.297049,  0.216295)
(0.413407,  0.167720,  0.041215),  (0.297322,  0.194262)
(0.416046,  0.181522,  0.034803),  (0.290504,  0.195998)
(0.416046,  0.181522,  0.034803),  (0.290504,  0.195998)
(0.367565,  0.196601,  0.063505),  (0.290678,  0.216869)
(0.367924,  0.183541,  0.067533),  (0.297049,  0.216295)
(-0.010204,  0.055622,  -0.538020),  (0.031689,  0.221432)
(0.021927,  0.064822,  -0.563052),  (0.040298,  0.207829)
(0.015900,  0.051872,  -0.554598),  (0.032549,  0.208321)
(0.021927,  0.064822,  -0.563052),  (0.040298,  0.207829)
(-0.010204,  0.055622,  -0.538020),  (0.031689,  0.221432)
(-0.010362,  0.071132,  -0.542875),  (0.039470,  0.221621)
(0.068764,  -0.001133,  -0.573761),  (0.035214,  0.170694)
(0.050999,  0.013692,  -0.566306),  (0.030347,  0.180438)
(0.063741,  0.018980,  -0.577013),  (0.037279,  0.180441)
(0.050999,  0.013692,  -0.566306),  (0.030347,  0.180438)
(0.068764,  -0.001133,  -0.573761),  (0.035214,  0.170694)
(0.052935,  -0.002151,  -0.562513),  (0.027725,  0.172554)
(0.247398,  0.178952,  0.154623),  (0.291539,  0.272081)
(0.255455,  0.176572,  0.149688),  (0.293988,  0.269427)
(0.248507,  0.181601,  0.141352),  (0.288915,  0.268329)
(0.477624,  0.102498,  0.017528),  (0.293547,  0.151837)
(0.458821,  0.121662,  0.024548),  (0.298414,  0.163718)
(0.463670,  0.102632,  0.027325),  (0.299780,  0.153741)
(0.458821,  0.121662,  0.024548),  (0.298414,  0.163718)
(0.477624,  0.102498,  0.017528),  (0.293547,  0.151837)
(0.472114,  0.126943,  0.013454),  (0.291673,  0.163621)
(0.210108,  0.129453,  0.197401),  (0.291495,  0.301095)
(0.210568,  0.105056,  0.205020),  (0.293261,  0.312880)
(0.224725,  0.123905,  0.188900),  (0.298363,  0.301119)
(0.224725,  0.123905,  0.188900),  (0.298363,  0.301119)
(0.210568,  0.105056,  0.205020),  (0.293261,  0.312880)
(0.224523,  0.104922,  0.195223),  (0.299526,  0.311140)
(0.106562,  0.113903,  -0.158349),  (0.428473,  0.261954)
(-0.083380,  0.039815,  -0.480442),  (0.569572,  0.264399)
(-0.062603,  0.053779,  -0.499933),  (0.569294,  0.251732)
(0.106590,  0.102200,  -0.095462),  (0.411531,  0.277746)
(-0.083380,  0.039815,  -0.480442),  (0.569572,  0.264399)
(0.106562,  0.113903,  -0.158349),  (0.428473,  0.261954)
(-0.062603,  0.053779,  -0.499933),  (0.033329,  0.247839)
(-0.094494,  0.048950,  -0.475154),  (0.040086,  0.261658)
(-0.071214,  0.065714,  -0.497660),  (0.040101,  0.248352)
(-0.094494,  0.048950,  -0.475154),  (0.040086,  0.261658)
(-0.062603,  0.053779,  -0.499933),  (0.033329,  0.247839)
(-0.083380,  0.039815,  -0.480442),  (0.033292,  0.261788)
(0.237292,  0.146363,  0.172619),  (0.298986,  0.287120)
(0.163942,  0.121579,  0.022171),  (0.362830,  0.281847)
(0.258677,  0.169202,  0.149846),  (0.298039,  0.270531)
(0.170360,  0.137096,  -0.029090),  (0.374736,  0.265583)
(0.258677,  0.169202,  0.149846),  (0.298039,  0.270531)
(0.163942,  0.121579,  0.022171),  (0.362830,  0.281847)
(0.264183,  0.045786,  -0.298125),  (0.152822,  0.156148)
(0.068764,  -0.001133,  -0.573761),  (0.035214,  0.170694)
(0.246984,  0.067425,  -0.312062),  (0.150158,  0.168220)
(0.246984,  0.067425,  -0.312062),  (0.150158,  0.168220)
(0.068764,  -0.001133,  -0.573761),  (0.035214,  0.170694)
(0.063741,  0.018980,  -0.577013),  (0.037279,  0.180441)
(0.038361,  0.056340,  -0.570954),  (0.040183,  0.200416)
(0.046026,  0.044545,  -0.573009),  (0.038023,  0.194368)
(0.039176,  0.037499,  -0.565899),  (0.032350,  0.194313)
(0.015900,  0.051872,  -0.554598),  (0.032549,  0.208321)
(0.021927,  0.064822,  -0.563052),  (0.040298,  0.207829)
(0.038361,  0.056340,  -0.570954),  (0.040183,  0.200416)
(0.038361,  0.056340,  -0.570954),  (0.040183,  0.200416)
(0.039176,  0.037499,  -0.565899),  (0.032350,  0.194313)
(0.015900,  0.051872,  -0.554598),  (0.032549,  0.208321)
(0.056146,  0.050902,  -0.570129),  (0.043174,  0.194002)
(0.198767,  0.117185,  -0.294797),  (0.152132,  0.200381)
(0.231242,  0.097535,  -0.310933),  (0.151770,  0.183866)
(0.198767,  0.117185,  -0.294797),  (0.152132,  0.200381)
(0.056146,  0.050902,  -0.570129),  (0.043174,  0.194002)
(0.021927,  0.064822,  -0.563052),  (0.040298,  0.207829)
(0.021927,  0.064822,  -0.563052),  (0.040298,  0.207829)
(0.056146,  0.050902,  -0.570129),  (0.043174,  0.194002)
(0.038361,  0.056340,  -0.570954),  (0.040183,  0.200416)
(-0.098818,  -0.000698,  -0.455971),  (0.034042,  0.285718)
(-0.087350,  0.015018,  -0.469175),  (0.030086,  0.275711)
(-0.085414,  -0.000826,  -0.465382),  (0.027685,  0.283840)
(-0.087350,  0.015018,  -0.469175),  (0.030086,  0.275711)
(-0.098818,  -0.000698,  -0.455971),  (0.034042,  0.285718)
(-0.101416,  0.020562,  -0.461061),  (0.036956,  0.275573)
(-0.062603,  0.053779,  -0.499933),  (0.033329,  0.247839)
(-0.040834,  0.071424,  -0.521482),  (0.039449,  0.234729)
(-0.034067,  0.055922,  -0.520598),  (0.031328,  0.233447)
(-0.040834,  0.071424,  -0.521482),  (0.039449,  0.234729)
(-0.062603,  0.053779,  -0.499933),  (0.033329,  0.247839)
(-0.071214,  0.065714,  -0.497660),  (0.040101,  0.248352)
(-0.010362,  0.071132,  -0.542875),  (0.039470,  0.221621)
(0.164004,  0.129020,  -0.263105),  (0.155199,  0.218205)
(0.021927,  0.064822,  -0.563052),  (0.040298,  0.207829)
(0.198767,  0.117185,  -0.294797),  (0.152132,  0.200381)
(0.021927,  0.064822,  -0.563052),  (0.040298,  0.207829)
(0.164004,  0.129020,  -0.263105),  (0.155199,  0.218205)
(0.260515,  0.096445,  -0.237444),  (0.422309,  0.190043)
(0.458821,  0.121662,  0.024548),  (0.298414,  0.163718)
(0.440641,  0.144415,  0.029854),  (0.298539,  0.177551)
(0.458821,  0.121662,  0.024548),  (0.298414,  0.163718)
(0.260515,  0.096445,  -0.237444),  (0.422309,  0.190043)
(0.275826,  0.073215,  -0.240576),  (0.423195,  0.177049)
(0.452931,  0.156578,  0.017236),  (0.290243,  0.178114)
(0.413407,  0.167720,  0.041215),  (0.297322,  0.194262)
(0.440641,  0.144415,  0.029854),  (0.298539,  0.177551)
(0.413407,  0.167720,  0.041215),  (0.297322,  0.194262)
(0.452931,  0.156578,  0.017236),  (0.290243,  0.178114)
(0.416046,  0.181522,  0.034803),  (0.290504,  0.195998)
(0.472114,  0.126943,  0.013454),  (0.291673,  0.163621)
(0.440641,  0.144415,  0.029854),  (0.298539,  0.177551)
(0.458821,  0.121662,  0.024548),  (0.298414,  0.163718)
(0.440641,  0.144415,  0.029854),  (0.298539,  0.177551)
(0.472114,  0.126943,  0.013454),  (0.291673,  0.163621)
(0.452931,  0.156578,  0.017236),  (0.290243,  0.178114)
(0.039176,  0.037499,  -0.565899),  (0.569514,  0.203106)
(0.233994,  0.062140,  -0.301182),  (0.450571,  0.179784)
(0.219302,  0.085469,  -0.298601),  (0.449779,  0.192620)
(0.233994,  0.062140,  -0.301182),  (0.450571,  0.179784)
(0.039176,  0.037499,  -0.565899),  (0.569514,  0.203106)
(0.050999,  0.013692,  -0.566306),  (0.570307,  0.190567)
(0.160262,  0.114295,  -0.267193),  (0.449172,  0.222509)
(0.015900,  0.051872,  -0.554598),  (0.569272,  0.215284)
(0.194264,  0.103854,  -0.287253),  (0.449321,  0.206555)
(0.015900,  0.051872,  -0.554598),  (0.569272,  0.215284)
(0.160262,  0.114295,  -0.267193),  (0.449172,  0.222509)
(-0.010204,  0.055622,  -0.538020),  (0.569366,  0.227189)
(0.272521,  0.108529,  -0.249827),  (0.179502,  0.181774)
(0.416046,  0.181522,  0.034803),  (0.290504,  0.195998)
(0.452931,  0.156578,  0.017236),  (0.290243,  0.178114)
(0.416046,  0.181522,  0.034803),  (0.290504,  0.195998)
(0.272521,  0.108529,  -0.249827),  (0.179502,  0.181774)
(0.239206,  0.129159,  -0.233452),  (0.179248,  0.199190)
(-0.101416,  0.020562,  -0.461061),  (0.036956,  0.275573)
(-0.094494,  0.048950,  -0.475154),  (0.040086,  0.261658)
(-0.083380,  0.039815,  -0.480442),  (0.033292,  0.261788)
(-0.101416,  0.020562,  -0.461061),  (0.036956,  0.275573)
(-0.083380,  0.039815,  -0.480442),  (0.033292,  0.261788)
(-0.087350,  0.015018,  -0.469175),  (0.030086,  0.275711)
(-0.094494,  0.048950,  -0.475154),  (0.040086,  0.261658)
(0.096520,  0.126511,  -0.162418),  (0.168466,  0.259436)
(-0.071214,  0.065714,  -0.497660),  (0.040101,  0.248352)
(0.096520,  0.126511,  -0.162418),  (0.168466,  0.259436)
(-0.094494,  0.048950,  -0.475154),  (0.040086,  0.261658)
(0.090356,  0.114133,  -0.091415),  (0.185242,  0.278673)
(0.367565,  0.196601,  0.063505),  (0.290678,  0.216869)
(0.299900,  0.184193,  0.115290),  (0.297591,  0.248465)
(0.367924,  0.183541,  0.067533),  (0.297049,  0.216295)
(0.299900,  0.184193,  0.115290),  (0.297591,  0.248465)
(0.367565,  0.196601,  0.063505),  (0.290678,  0.216869)
(0.297040,  0.197276,  0.113018),  (0.290766,  0.247964)
(-0.101416,  0.020562,  -0.461061),  (0.036956,  0.275573)
(0.090356,  0.114133,  -0.091415),  (0.185242,  0.278673)
(-0.094494,  0.048950,  -0.475154),  (0.040086,  0.261658)
(0.090356,  0.114133,  -0.091415),  (0.185242,  0.278673)
(-0.101416,  0.020562,  -0.461061),  (0.036956,  0.275573)
(0.107235,  0.093495,  -0.020039),  (0.205764,  0.297057)
(0.258677,  0.169202,  0.149846),  (0.298039,  0.270531)
(0.299900,  0.184193,  0.115290),  (0.297591,  0.248465)
(0.259233,  0.185203,  0.144102),  (0.291722,  0.265195)
(0.258677,  0.169202,  0.149846),  (0.298039,  0.270531)
(0.259233,  0.185203,  0.144102),  (0.291722,  0.265195)
(0.255455,  0.176572,  0.149688),  (0.293988,  0.269427)
(0.297040,  0.197276,  0.113018),  (0.290766,  0.247964)
(0.259233,  0.185203,  0.144102),  (0.291722,  0.265195)
(0.299900,  0.184193,  0.115290),  (0.297591,  0.248465)
(0.237292,  0.146363,  0.172619),  (0.298986,  0.287120)
(0.210108,  0.129453,  0.197401),  (0.291495,  0.301095)
(0.224725,  0.123905,  0.188900),  (0.298363,  0.301119)
(0.210108,  0.129453,  0.197401),  (0.291495,  0.301095)
(0.237292,  0.146363,  0.172619),  (0.298986,  0.287120)
(0.222004,  0.158791,  0.179363),  (0.290049,  0.286353)
(-0.034067,  0.055922,  -0.520598),  (0.031328,  0.233447)
(-0.010362,  0.071132,  -0.542875),  (0.039470,  0.221621)
(-0.010204,  0.055622,  -0.538020),  (0.031689,  0.221432)
(-0.010362,  0.071132,  -0.542875),  (0.039470,  0.221621)
(-0.034067,  0.055922,  -0.520598),  (0.031328,  0.233447)
(-0.040834,  0.071424,  -0.521482),  (0.039449,  0.234729)
(0.117483,  0.116419,  -0.225596),  (0.445549,  0.244596)
(-0.034067,  0.055922,  -0.520598),  (0.569169,  0.238363)
(0.160262,  0.114295,  -0.267193),  (0.449172,  0.222509)
(-0.010204,  0.055622,  -0.538020),  (0.569366,  0.227189)
(0.160262,  0.114295,  -0.267193),  (0.449172,  0.222509)
(-0.034067,  0.055922,  -0.520598),  (0.569169,  0.238363)
(0.299900,  0.184193,  0.115290),  (0.297591,  0.248465)
(0.170360,  0.137096,  -0.029090),  (0.374736,  0.265583)
(0.183847,  0.141076,  -0.101580),  (0.392798,  0.246130)
(0.170360,  0.137096,  -0.029090),  (0.374736,  0.265583)
(0.299900,  0.184193,  0.115290),  (0.297591,  0.248465)
(0.258677,  0.169202,  0.149846),  (0.298039,  0.270531)
(0.247398,  0.178952,  0.154623),  (0.291539,  0.272081)
(0.258677,  0.169202,  0.149846),  (0.298039,  0.270531)
(0.255455,  0.176572,  0.149688),  (0.293988,  0.269427)
(0.258677,  0.169202,  0.149846),  (0.298039,  0.270531)
(0.222004,  0.158791,  0.179363),  (0.290049,  0.286353)
(0.237292,  0.146363,  0.172619),  (0.298986,  0.287120)
(0.222004,  0.158791,  0.179363),  (0.290049,  0.286353)
(0.258677,  0.169202,  0.149846),  (0.298039,  0.270531)
(0.247398,  0.178952,  0.154623),  (0.291539,  0.272081)
(0.144136,  0.106393,  0.057956),  (0.238034,  0.300440)
(0.222004,  0.158791,  0.179363),  (0.290049,  0.286353)
(0.139761,  0.130892,  0.010201),  (0.225761,  0.283001)
(0.222004,  0.158791,  0.179363),  (0.290049,  0.286353)
(0.144136,  0.106393,  0.057956),  (0.238034,  0.300440)
(0.210108,  0.129453,  0.197401),  (0.291495,  0.301095)
(0.413407,  0.167720,  0.041215),  (0.297322,  0.194262)
(0.237570,  0.116475,  -0.222343),  (0.420092,  0.204355)
(0.260515,  0.096445,  -0.237444),  (0.422309,  0.190043)
(0.260515,  0.096445,  -0.237444),  (0.422309,  0.190043)
(0.440641,  0.144415,  0.029854),  (0.298539,  0.177551)
(0.413407,  0.167720,  0.041215),  (0.297322,  0.194262)
(0.194264,  0.103854,  -0.287253),  (0.449321,  0.206555)
(0.015900,  0.051872,  -0.554598),  (0.569272,  0.215284)
(0.039176,  0.037499,  -0.565899),  (0.569514,  0.203106)
(0.039176,  0.037499,  -0.565899),  (0.569514,  0.203106)
(0.219302,  0.085469,  -0.298601),  (0.449779,  0.192620)
(0.194264,  0.103854,  -0.287253),  (0.449321,  0.206555)
(0.472114,  0.126943,  0.013454),  (0.291673,  0.163621)
(0.272521,  0.108529,  -0.249827),  (0.179502,  0.181774)
(0.452931,  0.156578,  0.017236),  (0.290243,  0.178114)
(0.272521,  0.108529,  -0.249827),  (0.179502,  0.181774)
(0.472114,  0.126943,  0.013454),  (0.291673,  0.163621)
(0.288872,  0.078499,  -0.251497),  (0.179241,  0.165373)
(0.207545,  0.143475,  -0.193246),  (0.185287,  0.218066)
(0.416046,  0.181522,  0.034803),  (0.290504,  0.195998)
(0.239206,  0.129159,  -0.233452),  (0.179248,  0.199190)
(0.416046,  0.181522,  0.034803),  (0.290504,  0.195998)
(0.207545,  0.143475,  -0.193246),  (0.185287,  0.218066)
(0.367565,  0.196601,  0.063505),  (0.290678,  0.216869)
(0.144136,  0.106393,  0.057956),  (0.238034,  0.300440)
(0.210568,  0.105056,  0.205020),  (0.293261,  0.312880)
(0.210108,  0.129453,  0.197401),  (0.291495,  0.301095)
(0.210568,  0.105056,  0.205020),  (0.293261,  0.312880)
(0.144136,  0.106393,  0.057956),  (0.238034,  0.300440)
(0.149769,  0.083413,  0.063386),  (0.239098,  0.311909)
(0.117483,  0.116419,  -0.225596),  (0.445549,  0.244596)
(-0.062603,  0.053779,  -0.499933),  (0.569294,  0.251732)
(-0.034067,  0.055922,  -0.520598),  (0.569169,  0.238363)
(-0.062603,  0.053779,  -0.499933),  (0.569294,  0.251732)
(0.117483,  0.116419,  -0.225596),  (0.445549,  0.244596)
(0.106562,  0.113903,  -0.158349),  (0.428473,  0.261954)
(0.123197,  0.132522,  -0.213446),  (0.160785,  0.240498)
(-0.040834,  0.071424,  -0.521482),  (0.039449,  0.234729)
(-0.071214,  0.065714,  -0.497660),  (0.040101,  0.248352)
(-0.071214,  0.065714,  -0.497660),  (0.040101,  0.248352)
(0.096520,  0.126511,  -0.162418),  (0.168466,  0.259436)
(0.123197,  0.132522,  -0.213446),  (0.160785,  0.240498)
(0.052935,  -0.002151,  -0.562513),  (0.571063,  0.182677)
(0.250531,  0.045917,  -0.288541),  (0.445813,  0.169758)
(0.233994,  0.062140,  -0.301182),  (0.450571,  0.179784)
(0.233994,  0.062140,  -0.301182),  (0.450571,  0.179784)
(0.050999,  0.013692,  -0.566306),  (0.570307,  0.190567)
(0.052935,  -0.002151,  -0.562513),  (0.571063,  0.182677)
(0.224725,  0.123905,  0.188900),  (0.298363,  0.301119)
(0.161565,  0.101867,  0.055715),  (0.355831,  0.296056)
(0.237292,  0.146363,  0.172619),  (0.298986,  0.287120)
(0.237292,  0.146363,  0.172619),  (0.298986,  0.287120)
(0.161565,  0.101867,  0.055715),  (0.355831,  0.296056)
(0.163942,  0.121579,  0.022171),  (0.362830,  0.281847)
(0.299900,  0.184193,  0.115290),  (0.297591,  0.248465)
(0.183847,  0.141076,  -0.101580),  (0.392798,  0.246130)
(0.367924,  0.183541,  0.067533),  (0.297049,  0.216295)
(0.213720,  0.132121,  -0.181025),  (0.411047,  0.221037)
(0.367924,  0.183541,  0.067533),  (0.297049,  0.216295)
(0.183847,  0.141076,  -0.101580),  (0.392798,  0.246130)
(0.132881,  0.072896,  -0.006232),  (0.384364,  0.302361)
(-0.085414,  -0.000826,  -0.465382),  (0.571063,  0.285226)
(0.115991,  0.085966,  -0.040387),  (0.395649,  0.292226)
(0.115991,  0.085966,  -0.040387),  (0.395649,  0.292226)
(-0.085414,  -0.000826,  -0.465382),  (0.571063,  0.285226)
(-0.087350,  0.015018,  -0.469175),  (0.570336,  0.277300)
(0.115991,  0.085966,  -0.040387),  (0.395649,  0.292226)
(-0.087350,  0.015018,  -0.469175),  (0.570336,  0.277300)
(0.106590,  0.102200,  -0.095462),  (0.411531,  0.277746)
(0.106590,  0.102200,  -0.095462),  (0.411531,  0.277746)
(-0.087350,  0.015018,  -0.469175),  (0.570336,  0.277300)
(-0.083380,  0.039815,  -0.480442),  (0.569572,  0.264399)
(0.132881,  0.072896,  -0.006232),  (0.210248,  0.315155)
(-0.098818,  -0.000698,  -0.455971),  (0.034042,  0.285718)
(-0.085414,  -0.000826,  -0.465382),  (0.032778,  0.291529)
(-0.098818,  -0.000698,  -0.455971),  (0.034042,  0.285718)
(0.132881,  0.072896,  -0.006232),  (0.210248,  0.315155)
(0.119230,  0.073027,  0.003353),  (0.211138,  0.309073)
(0.477624,  0.102498,  0.017528),  (0.293547,  0.151837)
(0.288872,  0.078499,  -0.251497),  (0.179241,  0.165373)
(0.472114,  0.126943,  0.013454),  (0.291673,  0.163621)
(0.288872,  0.078499,  -0.251497),  (0.179241,  0.165373)
(0.477624,  0.102498,  0.017528),  (0.293547,  0.151837)
(0.293069,  0.055481,  -0.246977),  (0.179583,  0.154501)
(0.246984,  0.067425,  -0.312062),  (0.150158,  0.168220)
(0.056146,  0.050902,  -0.570129),  (0.043174,  0.194002)
(0.231242,  0.097535,  -0.310933),  (0.151770,  0.183866)
(0.063741,  0.018980,  -0.577013),  (0.037279,  0.180441)
(0.056146,  0.050902,  -0.570129),  (0.043174,  0.194002)
(0.246984,  0.067425,  -0.312062),  (0.150158,  0.168220)
(0.056146,  0.050902,  -0.570129),  (0.043174,  0.194002)
(0.063741,  0.018980,  -0.577013),  (0.037279,  0.180441)
(0.053719,  0.042661,  -0.577776),  (0.039517,  0.191386)
(0.293069,  0.055481,  -0.246977),  (0.179583,  0.154501)
(0.463670,  0.102632,  0.027325),  (0.292805,  0.145394)
(0.279361,  0.055612,  -0.237353),  (0.178448,  0.148673)
(0.463670,  0.102632,  0.027325),  (0.292805,  0.145394)
(0.293069,  0.055481,  -0.246977),  (0.179583,  0.154501)
(0.477624,  0.102498,  0.017528),  (0.293547,  0.151837)
(0.190309,  0.124315,  -0.218760),  (0.427751,  0.221715)
(0.117483,  0.116419,  -0.225596),  (0.445549,  0.244596)
(0.160262,  0.114295,  -0.267193),  (0.449172,  0.222509)
(0.117483,  0.116419,  -0.225596),  (0.445549,  0.244596)
(0.190309,  0.124315,  -0.218760),  (0.427751,  0.221715)
(0.149072,  0.128155,  -0.166565),  (0.420476,  0.245351)
(0.213720,  0.132121,  -0.181025),  (0.411047,  0.221037)
(0.149072,  0.128155,  -0.166565),  (0.420476,  0.245351)
(0.190309,  0.124315,  -0.218760),  (0.427751,  0.221715)
(0.149072,  0.128155,  -0.166565),  (0.420476,  0.245351)
(0.213720,  0.132121,  -0.181025),  (0.411047,  0.221037)
(0.183847,  0.141076,  -0.101580),  (0.392798,  0.246130)
(0.133878,  0.123833,  -0.103006),  (0.405505,  0.263517)
(0.170360,  0.137096,  -0.029090),  (0.374736,  0.265583)
(0.137526,  0.112653,  -0.032011),  (0.385365,  0.279955)
(0.170360,  0.137096,  -0.029090),  (0.374736,  0.265583)
(0.163942,  0.121579,  0.022171),  (0.362830,  0.281847)
(0.137526,  0.112653,  -0.032011),  (0.385365,  0.279955)
(0.106590,  0.102200,  -0.095462),  (0.411531,  0.277746)
(0.106562,  0.113903,  -0.158349),  (0.428473,  0.261954)
(0.133878,  0.123833,  -0.103006),  (0.405505,  0.263517)
(0.133878,  0.123833,  -0.103006),  (0.405505,  0.263517)
(0.137526,  0.112653,  -0.032011),  (0.385365,  0.279955)
(0.106590,  0.102200,  -0.095462),  (0.411531,  0.277746)
(0.128832,  0.138223,  -0.097837),  (0.194398,  0.262262)
(0.174377,  0.151586,  -0.117332),  (0.200079,  0.243437)
(0.144752,  0.140551,  -0.172967),  (0.177321,  0.241718)
(0.174377,  0.151586,  -0.117332),  (0.200079,  0.243437)
(0.128832,  0.138223,  -0.097837),  (0.194398,  0.262262)
(0.152681,  0.146868,  -0.050171),  (0.213491,  0.264226)
(0.096520,  0.126511,  -0.162418),  (0.168466,  0.259436)
(0.144752,  0.140551,  -0.172967),  (0.177321,  0.241718)
(0.123197,  0.132522,  -0.213446),  (0.160785,  0.240498)
(0.144752,  0.140551,  -0.172967),  (0.177321,  0.241718)
(0.096520,  0.126511,  -0.162418),  (0.168466,  0.259436)
(0.128832,  0.138223,  -0.097837),  (0.194398,  0.262262)
(0.130187,  0.101517,  0.028474),  (0.225400,  0.299746)
(0.139761,  0.130892,  0.010201),  (0.225761,  0.283001)
(0.120735,  0.124438,  -0.028932),  (0.210175,  0.281540)
(0.139761,  0.130892,  0.010201),  (0.225761,  0.283001)
(0.130187,  0.101517,  0.028474),  (0.225400,  0.299746)
(0.144136,  0.106393,  0.057956),  (0.238034,  0.300440)
(0.107235,  0.093495,  -0.020039),  (0.205764,  0.297057)
(0.120735,  0.124438,  -0.028932),  (0.210175,  0.281540)
(0.090356,  0.114133,  -0.091415),  (0.185242,  0.278673)
(0.120735,  0.124438,  -0.028932),  (0.210175,  0.281540)
(0.107235,  0.093495,  -0.020039),  (0.205764,  0.297057)
(0.130187,  0.101517,  0.028474),  (0.225400,  0.299746)
(0.239909,  0.090957,  -0.268023),  (0.436055,  0.191338)
(0.237570,  0.116475,  -0.222343),  (0.420092,  0.204355)
(0.214654,  0.109796,  -0.256691),  (0.435568,  0.205512)
(0.237570,  0.116475,  -0.222343),  (0.420092,  0.204355)
(0.239909,  0.090957,  -0.268023),  (0.436055,  0.191338)
(0.260515,  0.096445,  -0.237444),  (0.422309,  0.190043)
(0.219302,  0.085469,  -0.298601),  (0.449779,  0.192620)
(0.214654,  0.109796,  -0.256691),  (0.435568,  0.205512)
(0.194264,  0.103854,  -0.287253),  (0.449321,  0.206555)
(0.214654,  0.109796,  -0.256691),  (0.435568,  0.205512)
(0.219302,  0.085469,  -0.298601),  (0.449779,  0.192620)
(0.239909,  0.090957,  -0.268023),  (0.436055,  0.191338)
(0.260515,  0.096445,  -0.237444),  (0.422309,  0.190043)
(0.239909,  0.090957,  -0.268023),  (0.436055,  0.191338)
(0.275826,  0.073215,  -0.240576),  (0.423195,  0.177049)
(0.275826,  0.073215,  -0.240576),  (0.423195,  0.177049)
(0.239909,  0.090957,  -0.268023),  (0.436055,  0.191338)
(0.254910,  0.067677,  -0.270879),  (0.436892,  0.178410)
(0.239909,  0.090957,  -0.268023),  (0.436055,  0.191338)
(0.219302,  0.085469,  -0.298601),  (0.449779,  0.192620)
(0.254910,  0.067677,  -0.270879),  (0.436892,  0.178410)
(0.254910,  0.067677,  -0.270879),  (0.436892,  0.178410)
(0.219302,  0.085469,  -0.298601),  (0.449779,  0.192620)
(0.233994,  0.062140,  -0.301182),  (0.450571,  0.179784)
(0.288872,  0.078499,  -0.251497),  (0.179241,  0.165373)
(0.251881,  0.103032,  -0.280380),  (0.165667,  0.182526)
(0.272521,  0.108529,  -0.249827),  (0.179502,  0.181774)
(0.251881,  0.103032,  -0.280380),  (0.165667,  0.182526)
(0.288872,  0.078499,  -0.251497),  (0.179241,  0.165373)
(0.267928,  0.072962,  -0.281779),  (0.164854,  0.165648)
(0.267928,  0.072962,  -0.281779),  (0.164854,  0.165648)
(0.231242,  0.097535,  -0.310933),  (0.151770,  0.183866)
(0.251881,  0.103032,  -0.280380),  (0.165667,  0.182526)
(0.231242,  0.097535,  -0.310933),  (0.151770,  0.183866)
(0.267928,  0.072962,  -0.281779),  (0.164854,  0.165648)
(0.246984,  0.067425,  -0.312062),  (0.150158,  0.168220)
(0.251881,  0.103032,  -0.280380),  (0.165667,  0.182526)
(0.239206,  0.129159,  -0.233452),  (0.179248,  0.199190)
(0.272521,  0.108529,  -0.249827),  (0.179502,  0.181774)
(0.239206,  0.129159,  -0.233452),  (0.179248,  0.199190)
(0.251881,  0.103032,  -0.280380),  (0.165667,  0.182526)
(0.218987,  0.123172,  -0.264125),  (0.165678,  0.199704)
(0.231242,  0.097535,  -0.310933),  (0.151770,  0.183866)
(0.218987,  0.123172,  -0.264125),  (0.165678,  0.199704)
(0.251881,  0.103032,  -0.280380),  (0.165667,  0.182526)
(0.218987,  0.123172,  -0.264125),  (0.165678,  0.199704)
(0.231242,  0.097535,  -0.310933),  (0.151770,  0.183866)
(0.198767,  0.117185,  -0.294797),  (0.152132,  0.200381)
(0.147258,  0.091955,  0.035709),  (0.228755,  0.313582)
(0.149769,  0.083413,  0.063386),  (0.239098,  0.311909)
(0.133578,  0.092086,  0.045313),  (0.230066,  0.306783)
(0.149769,  0.083413,  0.063386),  (0.239098,  0.311909)
(0.147258,  0.091955,  0.035709),  (0.228755,  0.313582)
(0.163477,  0.083281,  0.053762),  (0.237835,  0.317947)
(0.133578,  0.092086,  0.045313),  (0.230066,  0.306783)
(0.119230,  0.073027,  0.003353),  (0.211138,  0.309073)
(0.147258,  0.091955,  0.035709),  (0.228755,  0.313582)
(0.132881,  0.072896,  -0.006232),  (0.210248,  0.315155)
(0.147258,  0.091955,  0.035709),  (0.228755,  0.313582)
(0.119230,  0.073027,  0.003353),  (0.211138,  0.309073)
(0.117483,  0.116419,  -0.225596),  (0.445549,  0.244596)
(0.149072,  0.128155,  -0.166565),  (0.420476,  0.245351)
(0.106562,  0.113903,  -0.158349),  (0.428473,  0.261954)
(0.106562,  0.113903,  -0.158349),  (0.428473,  0.261954)
(0.149072,  0.128155,  -0.166565),  (0.420476,  0.245351)
(0.133878,  0.123833,  -0.103006),  (0.405505,  0.263517)
(0.149072,  0.128155,  -0.166565),  (0.420476,  0.245351)
(0.183847,  0.141076,  -0.101580),  (0.392798,  0.246130)
(0.133878,  0.123833,  -0.103006),  (0.405505,  0.263517)
(0.133878,  0.123833,  -0.103006),  (0.405505,  0.263517)
(0.183847,  0.141076,  -0.101580),  (0.392798,  0.246130)
(0.170360,  0.137096,  -0.029090),  (0.374736,  0.265583)
(0.120735,  0.124438,  -0.028932),  (0.210175,  0.281540)
(0.152681,  0.146868,  -0.050171),  (0.213491,  0.264226)
(0.128832,  0.138223,  -0.097837),  (0.194398,  0.262262)
(0.152681,  0.146868,  -0.050171),  (0.213491,  0.264226)
(0.120735,  0.124438,  -0.028932),  (0.210175,  0.281540)
(0.139761,  0.130892,  0.010201),  (0.225761,  0.283001)
(0.090356,  0.114133,  -0.091415),  (0.185242,  0.278673)
(0.128832,  0.138223,  -0.097837),  (0.194398,  0.262262)
(0.096520,  0.126511,  -0.162418),  (0.168466,  0.259436)
(0.128832,  0.138223,  -0.097837),  (0.194398,  0.262262)
(0.090356,  0.114133,  -0.091415),  (0.185242,  0.278673)
(0.120735,  0.124438,  -0.028932),  (0.210175,  0.281540)
(0.250531,  0.045917,  -0.288541),  (0.445813,  0.169758)
(0.258746,  0.062384,  -0.272087),  (0.437088,  0.175395)
(0.233994,  0.062140,  -0.301182),  (0.450571,  0.179784)
(0.254910,  0.067677,  -0.270879),  (0.436892,  0.178410)
(0.233994,  0.062140,  -0.301182),  (0.450571,  0.179784)
(0.258746,  0.062384,  -0.272087),  (0.437088,  0.175395)
(0.275826,  0.073215,  -0.240576),  (0.423195,  0.177049)
(0.254910,  0.067677,  -0.270879),  (0.436892,  0.178410)
(0.279361,  0.055612,  -0.237353),  (0.423996,  0.168349)
(0.279361,  0.055612,  -0.237353),  (0.423996,  0.168349)
(0.254910,  0.067677,  -0.270879),  (0.436892,  0.178410)
(0.258746,  0.062384,  -0.272087),  (0.437088,  0.175395)
(0.137526,  0.112653,  -0.032011),  (0.385365,  0.279955)
(0.163942,  0.121579,  0.022171),  (0.362830,  0.281847)
(0.143452,  0.095547,  0.017519),  (0.371828,  0.294572)
(0.163942,  0.121579,  0.022171),  (0.362830,  0.281847)
(0.161565,  0.101867,  0.055715),  (0.355831,  0.296056)
(0.143452,  0.095547,  0.017519),  (0.371828,  0.294572)
(0.106590,  0.102200,  -0.095462),  (0.411531,  0.277746)
(0.137526,  0.112653,  -0.032011),  (0.385365,  0.279955)
(0.115991,  0.085966,  -0.040387),  (0.395649,  0.292226)
(0.137526,  0.112653,  -0.032011),  (0.385365,  0.279955)
(0.143452,  0.095547,  0.017519),  (0.371828,  0.294572)
(0.115991,  0.085966,  -0.040387),  (0.395649,  0.292226)
(0.123197,  0.132522,  -0.213446),  (0.160785,  0.240498)
(0.186449,  0.136472,  -0.227093),  (0.170687,  0.218070)
(0.164004,  0.129020,  -0.263105),  (0.155199,  0.218205)
(0.186449,  0.136472,  -0.227093),  (0.170687,  0.218070)
(0.123197,  0.132522,  -0.213446),  (0.160785,  0.240498)
(0.144752,  0.140551,  -0.172967),  (0.177321,  0.241718)
(0.144752,  0.140551,  -0.172967),  (0.177321,  0.241718)
(0.207545,  0.143475,  -0.193246),  (0.185287,  0.218066)
(0.186449,  0.136472,  -0.227093),  (0.170687,  0.218070)
(0.207545,  0.143475,  -0.193246),  (0.185287,  0.218066)
(0.144752,  0.140551,  -0.172967),  (0.177321,  0.241718)
(0.174377,  0.151586,  -0.117332),  (0.200079,  0.243437)
(0.115991,  0.085966,  -0.040387),  (0.395649,  0.292226)
(0.143452,  0.095547,  0.017519),  (0.371828,  0.294572)
(0.132881,  0.072896,  -0.006232),  (0.384364,  0.302361)
(0.132881,  0.072896,  -0.006232),  (0.384364,  0.302361)
(0.143452,  0.095547,  0.017519),  (0.371828,  0.294572)
(0.147258,  0.091955,  0.035709),  (0.366129,  0.298577)
(0.143452,  0.095547,  0.017519),  (0.371828,  0.294572)
(0.161565,  0.101867,  0.055715),  (0.355831,  0.296056)
(0.147258,  0.091955,  0.035709),  (0.366129,  0.298577)
(0.161565,  0.101867,  0.055715),  (0.355831,  0.296056)
(0.163477,  0.083281,  0.053762),  (0.358529,  0.305247)
(0.147258,  0.091955,  0.035709),  (0.366129,  0.298577)
(0.214654,  0.109796,  -0.256691),  (0.435568,  0.205512)
(0.160262,  0.114295,  -0.267193),  (0.449172,  0.222509)
(0.194264,  0.103854,  -0.287253),  (0.449321,  0.206555)
(0.160262,  0.114295,  -0.267193),  (0.449172,  0.222509)
(0.214654,  0.109796,  -0.256691),  (0.435568,  0.205512)
(0.190309,  0.124315,  -0.218760),  (0.427751,  0.221715)
(0.237570,  0.116475,  -0.222343),  (0.420092,  0.204355)
(0.190309,  0.124315,  -0.218760),  (0.427751,  0.221715)
(0.214654,  0.109796,  -0.256691),  (0.435568,  0.205512)
(0.190309,  0.124315,  -0.218760),  (0.427751,  0.221715)
(0.237570,  0.116475,  -0.222343),  (0.420092,  0.204355)
(0.213720,  0.132121,  -0.181025),  (0.411047,  0.221037)
(0.144136,  0.106393,  0.057956),  (0.238034,  0.300440)
(0.133578,  0.092086,  0.045313),  (0.230066,  0.306783)
(0.149769,  0.083413,  0.063386),  (0.239098,  0.311909)
(0.133578,  0.092086,  0.045313),  (0.230066,  0.306783)
(0.144136,  0.106393,  0.057956),  (0.238034,  0.300440)
(0.130187,  0.101517,  0.028474),  (0.225400,  0.299746)
(0.119230,  0.073027,  0.003353),  (0.211138,  0.309073)
(0.130187,  0.101517,  0.028474),  (0.225400,  0.299746)
(0.107235,  0.093495,  -0.020039),  (0.205764,  0.297057)
(0.130187,  0.101517,  0.028474),  (0.225400,  0.299746)
(0.119230,  0.073027,  0.003353),  (0.211138,  0.309073)
(0.133578,  0.092086,  0.045313),  (0.230066,  0.306783)
(0.279361,  0.055612,  -0.237353),  (0.178448,  0.148673)
(0.272425,  0.062253,  -0.281691),  (0.163232,  0.159319)
(0.293069,  0.055481,  -0.246977),  (0.179583,  0.154501)
(0.272425,  0.062253,  -0.281691),  (0.163232,  0.159319)
(0.279361,  0.055612,  -0.237353),  (0.178448,  0.148673)
(0.258746,  0.062384,  -0.272087),  (0.163208,  0.151824)
(0.258746,  0.062384,  -0.272087),  (0.163208,  0.151824)
(0.264183,  0.045786,  -0.298125),  (0.152822,  0.156148)
(0.272425,  0.062253,  -0.281691),  (0.163232,  0.159319)
(0.264183,  0.045786,  -0.298125),  (0.152822,  0.156148)
(0.258746,  0.062384,  -0.272087),  (0.163208,  0.151824)
(0.250531,  0.045917,  -0.288541),  (0.153152,  0.150436)
(0.186449,  0.136472,  -0.227093),  (0.170687,  0.218070)
(0.239206,  0.129159,  -0.233452),  (0.179248,  0.199190)
(0.218987,  0.123172,  -0.264125),  (0.165678,  0.199704)
(0.239206,  0.129159,  -0.233452),  (0.179248,  0.199190)
(0.186449,  0.136472,  -0.227093),  (0.170687,  0.218070)
(0.207545,  0.143475,  -0.193246),  (0.185287,  0.218066)
(0.164004,  0.129020,  -0.263105),  (0.155199,  0.218205)
(0.218987,  0.123172,  -0.264125),  (0.165678,  0.199704)
(0.198767,  0.117185,  -0.294797),  (0.152132,  0.200381)
(0.218987,  0.123172,  -0.264125),  (0.165678,  0.199704)
(0.164004,  0.129020,  -0.263105),  (0.155199,  0.218205)
(0.186449,  0.136472,  -0.227093),  (0.170687,  0.218070)
(0.293069,  0.055481,  -0.246977),  (0.179583,  0.154501)
(0.272425,  0.062253,  -0.281691),  (0.163232,  0.159319)
(0.288872,  0.078499,  -0.251497),  (0.179241,  0.165373)
(0.288872,  0.078499,  -0.251497),  (0.179241,  0.165373)
(0.272425,  0.062253,  -0.281691),  (0.163232,  0.159319)
(0.267928,  0.072962,  -0.281779),  (0.164854,  0.165648)
(0.246984,  0.067425,  -0.312062),  (0.150158,  0.168220)
(0.272425,  0.062253,  -0.281691),  (0.163232,  0.159319)
(0.264183,  0.045786,  -0.298125),  (0.152822,  0.156148)
(0.272425,  0.062253,  -0.281691),  (0.163232,  0.159319)
(0.246984,  0.067425,  -0.312062),  (0.150158,  0.168220)
(0.267928,  0.072962,  -0.281779),  (0.164854,  0.165648)
(-0.098818,  -0.000698,  -0.455971),  (0.034042,  0.285718)
(0.107235,  0.093495,  -0.020039),  (0.205764,  0.297057)
(-0.101416,  0.020562,  -0.461061),  (0.036956,  0.275573)
(0.107235,  0.093495,  -0.020039),  (0.205764,  0.297057)
(-0.098818,  -0.000698,  -0.455971),  (0.034042,  0.285718)
(0.119230,  0.073027,  0.003353),  (0.211138,  0.309073)
(0.046026,  0.044545,  -0.573009),  (0.038023,  0.194368)
(0.038361,  0.056340,  -0.570954),  (0.040183,  0.200416)
(0.056146,  0.050902,  -0.570129),  (0.043174,  0.194002)
(0.050999,  0.013692,  -0.566306),  (0.030347,  0.180438)
(0.039176,  0.037499,  -0.565899),  (0.032350,  0.194313)
(0.063741,  0.018980,  -0.577013),  (0.037279,  0.180441)
(0.053719,  0.042661,  -0.577776),  (0.039517,  0.191386)
(0.039176,  0.037499,  -0.565899),  (0.032350,  0.194313)
(0.046026,  0.044545,  -0.573009),  (0.038023,  0.194368)
(0.039176,  0.037499,  -0.565899),  (0.032350,  0.194313)
(0.053719,  0.042661,  -0.577776),  (0.039517,  0.191386)
(0.063741,  0.018980,  -0.577013),  (0.037279,  0.180441)
(0.255455,  0.176572,  0.149688),  (0.293988,  0.269427)
(0.259233,  0.185203,  0.144102),  (0.291722,  0.265195)
(0.248507,  0.181601,  0.141352),  (0.288915,  0.268329)
(0.139761,  0.130892,  0.010201),  (0.225761,  0.283001)
(0.248507,  0.181601,  0.141352),  (0.288915,  0.268329)
(0.152681,  0.146868,  -0.050171),  (0.213491,  0.264226)
(0.248507,  0.181601,  0.141352),  (0.288915,  0.268329)
(0.222004,  0.158791,  0.179363),  (0.290049,  0.286353)
(0.247398,  0.178952,  0.154623),  (0.291539,  0.272081)
(0.222004,  0.158791,  0.179363),  (0.290049,  0.286353)
(0.248507,  0.181601,  0.141352),  (0.288915,  0.268329)
(0.139761,  0.130892,  0.010201),  (0.225761,  0.283001)
(0.084937,  -0.000300,  0.422224),  (0.358531,  0.996166)
(0.562607,  -0.000300,  -0.122272),  (0.640148,  0.968706)
(0.086091,  0.024234,  0.420327),  (0.360056,  0.983175)
(0.086091,  0.024234,  0.420327),  (0.360056,  0.983175)
(0.562607,  -0.000300,  -0.122272),  (0.640148,  0.968706)
(0.562607,  0.021371,  -0.122272),  (0.636952,  0.956774)
(0.011208,  0.097029,  0.322580),  (0.362723,  0.916221)
(0.536157,  0.069175,  -0.156832),  (0.633098,  0.925274)
(0.511358,  0.074682,  -0.189272),  (0.635022,  0.908718)
(0.536157,  0.069175,  -0.156832),  (0.633098,  0.925274)
(0.011208,  0.097029,  0.322580),  (0.362723,  0.916221)
(0.045066,  0.079797,  0.370622),  (0.360475,  0.941954)
(0.562607,  -0.000300,  -0.122272),  (0.640148,  0.968706)
(0.074134,  -0.000300,  0.408386),  (0.359788,  1.002869)
(0.552229,  -0.000300,  -0.135565),  (0.641355,  0.975143)
(0.074134,  -0.000300,  0.408386),  (0.359788,  1.002869)
(0.562607,  -0.000300,  -0.122272),  (0.640148,  0.968706)
(0.084937,  -0.000300,  0.422224),  (0.358531,  0.996166)
(-0.038165,  0.095061,  0.262792),  (0.359452,  0.886600)
(0.011208,  0.097029,  0.322580),  (0.362723,  0.916221)
(-0.037079,  0.094466,  0.247104),  (0.363229,  0.881723)
(-0.037079,  0.094466,  0.247104),  (0.363229,  0.881723)
(0.511358,  0.074682,  -0.189272),  (0.635022,  0.908718)
(0.487526,  0.074009,  -0.219884),  (0.635646,  0.894199)
(0.511358,  0.074682,  -0.189272),  (0.635022,  0.908718)
(-0.037079,  0.094466,  0.247104),  (0.363229,  0.881723)
(0.011208,  0.097029,  0.322580),  (0.362723,  0.916221)
(0.529182,  0.054546,  -0.165860),  (0.018405,  0.915291)
(0.007085,  0.077651,  0.325997),  (0.351101,  0.918236)
(0.511059,  0.060546,  -0.189683),  (0.018604,  0.901426)
(0.007085,  0.077651,  0.325997),  (0.351101,  0.918236)
(0.529182,  0.054546,  -0.165860),  (0.018405,  0.915291)
(0.041663,  0.065679,  0.366335),  (0.352081,  0.943701)
(-0.111006,  -0.000300,  0.171241),  (0.353747,  0.803313)
(0.445124,  -0.000300,  -0.272755),  (0.017822,  0.833598)
(-0.109051,  0.019074,  0.173745),  (0.353821,  0.815231)
(0.445124,  0.015850,  -0.272755),  (0.018705,  0.843431)
(-0.109051,  0.019074,  0.173745),  (0.353821,  0.815231)
(0.445124,  -0.000300,  -0.272755),  (0.017822,  0.833598)
(-0.038165,  0.095061,  0.262792),  (0.359452,  0.886600)
(-0.037079,  0.094466,  0.247104),  (0.363229,  0.881723)
(-0.043607,  0.086724,  0.256212),  (0.355755,  0.881783)
(-0.097176,  0.047082,  0.180568),  (0.354322,  0.833863)
(0.445124,  0.015850,  -0.272755),  (0.018705,  0.843431)
(0.452077,  0.040053,  -0.264076),  (0.019481,  0.857491)
(0.445124,  0.015850,  -0.272755),  (0.018705,  0.843431)
(-0.097176,  0.047082,  0.180568),  (0.354322,  0.833863)
(-0.109051,  0.019074,  0.173745),  (0.353821,  0.815231)
(0.007085,  0.077651,  0.325997),  (0.351101,  0.918236)
(0.041663,  0.065679,  0.366335),  (0.352081,  0.943701)
(0.045066,  0.079797,  0.370622),  (0.360475,  0.941954)
(0.045066,  0.079797,  0.370622),  (0.360475,  0.941954)
(0.011208,  0.097029,  0.322580),  (0.362723,  0.916221)
(0.007085,  0.077651,  0.325997),  (0.351101,  0.918236)
(0.511059,  0.060546,  -0.189683),  (0.643105,  0.909713)
(0.536157,  0.069175,  -0.156832),  (0.633098,  0.925274)
(0.529182,  0.054546,  -0.165860),  (0.643468,  0.924800)
(0.536157,  0.069175,  -0.156832),  (0.633098,  0.925274)
(0.511059,  0.060546,  -0.189683),  (0.643105,  0.909713)
(0.511358,  0.074682,  -0.189272),  (0.635022,  0.908718)
(0.562607,  -0.000300,  -0.122272),  (0.640148,  0.968706)
(0.552229,  0.015850,  -0.135564),  (0.644921,  0.957017)
(0.562607,  0.021371,  -0.122272),  (0.636952,  0.956774)
(0.552229,  0.015850,  -0.135564),  (0.644921,  0.957017)
(0.562607,  -0.000300,  -0.122272),  (0.640148,  0.968706)
(0.552229,  -0.000300,  -0.135565),  (0.647631,  0.966587)
(0.552229,  -0.000300,  -0.135565),  (0.015477,  0.952892)
(0.074134,  -0.000300,  0.408386),  (0.351304,  0.995217)
(0.075409,  0.019442,  0.405905),  (0.352314,  0.983422)
(0.075409,  0.019442,  0.405905),  (0.352314,  0.983422)
(0.552229,  0.015850,  -0.135564),  (0.016659,  0.943463)
(0.552229,  -0.000300,  -0.135565),  (0.015477,  0.952892)
(0.075409,  0.019442,  0.405905),  (0.352314,  0.983422)
(0.084937,  -0.000300,  0.422224),  (0.358531,  0.996166)
(0.086091,  0.024234,  0.420327),  (0.360056,  0.983175)
(0.084937,  -0.000300,  0.422224),  (0.358531,  0.996166)
(0.075409,  0.019442,  0.405905),  (0.352314,  0.983422)
(0.074134,  -0.000300,  0.408386),  (0.351304,  0.995217)
(-0.115307,  -0.000300,  0.152222),  (0.363390,  0.803396)
(0.436583,  0.020699,  -0.284095),  (0.638303,  0.848422)
(0.434747,  -0.000300,  -0.286047),  (0.640878,  0.837470)
(0.436583,  0.020699,  -0.284095),  (0.638303,  0.848422)
(-0.115307,  -0.000300,  0.152222),  (0.363390,  0.803396)
(-0.119854,  0.024594,  0.159907),  (0.361515,  0.816209)
(-0.119854,  0.024594,  0.159907),  (0.361515,  0.816209)
(-0.115307,  -0.000300,  0.152222),  (0.363390,  0.803396)
(-0.121311,  0.006045,  0.158041),  (0.360500,  0.807398)
(0.446224,  0.050059,  -0.272622),  (0.635379,  0.864912)
(-0.081463,  0.079797,  0.208552),  (0.361211,  0.857189)
(0.462963,  0.067819,  -0.250666),  (0.634812,  0.878861)
(-0.081463,  0.079797,  0.208552),  (0.361211,  0.857189)
(0.446224,  0.050059,  -0.272622),  (0.635379,  0.864912)
(-0.106289,  0.055729,  0.170534),  (0.362286,  0.834063)
(0.476516,  0.059189,  -0.233270),  (0.642238,  0.885650)
(0.487526,  0.074009,  -0.219884),  (0.635646,  0.894199)
(0.487532,  0.060546,  -0.219819),  (0.642832,  0.893315)
(0.476516,  0.059189,  -0.233270),  (0.642238,  0.885650)
(0.462963,  0.067819,  -0.250666),  (0.634812,  0.878861)
(0.487526,  0.074009,  -0.219884),  (0.635646,  0.894199)
(0.462963,  0.067819,  -0.250666),  (0.634812,  0.878861)
(0.476516,  0.059189,  -0.233270),  (0.642238,  0.885650)
(0.465905,  0.061202,  -0.246904),  (0.638685,  0.878987)
(0.476516,  0.059189,  -0.233270),  (0.642238,  0.885650)
(0.461270,  0.054701,  -0.236791),  (0.644812,  0.879055)
(0.465905,  0.061202,  -0.246904),  (0.638685,  0.878987)
(-0.111006,  -0.000300,  0.171241),  (0.353747,  0.803313)
(-0.109051,  0.019074,  0.173745),  (0.353821,  0.815231)
(-0.121311,  0.006045,  0.158041),  (0.360500,  0.807398)
(-0.111006,  -0.000300,  0.171241),  (0.353747,  0.803313)
(-0.121311,  0.006045,  0.158041),  (0.360500,  0.807398)
(-0.116572,  -0.000300,  0.164112),  (0.357893,  0.803614)
(-0.121311,  0.006045,  0.158041),  (0.360500,  0.807398)
(-0.109051,  0.019074,  0.173745),  (0.353821,  0.815231)
(-0.119854,  0.024594,  0.159907),  (0.361515,  0.816209)
(0.553183,  0.052739,  -0.134106),  (0.633561,  0.939196)
(0.562607,  0.021371,  -0.122272),  (0.636952,  0.956774)
(0.545479,  0.040053,  -0.144438),  (0.642466,  0.941060)
(0.562607,  0.021371,  -0.122272),  (0.636952,  0.956774)
(0.552229,  0.015850,  -0.135564),  (0.644921,  0.957017)
(0.545479,  0.040053,  -0.144438),  (0.642466,  0.941060)
(0.529182,  0.054546,  -0.165860),  (0.643468,  0.924800)
(0.553183,  0.052739,  -0.134106),  (0.633561,  0.939196)
(0.545479,  0.040053,  -0.144438),  (0.642466,  0.941060)
(0.553183,  0.052739,  -0.134106),  (0.633561,  0.939196)
(0.529182,  0.054546,  -0.165860),  (0.643468,  0.924800)
(0.536157,  0.069175,  -0.156832),  (0.633098,  0.925274)
(0.434747,  -0.000300,  -0.286047),  (0.640878,  0.837470)
(0.445124,  0.015850,  -0.272755),  (0.644717,  0.848386)
(0.445124,  -0.000300,  -0.272755),  (0.647631,  0.839749)
(0.445124,  0.015850,  -0.272755),  (0.644717,  0.848386)
(0.434747,  -0.000300,  -0.286047),  (0.640878,  0.837470)
(0.436583,  0.020699,  -0.284095),  (0.638303,  0.848422)
(0.461270,  0.054701,  -0.236791),  (0.023647,  0.870926)
(-0.042028,  0.078581,  0.258137),  (0.350354,  0.882049)
(-0.078124,  0.065679,  0.212900),  (0.352466,  0.854974)
(-0.042028,  0.078581,  0.258137),  (0.350354,  0.882049)
(0.461270,  0.054701,  -0.236791),  (0.023647,  0.870926)
(0.487532,  0.060546,  -0.219819),  (0.018943,  0.884678)
(0.487532,  0.060546,  -0.219819),  (0.018943,  0.884678)
(0.461270,  0.054701,  -0.236791),  (0.023647,  0.870926)
(0.476516,  0.059189,  -0.233270),  (0.018944,  0.877015)
(0.553183,  0.052739,  -0.134106),  (0.633561,  0.939196)
(0.045066,  0.079797,  0.370622),  (0.360475,  0.941954)
(0.078077,  0.056439,  0.403009),  (0.361701,  0.964838)
(0.045066,  0.079797,  0.370622),  (0.360475,  0.941954)
(0.553183,  0.052739,  -0.134106),  (0.633561,  0.939196)
(0.536157,  0.069175,  -0.156832),  (0.633098,  0.925274)
(0.078077,  0.056439,  0.403009),  (0.361701,  0.964838)
(0.562607,  0.021371,  -0.122272),  (0.636952,  0.956774)
(0.553183,  0.052739,  -0.134106),  (0.633561,  0.939196)
(0.562607,  0.021371,  -0.122272),  (0.636952,  0.956774)
(0.078077,  0.056439,  0.403009),  (0.361701,  0.964838)
(0.086091,  0.024234,  0.420327),  (0.360056,  0.983175)
(0.078077,  0.056439,  0.403009),  (0.361701,  0.964838)
(0.041663,  0.065679,  0.366335),  (0.352081,  0.943701)
(0.068637,  0.045068,  0.388493),  (0.351514,  0.965010)
(0.041663,  0.065679,  0.366335),  (0.352081,  0.943701)
(0.078077,  0.056439,  0.403009),  (0.361701,  0.964838)
(0.045066,  0.079797,  0.370622),  (0.360475,  0.941954)
(0.068637,  0.045068,  0.388493),  (0.351514,  0.965010)
(0.086091,  0.024234,  0.420327),  (0.360056,  0.983175)
(0.078077,  0.056439,  0.403009),  (0.361701,  0.964838)
(0.086091,  0.024234,  0.420327),  (0.360056,  0.983175)
(0.068637,  0.045068,  0.388493),  (0.351514,  0.965010)
(0.075409,  0.019442,  0.405905),  (0.352314,  0.983422)
(0.068637,  0.045068,  0.388493),  (0.351514,  0.965010)
(0.552229,  0.015850,  -0.135564),  (0.016659,  0.943463)
(0.075409,  0.019442,  0.405905),  (0.352314,  0.983422)
(0.552229,  0.015850,  -0.135564),  (0.016659,  0.943463)
(0.068637,  0.045068,  0.388493),  (0.351514,  0.965010)
(0.545479,  0.040053,  -0.144438),  (0.017915,  0.929179)
(0.529182,  0.054546,  -0.165860),  (0.018405,  0.915291)
(0.068637,  0.045068,  0.388493),  (0.351514,  0.965010)
(0.041663,  0.065679,  0.366335),  (0.352081,  0.943701)
(0.068637,  0.045068,  0.388493),  (0.351514,  0.965010)
(0.529182,  0.054546,  -0.165860),  (0.018405,  0.915291)
(0.545479,  0.040053,  -0.144438),  (0.017915,  0.929179)
(-0.106289,  0.055729,  0.170534),  (0.362286,  0.834063)
(0.436583,  0.020699,  -0.284095),  (0.638303,  0.848422)
(-0.119854,  0.024594,  0.159907),  (0.361515,  0.816209)
(0.436583,  0.020699,  -0.284095),  (0.638303,  0.848422)
(-0.106289,  0.055729,  0.170534),  (0.362286,  0.834063)
(0.446224,  0.050059,  -0.272622),  (0.635379,  0.864912)
(0.452077,  0.040053,  -0.264076),  (0.642162,  0.863363)
(0.445124,  0.015850,  -0.272755),  (0.644717,  0.848386)
(0.436583,  0.020699,  -0.284095),  (0.638303,  0.848422)
(0.436583,  0.020699,  -0.284095),  (0.638303,  0.848422)
(0.446224,  0.050059,  -0.272622),  (0.635379,  0.864912)
(0.452077,  0.040053,  -0.264076),  (0.642162,  0.863363)
(-0.038165,  0.095061,  0.262792),  (0.359452,  0.886600)
(0.007085,  0.077651,  0.325997),  (0.351101,  0.918236)
(0.011208,  0.097029,  0.322580),  (0.362723,  0.916221)
(-0.042028,  0.078581,  0.258137),  (0.350354,  0.882049)
(-0.038165,  0.095061,  0.262792),  (0.359452,  0.886600)
(-0.043607,  0.086724,  0.256212),  (0.355755,  0.881783)
(-0.038165,  0.095061,  0.262792),  (0.359452,  0.886600)
(-0.042028,  0.078581,  0.258137),  (0.350354,  0.882049)
(0.007085,  0.077651,  0.325997),  (0.351101,  0.918236)
(-0.042028,  0.078581,  0.258137),  (0.350354,  0.882049)
(-0.051656,  0.092104,  0.246131),  (0.359406,  0.876559)
(-0.081463,  0.079797,  0.208552),  (0.361211,  0.857189)
(-0.051656,  0.092104,  0.246131),  (0.359406,  0.876559)
(-0.042028,  0.078581,  0.258137),  (0.350354,  0.882049)
(-0.043607,  0.086724,  0.256212),  (0.355755,  0.881783)
(-0.081463,  0.079797,  0.208552),  (0.361211,  0.857189)
(-0.078124,  0.065679,  0.212900),  (0.352466,  0.854974)
(-0.042028,  0.078581,  0.258137),  (0.350354,  0.882049)
(0.465905,  0.061202,  -0.246904),  (0.638685,  0.878987)
(0.461939,  0.050462,  -0.251490),  (0.642589,  0.873255)
(0.446224,  0.050059,  -0.272622),  (0.635379,  0.864912)
(0.446224,  0.050059,  -0.272622),  (0.635379,  0.864912)
(0.462963,  0.067819,  -0.250666),  (0.634812,  0.878861)
(0.465905,  0.061202,  -0.246904),  (0.638685,  0.878987)
(0.446224,  0.050059,  -0.272622),  (0.635379,  0.864912)
(0.461939,  0.050462,  -0.251490),  (0.642589,  0.873255)
(0.452077,  0.040053,  -0.264076),  (0.642162,  0.863363)
(-0.106289,  0.055729,  0.170534),  (0.362286,  0.834063)
(-0.078124,  0.065679,  0.212900),  (0.352466,  0.854974)
(-0.081463,  0.079797,  0.208552),  (0.361211,  0.857189)
(-0.078124,  0.065679,  0.212900),  (0.352466,  0.854974)
(-0.106289,  0.055729,  0.170534),  (0.362286,  0.834063)
(-0.097176,  0.047082,  0.180568),  (0.354322,  0.833863)
(0.511059,  0.060546,  -0.189683),  (0.018604,  0.901426)
(-0.042028,  0.078581,  0.258137),  (0.350354,  0.882049)
(0.487532,  0.060546,  -0.219819),  (0.018943,  0.884678)
(-0.042028,  0.078581,  0.258137),  (0.350354,  0.882049)
(0.511059,  0.060546,  -0.189683),  (0.018604,  0.901426)
(0.007085,  0.077651,  0.325997),  (0.351101,  0.918236)
(-0.097176,  0.047082,  0.180568),  (0.354322,  0.833863)
(-0.119854,  0.024594,  0.159907),  (0.361515,  0.816209)
(-0.109051,  0.019074,  0.173745),  (0.353821,  0.815231)
(-0.119854,  0.024594,  0.159907),  (0.361515,  0.816209)
(-0.097176,  0.047082,  0.180568),  (0.354322,  0.833863)
(-0.106289,  0.055729,  0.170534),  (0.362286,  0.834063)
(0.511059,  0.060546,  -0.189683),  (0.643105,  0.909713)
(0.487526,  0.074009,  -0.219884),  (0.635646,  0.894199)
(0.511358,  0.074682,  -0.189272),  (0.635022,  0.908718)
(0.487526,  0.074009,  -0.219884),  (0.635646,  0.894199)
(0.511059,  0.060546,  -0.189683),  (0.643105,  0.909713)
(0.487532,  0.060546,  -0.219819),  (0.642832,  0.893315)
(-0.037079,  0.094466,  0.247104),  (0.363229,  0.881723)
(-0.051656,  0.092104,  0.246131),  (0.359406,  0.876559)
(-0.043607,  0.086724,  0.256212),  (0.355755,  0.881783)
(-0.037079,  0.094466,  0.247104),  (0.363229,  0.881723)
(0.487526,  0.074009,  -0.219884),  (0.635646,  0.894199)
(0.462963,  0.067819,  -0.250666),  (0.634812,  0.878861)
(-0.081463,  0.079797,  0.208552),  (0.361211,  0.857189)
(-0.037079,  0.094466,  0.247104),  (0.363229,  0.881723)
(0.462963,  0.067819,  -0.250666),  (0.634812,  0.878861)
(-0.037079,  0.094466,  0.247104),  (0.363229,  0.881723)
(-0.081463,  0.079797,  0.208552),  (0.361211,  0.857189)
(-0.051656,  0.092104,  0.246131),  (0.359406,  0.876559)
(-0.115307,  -0.000300,  0.152222),  (0.363390,  0.803396)
(-0.116572,  -0.000300,  0.164112),  (0.357893,  0.803614)
(-0.121311,  0.006045,  0.158041),  (0.360500,  0.807398)
(-0.115307,  -0.000300,  0.152222),  (0.363390,  0.803396)
(0.434747,  -0.000300,  -0.286047),  (0.640878,  0.837470)
(0.445124,  -0.000300,  -0.272755),  (0.642244,  0.831067)
(-0.111006,  -0.000300,  0.171241),  (0.361533,  0.796327)
(-0.115307,  -0.000300,  0.152222),  (0.363390,  0.803396)
(0.445124,  -0.000300,  -0.272755),  (0.642244,  0.831067)
(-0.115307,  -0.000300,  0.152222),  (0.363390,  0.803396)
(-0.111006,  -0.000300,  0.171241),  (0.361533,  0.796327)
(-0.116572,  -0.000300,  0.164112),  (0.360800,  0.799762)
(0.461270,  0.054701,  -0.236791),  (0.644812,  0.879055)
(0.461939,  0.050462,  -0.251490),  (0.642589,  0.873255)
(0.465905,  0.061202,  -0.246904),  (0.638685,  0.878987)
(0.461270,  0.054701,  -0.236791),  (0.023647,  0.870926)
(-0.097176,  0.047082,  0.180568),  (0.354322,  0.833863)
(0.452077,  0.040053,  -0.264076),  (0.019481,  0.857491)
(-0.097176,  0.047082,  0.180568),  (0.354322,  0.833863)
(0.461270,  0.054701,  -0.236791),  (0.023647,  0.870926)
(-0.078124,  0.065679,  0.212900),  (0.352466,  0.854974)
(0.461270,  0.054701,  -0.236791),  (0.023647,  0.870926)
(0.452077,  0.040053,  -0.264076),  (0.019481,  0.857491)
(0.461939,  0.050462,  -0.251490),  (0.019490,  0.866225)
(-0.199166,  0.000375,  0.340801),  (0.810853,  0.252402)
(-0.053239,  0.022047,  -0.302922),  (0.776219,  0.012979)
(-0.206522,  0.025364,  0.353850),  (0.797943,  0.259266)
(-0.053239,  0.022047,  -0.302922),  (0.776219,  0.012979)
(-0.199166,  0.000375,  0.340801),  (0.810853,  0.252402)
(-0.053239,  0.000375,  -0.302922),  (0.787446,  0.009966)
(-0.267205,  0.079097,  0.320561),  (0.757223,  0.249865)
(-0.091782,  0.069850,  -0.318176),  (0.744433,  0.016576)
(-0.295128,  0.093939,  0.266290),  (0.737171,  0.238705)
(-0.295128,  0.093939,  0.266290),  (0.737171,  0.238705)
(-0.091782,  0.069850,  -0.318176),  (0.744433,  0.016576)
(-0.127936,  0.075357,  -0.332511),  (0.728206,  0.014559)
(-0.053239,  0.000375,  -0.302922),  (0.787446,  0.009966)
(-0.199166,  0.000375,  0.340801),  (0.810853,  0.252402)
(-0.068240,  0.000375,  -0.308676),  (0.793782,  0.008784)
(-0.216340,  0.000375,  0.342024),  (0.817680,  0.253884)
(-0.068240,  0.000375,  -0.308676),  (0.793782,  0.008784)
(-0.199166,  0.000375,  0.340801),  (0.810853,  0.252402)
(-0.422697,  0.017970,  0.134113),  (0.982079,  0.211740)
(-0.213118,  0.040728,  -0.364404),  (0.950498,  0.011528)
(-0.419512,  0.046023,  0.154720),  (0.967787,  0.219557)
(-0.213118,  0.040728,  -0.364404),  (0.950498,  0.011528)
(-0.422697,  0.017970,  0.134113),  (0.982079,  0.211740)
(-0.223067,  0.016525,  -0.368063),  (0.963573,  0.010678)
(-0.101907,  0.055222,  -0.322125),  (0.744118,  0.006272)
(-0.128381,  0.061221,  -0.332701),  (0.729247,  0.006566)
(-0.127936,  0.075357,  -0.332511),  (0.728206,  0.014559)
(-0.127936,  0.075357,  -0.332511),  (0.728206,  0.014559)
(-0.091782,  0.069850,  -0.318176),  (0.744433,  0.016576)
(-0.101907,  0.055222,  -0.322125),  (0.744118,  0.006272)
(-0.053239,  0.000375,  -0.302922),  (0.787446,  0.009966)
(-0.068240,  0.016525,  -0.308676),  (0.776456,  0.005237)
(-0.053239,  0.022047,  -0.302922),  (0.776219,  0.012979)
(-0.068240,  0.016525,  -0.308676),  (0.776456,  0.005237)
(-0.053239,  0.000375,  -0.302922),  (0.787446,  0.009966)
(-0.068240,  0.000375,  -0.308676),  (0.785571,  0.002839)
(-0.431978,  0.023235,  0.114757),  (0.648140,  0.205475)
(-0.238068,  0.000375,  -0.373817),  (0.657001,  0.009388)
(-0.437393,  0.000375,  0.117423),  (0.635567,  0.206766)
(-0.238068,  0.000375,  -0.373817),  (0.657001,  0.009388)
(-0.431978,  0.023235,  0.114757),  (0.648140,  0.205475)
(-0.235594,  0.021374,  -0.373145),  (0.667656,  0.011714)
(-0.398319,  0.077627,  0.174207),  (0.684415,  0.219131)
(-0.197624,  0.068494,  -0.358829),  (0.697216,  0.015131)
(-0.426625,  0.054914,  0.139884),  (0.666014,  0.211673)
(-0.426625,  0.054914,  0.139884),  (0.666014,  0.211673)
(-0.197624,  0.068494,  -0.358829),  (0.697216,  0.015131)
(-0.222055,  0.050734,  -0.368557),  (0.683214,  0.014391)
(-0.178016,  0.059864,  -0.351284),  (0.704293,  0.007412)
(-0.162425,  0.074684,  -0.345799),  (0.713413,  0.014182)
(-0.162390,  0.061221,  -0.345746),  (0.712377,  0.006759)
(-0.197624,  0.068494,  -0.358829),  (0.697216,  0.015131)
(-0.178016,  0.059864,  -0.351284),  (0.704293,  0.007412)
(-0.193374,  0.061877,  -0.357204),  (0.697343,  0.011141)
(-0.178016,  0.059864,  -0.351284),  (0.704293,  0.007412)
(-0.197624,  0.068494,  -0.358829),  (0.697216,  0.015131)
(-0.162425,  0.074684,  -0.345799),  (0.713413,  0.014182)
(-0.178016,  0.059864,  -0.351284),  (0.704293,  0.007412)
(-0.192806,  0.055376,  -0.345883),  (0.697385,  0.004815)
(-0.193374,  0.061877,  -0.357204),  (0.697343,  0.011141)
(-0.068240,  0.016525,  -0.308676),  (0.776456,  0.005237)
(-0.078101,  0.040728,  -0.312615),  (0.760422,  0.007416)
(-0.053239,  0.022047,  -0.302922),  (0.776219,  0.012979)
(-0.066754,  0.053414,  -0.307942),  (0.758428,  0.016342)
(-0.053239,  0.022047,  -0.302922),  (0.776219,  0.012979)
(-0.078101,  0.040728,  -0.312615),  (0.760422,  0.007416)
(-0.091782,  0.069850,  -0.318176),  (0.744433,  0.016576)
(-0.066754,  0.053414,  -0.307942),  (0.758428,  0.016342)
(-0.101907,  0.055222,  -0.322125),  (0.744118,  0.006272)
(-0.066754,  0.053414,  -0.307942),  (0.758428,  0.016342)
(-0.078101,  0.040728,  -0.312615),  (0.760422,  0.007416)
(-0.101907,  0.055222,  -0.322125),  (0.744118,  0.006272)
(-0.238068,  0.000375,  -0.373817),  (0.657001,  0.009388)
(-0.223067,  0.016525,  -0.368063),  (0.667521,  0.005581)
(-0.223067,  0.000375,  -0.368063),  (0.659145,  0.002839)
(-0.223067,  0.016525,  -0.368063),  (0.667521,  0.005581)
(-0.238068,  0.000375,  -0.373817),  (0.657001,  0.009388)
(-0.235594,  0.021374,  -0.373145),  (0.667656,  0.011714)
(-0.267205,  0.079097,  0.320561),  (0.757223,  0.249865)
(-0.066754,  0.053414,  -0.307942),  (0.758428,  0.016342)
(-0.091782,  0.069850,  -0.318176),  (0.744433,  0.016576)
(-0.066754,  0.053414,  -0.307942),  (0.758428,  0.016342)
(-0.267205,  0.079097,  0.320561),  (0.757223,  0.249865)
(-0.230217,  0.063571,  0.343011),  (0.774496,  0.251586)
(-0.230217,  0.063571,  0.343011),  (0.774496,  0.251586)
(-0.053239,  0.022047,  -0.302922),  (0.776219,  0.012979)
(-0.066754,  0.053414,  -0.307942),  (0.758428,  0.016342)
(-0.053239,  0.022047,  -0.302922),  (0.776219,  0.012979)
(-0.230217,  0.063571,  0.343011),  (0.774496,  0.251586)
(-0.206522,  0.025364,  0.353850),  (0.797943,  0.259266)
(-0.232376,  0.045243,  0.340554),  (0.866024,  0.259106)
(-0.068240,  0.016525,  -0.308676),  (0.873646,  0.010665)
(-0.223964,  0.020520,  0.355092),  (0.852198,  0.262158)
(-0.068240,  0.016525,  -0.308676),  (0.873646,  0.010665)
(-0.232376,  0.045243,  0.340554),  (0.866024,  0.259106)
(-0.078101,  0.040728,  -0.312615),  (0.886722,  0.011484)
(-0.271952,  0.064862,  0.315159),  (0.886950,  0.255961)
(-0.101907,  0.055222,  -0.322125),  (0.899418,  0.011668)
(-0.078101,  0.040728,  -0.312615),  (0.886722,  0.011484)
(-0.271952,  0.064862,  0.315159),  (0.886950,  0.255961)
(-0.078101,  0.040728,  -0.312615),  (0.886722,  0.011484)
(-0.232376,  0.045243,  0.340554),  (0.866024,  0.259106)
(-0.426625,  0.054914,  0.139884),  (0.666014,  0.211673)
(-0.222055,  0.050734,  -0.368557),  (0.683214,  0.014391)
(-0.431978,  0.023235,  0.114757),  (0.648140,  0.205475)
(-0.431978,  0.023235,  0.114757),  (0.648140,  0.205475)
(-0.222055,  0.050734,  -0.368557),  (0.683214,  0.014391)
(-0.235594,  0.021374,  -0.373145),  (0.667656,  0.011714)
(-0.235594,  0.021374,  -0.373145),  (0.667656,  0.011714)
(-0.222055,  0.050734,  -0.368557),  (0.683214,  0.014391)
(-0.213118,  0.040728,  -0.364404),  (0.681684,  0.007844)
(-0.235594,  0.021374,  -0.373145),  (0.667656,  0.011714)
(-0.213118,  0.040728,  -0.364404),  (0.681684,  0.007844)
(-0.223067,  0.016525,  -0.368063),  (0.667521,  0.005581)
(-0.197624,  0.068494,  -0.358829),  (0.697216,  0.015131)
(-0.198883,  0.051137,  -0.358975),  (0.691469,  0.007182)
(-0.222055,  0.050734,  -0.368557),  (0.683214,  0.014391)
(-0.198883,  0.051137,  -0.358975),  (0.691469,  0.007182)
(-0.197624,  0.068494,  -0.358829),  (0.697216,  0.015131)
(-0.193374,  0.061877,  -0.357204),  (0.697343,  0.011141)
(-0.222055,  0.050734,  -0.368557),  (0.683214,  0.014391)
(-0.198883,  0.051137,  -0.358975),  (0.691469,  0.007182)
(-0.213118,  0.040728,  -0.364404),  (0.681684,  0.007844)
(-0.146917,  0.061221,  -0.339811),  (0.720100,  0.006221)
(-0.162390,  0.061221,  -0.345746),  (0.712377,  0.006759)
(-0.162425,  0.074684,  -0.345799),  (0.713413,  0.014182)
(-0.146917,  0.061221,  -0.339811),  (0.720100,  0.006221)
(-0.162425,  0.074684,  -0.345799),  (0.713413,  0.014182)
(-0.146931,  0.074986,  -0.339830),  (0.720259,  0.013996)
(-0.398319,  0.077627,  0.174207),  (0.684415,  0.219131)
(-0.162425,  0.074684,  -0.345799),  (0.713413,  0.014182)
(-0.197624,  0.068494,  -0.358829),  (0.697216,  0.015131)
(-0.162425,  0.074684,  -0.345799),  (0.713413,  0.014182)
(-0.398319,  0.077627,  0.174207),  (0.684415,  0.219131)
(-0.352866,  0.090746,  0.199772),  (0.704686,  0.224157)
(-0.437393,  0.000375,  0.117423),  (0.635567,  0.206766)
(-0.238068,  0.000375,  -0.373817),  (0.657001,  0.009388)
(-0.223067,  0.000375,  -0.368063),  (0.650650,  0.008125)
(-0.223067,  0.000375,  -0.368063),  (0.650650,  0.008125)
(-0.427723,  0.000375,  0.137594),  (0.628404,  0.211188)
(-0.437393,  0.000375,  0.117423),  (0.635567,  0.206766)
(-0.192806,  0.055376,  -0.345883),  (0.697385,  0.004815)
(-0.198883,  0.051137,  -0.358975),  (0.691469,  0.007182)
(-0.193374,  0.061877,  -0.357204),  (0.697343,  0.011141)
(-0.192806,  0.055376,  -0.345883),  (0.938062,  0.015579)
(-0.419512,  0.046023,  0.154720),  (0.967787,  0.219557)
(-0.213118,  0.040728,  -0.364404),  (0.950498,  0.011528)
(-0.192806,  0.055376,  -0.345883),  (0.938062,  0.015579)
(-0.213118,  0.040728,  -0.364404),  (0.950498,  0.011528)
(-0.198883,  0.051137,  -0.358975),  (0.942377,  0.011651)
(-0.419512,  0.046023,  0.154720),  (0.967787,  0.219557)
(-0.192806,  0.055376,  -0.345883),  (0.938062,  0.015579)
(-0.392901,  0.063722,  0.177255),  (0.952087,  0.224222)
(-0.295128,  0.093939,  0.266290),  (0.737171,  0.238705)
(-0.337295,  0.091228,  0.208530),  (0.711731,  0.226549)
(-0.295523,  0.075329,  0.265748),  (0.733658,  0.248410)
(-0.295523,  0.075329,  0.265748),  (0.733658,  0.248410)
(-0.337295,  0.091228,  0.208530),  (0.711731,  0.226549)
(-0.337295,  0.075158,  0.208530),  (0.707705,  0.234844)
(-0.427723,  0.000375,  0.137594),  (0.991334,  0.212864)
(-0.223067,  0.000375,  -0.368063),  (0.971802,  0.009890)
(-0.422697,  0.017970,  0.134113),  (0.982079,  0.211740)
(-0.422697,  0.017970,  0.134113),  (0.982079,  0.211740)
(-0.223067,  0.000375,  -0.368063),  (0.971802,  0.009890)
(-0.223067,  0.016525,  -0.368063),  (0.963573,  0.010678)
(-0.337295,  0.091228,  0.208530),  (0.711731,  0.226549)
(-0.146931,  0.074986,  -0.339830),  (0.720259,  0.013996)
(-0.352866,  0.090746,  0.199772),  (0.704686,  0.224157)
(-0.162425,  0.074684,  -0.345799),  (0.713413,  0.014182)
(-0.352866,  0.090746,  0.199772),  (0.704686,  0.224157)
(-0.146931,  0.074986,  -0.339830),  (0.720259,  0.013996)
(-0.426625,  0.054914,  0.139884),  (0.666014,  0.211673)
(-0.392901,  0.063722,  0.177255),  (0.681193,  0.225798)
(-0.398319,  0.077627,  0.174207),  (0.684415,  0.219131)
(-0.392901,  0.063722,  0.177255),  (0.681193,  0.225798)
(-0.426625,  0.054914,  0.139884),  (0.666014,  0.211673)
(-0.419512,  0.046023,  0.154720),  (0.664107,  0.219472)
(-0.223964,  0.020520,  0.355092),  (0.852198,  0.262158)
(-0.068240,  0.016525,  -0.308676),  (0.873646,  0.010665)
(-0.216340,  0.000375,  0.342024),  (0.842282,  0.255774)
(-0.216340,  0.000375,  0.342024),  (0.842282,  0.255774)
(-0.068240,  0.016525,  -0.308676),  (0.873646,  0.010665)
(-0.068240,  0.000375,  -0.308676),  (0.865416,  0.009890)
(-0.192806,  0.055376,  -0.345883),  (0.938062,  0.015579)
(-0.349618,  0.075182,  0.201599),  (0.931668,  0.227103)
(-0.392901,  0.063722,  0.177255),  (0.952087,  0.224222)
(-0.192806,  0.055376,  -0.345883),  (0.938062,  0.015579)
(-0.162390,  0.061221,  -0.345746),  (0.925938,  0.011667)
(-0.349618,  0.075182,  0.201599),  (0.931668,  0.227103)
(-0.162390,  0.061221,  -0.345746),  (0.925938,  0.011667)
(-0.192806,  0.055376,  -0.345883),  (0.938062,  0.015579)
(-0.178016,  0.059864,  -0.351284),  (0.932654,  0.011550)
(-0.427723,  0.000375,  0.137594),  (0.636418,  0.215947)
(-0.422697,  0.017970,  0.134113),  (0.646585,  0.214814)
(-0.437393,  0.000375,  0.117423),  (0.635567,  0.206766)
(-0.422697,  0.017970,  0.134113),  (0.646585,  0.214814)
(-0.431978,  0.023235,  0.114757),  (0.648140,  0.205475)
(-0.437393,  0.000375,  0.117423),  (0.635567,  0.206766)
(-0.267205,  0.079097,  0.320561),  (0.757223,  0.249865)
(-0.295523,  0.075329,  0.265748),  (0.733658,  0.248410)
(-0.271952,  0.064862,  0.315159),  (0.755477,  0.258074)
(-0.295523,  0.075329,  0.265748),  (0.733658,  0.248410)
(-0.267205,  0.079097,  0.320561),  (0.757223,  0.249865)
(-0.295128,  0.093939,  0.266290),  (0.737171,  0.238705)
(-0.101907,  0.055222,  -0.322125),  (0.899418,  0.011668)
(-0.295523,  0.075329,  0.265748),  (0.903101,  0.242152)
(-0.128381,  0.061221,  -0.332701),  (0.911283,  0.011647)
(-0.295523,  0.075329,  0.265748),  (0.903101,  0.242152)
(-0.101907,  0.055222,  -0.322125),  (0.899418,  0.011668)
(-0.271952,  0.064862,  0.315159),  (0.886950,  0.255961)
(-0.216340,  0.000375,  0.342024),  (0.842282,  0.255774)
(-0.206522,  0.025364,  0.353850),  (0.848213,  0.268554)
(-0.223964,  0.020520,  0.355092),  (0.852198,  0.262158)
(-0.206522,  0.025364,  0.353850),  (0.848213,  0.268554)
(-0.216340,  0.000375,  0.342024),  (0.842282,  0.255774)
(-0.199166,  0.000375,  0.340801),  (0.836927,  0.260293)
(-0.422697,  0.017970,  0.134113),  (0.646585,  0.214814)
(-0.419512,  0.046023,  0.154720),  (0.664107,  0.219472)
(-0.431978,  0.023235,  0.114757),  (0.648140,  0.205475)
(-0.431978,  0.023235,  0.114757),  (0.648140,  0.205475)
(-0.419512,  0.046023,  0.154720),  (0.664107,  0.219472)
(-0.426625,  0.054914,  0.139884),  (0.666014,  0.211673)
(-0.398319,  0.077627,  0.174207),  (0.684415,  0.219131)
(-0.349618,  0.075182,  0.201599),  (0.702198,  0.232363)
(-0.352866,  0.090746,  0.199772),  (0.704686,  0.224157)
(-0.349618,  0.075182,  0.201599),  (0.702198,  0.232363)
(-0.398319,  0.077627,  0.174207),  (0.684415,  0.219131)
(-0.392901,  0.063722,  0.177255),  (0.681193,  0.225798)
(-0.337295,  0.091228,  0.208530),  (0.711731,  0.226549)
(-0.349618,  0.075182,  0.201599),  (0.702198,  0.232363)
(-0.337295,  0.075158,  0.208530),  (0.707705,  0.234844)
(-0.349618,  0.075182,  0.201599),  (0.702198,  0.232363)
(-0.337295,  0.091228,  0.208530),  (0.711731,  0.226549)
(-0.352866,  0.090746,  0.199772),  (0.704686,  0.224157)
(-0.128381,  0.061221,  -0.332701),  (0.911283,  0.011647)
(-0.337295,  0.075158,  0.208530),  (0.926091,  0.227862)
(-0.146917,  0.061221,  -0.339811),  (0.919271,  0.011658)
(-0.337295,  0.075158,  0.208530),  (0.926091,  0.227862)
(-0.128381,  0.061221,  -0.332701),  (0.911283,  0.011647)
(-0.295523,  0.075329,  0.265748),  (0.903101,  0.242152)
(-0.349618,  0.075182,  0.201599),  (0.931668,  0.227103)
(-0.162390,  0.061221,  -0.345746),  (0.925938,  0.011667)
(-0.146917,  0.061221,  -0.339811),  (0.919271,  0.011658)
(-0.349618,  0.075182,  0.201599),  (0.931668,  0.227103)
(-0.146917,  0.061221,  -0.339811),  (0.919271,  0.011658)
(-0.337295,  0.075158,  0.208530),  (0.926091,  0.227862)
(-0.337295,  0.091228,  0.208530),  (0.711731,  0.226549)
(-0.127936,  0.075357,  -0.332511),  (0.728206,  0.014559)
(-0.146931,  0.074986,  -0.339830),  (0.720259,  0.013996)
(-0.127936,  0.075357,  -0.332511),  (0.728206,  0.014559)
(-0.337295,  0.091228,  0.208530),  (0.711731,  0.226549)
(-0.295128,  0.093939,  0.266290),  (0.737171,  0.238705)
(-0.128381,  0.061221,  -0.332701),  (0.729247,  0.006566)
(-0.146931,  0.074986,  -0.339830),  (0.720259,  0.013996)
(-0.127936,  0.075357,  -0.332511),  (0.728206,  0.014559)
(-0.146931,  0.074986,  -0.339830),  (0.720259,  0.013996)
(-0.128381,  0.061221,  -0.332701),  (0.729247,  0.006566)
(-0.146917,  0.061221,  -0.339811),  (0.720100,  0.006221)
(-0.206522,  0.025364,  0.353850),  (0.797943,  0.259266)
(-0.232376,  0.045243,  0.340554),  (0.779114,  0.260153)
(-0.223964,  0.020520,  0.355092),  (0.794602,  0.267840)
(-0.232376,  0.045243,  0.340554),  (0.779114,  0.260153)
(-0.206522,  0.025364,  0.353850),  (0.797943,  0.259266)
(-0.230217,  0.063571,  0.343011),  (0.774496,  0.251586)
(-0.230217,  0.063571,  0.343011),  (0.774496,  0.251586)
(-0.271952,  0.064862,  0.315159),  (0.755477,  0.258074)
(-0.232376,  0.045243,  0.340554),  (0.779114,  0.260153)
(-0.271952,  0.064862,  0.315159),  (0.755477,  0.258074)
(-0.230217,  0.063571,  0.343011),  (0.774496,  0.251586)
(-0.267205,  0.079097,  0.320561),  (0.757223,  0.249865)
(-0.001089,  0.034836,  0.047402),  (0.487857,  0.136116)
(0.001885,  0.036551,  0.038156),  (0.490916,  0.137653)
(-0.003272,  0.044669,  0.045350),  (0.490531,  0.132347)
(-0.216960,  0.093328,  0.046960),  (0.453883,  0.051843)
(-0.031348,  -0.002724,  0.031012),  (0.458823,  0.142702)
(-0.034243,  -0.002107,  0.051605),  (0.466273,  0.140632)
(-0.031348,  -0.002724,  0.031012),  (0.458823,  0.142702)
(-0.216960,  0.093328,  0.046960),  (0.453883,  0.051843)
(-0.219892,  0.097217,  0.021459),  (0.444192,  0.050885)
(0.032728,  0.059685,  -0.024826),  (0.519237,  0.136151)
(0.021117,  0.053914,  0.014295),  (0.504811,  0.135310)
(0.013661,  0.043158,  0.002111),  (0.505297,  0.143372)
(0.032728,  0.059685,  -0.024826),  (0.519237,  0.136151)
(0.013661,  0.043158,  0.002111),  (0.505297,  0.143372)
(0.022237,  0.046647,  -0.029862),  (0.519010,  0.144361)
(-0.034243,  -0.002107,  0.051605),  (0.466273,  0.140632)
(-0.020194,  0.010608,  0.033924),  (0.476605,  0.145599)
(-0.019379,  0.014805,  0.052159),  (0.476595,  0.138369)
(-0.020194,  0.010608,  0.033924),  (0.476605,  0.145599)
(-0.034243,  -0.002107,  0.051605),  (0.466273,  0.140632)
(-0.031348,  -0.002724,  0.031012),  (0.468350,  0.148484)
(-0.199374,  0.181908,  -0.171356),  (0.144862,  0.052878)
(0.026923,  0.034965,  -0.130160),  (0.030026,  0.050757)
(0.032047,  0.046220,  -0.098409),  (0.030303,  0.063394)
(-0.234293,  0.171580,  -0.207461),  (0.154075,  0.035899)
(0.026923,  0.034965,  -0.130160),  (0.030026,  0.050757)
(-0.199374,  0.181908,  -0.171356),  (0.144862,  0.052878)
(0.041950,  0.056418,  -0.105494),  (0.548112,  0.135234)
(0.026923,  0.034965,  -0.130160),  (0.562696,  0.142544)
(0.035270,  0.042946,  -0.141653),  (0.562627,  0.135273)
(0.026923,  0.034965,  -0.130160),  (0.562696,  0.142544)
(0.041950,  0.056418,  -0.105494),  (0.548112,  0.135234)
(0.032047,  0.046220,  -0.098409),  (0.547549,  0.142627)
(-0.019379,  0.014805,  0.052159),  (0.476595,  0.138369)
(-0.193078,  0.110509,  0.039811),  (0.467285,  0.053897)
(-0.034243,  -0.002107,  0.051605),  (0.466273,  0.140632)
(-0.216960,  0.093328,  0.046960),  (0.453883,  0.051843)
(-0.034243,  -0.002107,  0.051605),  (0.466273,  0.140632)
(-0.193078,  0.110509,  0.039811),  (0.467285,  0.053897)
(0.013661,  0.043158,  0.002111),  (0.505297,  0.143372)
(0.011245,  0.046714,  0.031974),  (0.497156,  0.135440)
(-0.001391,  0.030764,  0.026927),  (0.490848,  0.143486)
(0.011245,  0.046714,  0.031974),  (0.497156,  0.135440)
(0.013661,  0.043158,  0.002111),  (0.505297,  0.143372)
(0.021117,  0.053914,  0.014295),  (0.504811,  0.135310)
(0.011245,  0.046714,  0.031974),  (0.497156,  0.135440)
(0.001885,  0.036551,  0.038156),  (0.490916,  0.137653)
(-0.001391,  0.030764,  0.026927),  (0.490848,  0.143486)
(-0.003272,  0.044669,  0.045350),  (0.490531,  0.132347)
(-0.174322,  0.162349,  -0.002719),  (0.496719,  0.046004)
(-0.185658,  0.155638,  0.013490),  (0.489532,  0.046495)
(-0.174322,  0.162349,  -0.002719),  (0.496719,  0.046004)
(-0.003272,  0.044669,  0.045350),  (0.490531,  0.132347)
(0.021117,  0.053914,  0.014295),  (0.504811,  0.135310)
(0.021117,  0.053914,  0.014295),  (0.504811,  0.135310)
(-0.003272,  0.044669,  0.045350),  (0.490531,  0.132347)
(0.011245,  0.046714,  0.031974),  (0.497156,  0.135440)
(0.002595,  0.001357,  -0.164158),  (0.588055,  0.141717)
(0.010751,  0.014328,  -0.144006),  (0.577422,  0.145953)
(-0.000403,  0.000996,  -0.146919),  (0.586076,  0.148484)
(0.010751,  0.014328,  -0.144006),  (0.577422,  0.145953)
(0.002595,  0.001357,  -0.164158),  (0.588055,  0.141717)
(0.017562,  0.019246,  -0.160250),  (0.577270,  0.138675)
(0.027207,  0.047519,  -0.060987),  (0.531780,  0.144825)
(0.032047,  0.046220,  -0.098409),  (0.547549,  0.142627)
(0.039544,  0.060505,  -0.064016),  (0.533097,  0.136079)
(0.041950,  0.056418,  -0.105494),  (0.548112,  0.135234)
(0.039544,  0.060505,  -0.064016),  (0.533097,  0.136079)
(0.032047,  0.046220,  -0.098409),  (0.547549,  0.142627)
(0.032728,  0.059685,  -0.024826),  (0.519237,  0.136151)
(-0.166827,  0.177665,  -0.052758),  (0.515861,  0.039791)
(0.021117,  0.053914,  0.014295),  (0.504811,  0.135310)
(-0.174322,  0.162349,  -0.002719),  (0.496719,  0.046004)
(0.021117,  0.053914,  0.014295),  (0.504811,  0.135310)
(-0.166827,  0.177665,  -0.052758),  (0.515861,  0.039791)
(-0.001391,  0.030764,  0.026927),  (0.030045,  0.111933)
(-0.205333,  0.112574,  0.020461),  (0.116903,  0.131847)
(-0.199780,  0.138748,  0.008490),  (0.123682,  0.119962)
(-0.205333,  0.112574,  0.020461),  (0.116903,  0.131847)
(-0.001391,  0.030764,  0.026927),  (0.030045,  0.111933)
(-0.020194,  0.010608,  0.033924),  (0.029259,  0.124459)
(0.026923,  0.034965,  -0.130160),  (0.562696,  0.142544)
(0.010751,  0.014328,  -0.144006),  (0.577422,  0.145953)
(0.017562,  0.019246,  -0.160250),  (0.577270,  0.138675)
(0.017562,  0.019246,  -0.160250),  (0.577270,  0.138675)
(0.035270,  0.042946,  -0.141653),  (0.562627,  0.135273)
(0.026923,  0.034965,  -0.130160),  (0.562696,  0.142544)
(0.035270,  0.042946,  -0.141653),  (0.562627,  0.135273)
(-0.191688,  0.194917,  -0.177614),  (0.559384,  0.025847)
(0.041950,  0.056418,  -0.105494),  (0.548112,  0.135234)
(-0.191688,  0.194917,  -0.177614),  (0.559384,  0.025847)
(0.035270,  0.042946,  -0.141653),  (0.562627,  0.135273)
(-0.219437,  0.181921,  -0.220428),  (0.577534,  0.021626)
(-0.219437,  0.181921,  -0.220428),  (0.577534,  0.021626)
(0.035270,  0.042946,  -0.141653),  (0.562627,  0.135273)
(-0.225868,  0.158495,  -0.236600),  (0.590126,  0.023556)
(0.035270,  0.042946,  -0.141653),  (0.562627,  0.135273)
(0.017562,  0.019246,  -0.160250),  (0.577270,  0.138675)
(-0.225868,  0.158495,  -0.236600),  (0.590126,  0.023556)
(0.022237,  0.046647,  -0.029862),  (0.519010,  0.144361)
(0.039544,  0.060505,  -0.064016),  (0.533097,  0.136079)
(0.032728,  0.059685,  -0.024826),  (0.519237,  0.136151)
(0.039544,  0.060505,  -0.064016),  (0.533097,  0.136079)
(0.022237,  0.046647,  -0.029862),  (0.519010,  0.144361)
(0.027207,  0.047519,  -0.060987),  (0.531780,  0.144825)
(-0.001391,  0.030764,  0.026927),  (0.030045,  0.111933)
(-0.183101,  0.151797,  -0.013550),  (0.123492,  0.107979)
(0.013661,  0.043158,  0.002111),  (0.030274,  0.099771)
(-0.183101,  0.151797,  -0.013550),  (0.123492,  0.107979)
(-0.001391,  0.030764,  0.026927),  (0.030045,  0.111933)
(-0.199780,  0.138748,  0.008490),  (0.123682,  0.119962)
(-0.185496,  0.194113,  -0.115813),  (0.537777,  0.029059)
(0.039544,  0.060505,  -0.064016),  (0.533097,  0.136079)
(0.041950,  0.056418,  -0.105494),  (0.548112,  0.135234)
(-0.185496,  0.194113,  -0.115813),  (0.537777,  0.029059)
(0.041950,  0.056418,  -0.105494),  (0.548112,  0.135234)
(-0.191688,  0.194917,  -0.177614),  (0.559384,  0.025847)
(0.026923,  0.034965,  -0.130160),  (0.030026,  0.050757)
(-0.237959,  0.156555,  -0.221642),  (0.151341,  0.027306)
(0.010751,  0.014328,  -0.144006),  (0.029237,  0.037897)
(-0.237959,  0.156555,  -0.221642),  (0.151341,  0.027306)
(0.026923,  0.034965,  -0.130160),  (0.030026,  0.050757)
(-0.234293,  0.171580,  -0.207461),  (0.154075,  0.035899)
(-0.244190,  0.140539,  -0.239821),  (0.601993,  0.021683)
(-0.000403,  0.000996,  -0.146919),  (0.594121,  0.142934)
(-0.252438,  0.143114,  -0.223970),  (0.608427,  0.020378)
(-0.000403,  0.000996,  -0.146919),  (0.594121,  0.142934)
(-0.244190,  0.140539,  -0.239821),  (0.601993,  0.021683)
(0.002595,  0.001357,  -0.164158),  (0.588055,  0.141717)
(-0.193078,  0.110509,  0.039811),  (0.467285,  0.053897)
(-0.003272,  0.044669,  0.045350),  (0.490531,  0.132347)
(-0.185658,  0.155638,  0.013490),  (0.489532,  0.046495)
(-0.003272,  0.044669,  0.045350),  (0.490531,  0.132347)
(-0.019379,  0.014805,  0.052159),  (0.476595,  0.138369)
(-0.001089,  0.034836,  0.047402),  (0.487857,  0.136116)
(-0.019379,  0.014805,  0.052159),  (0.476595,  0.138369)
(-0.003272,  0.044669,  0.045350),  (0.490531,  0.132347)
(-0.193078,  0.110509,  0.039811),  (0.467285,  0.053897)
(0.002595,  0.001357,  -0.164158),  (0.588055,  0.141717)
(-0.225868,  0.158495,  -0.236600),  (0.590126,  0.023556)
(0.017562,  0.019246,  -0.160250),  (0.577270,  0.138675)
(-0.225868,  0.158495,  -0.236600),  (0.590126,  0.023556)
(0.002595,  0.001357,  -0.164158),  (0.588055,  0.141717)
(-0.244190,  0.140539,  -0.239821),  (0.601993,  0.021683)
(0.001885,  0.036551,  0.038156),  (0.490916,  0.137653)
(0.011245,  0.046714,  0.031974),  (0.497156,  0.135440)
(-0.003272,  0.044669,  0.045350),  (0.490531,  0.132347)
(-0.001391,  0.030764,  0.026927),  (0.490848,  0.143486)
(-0.001089,  0.034836,  0.047402),  (0.487857,  0.136116)
(-0.019379,  0.014805,  0.052159),  (0.476595,  0.138369)
(-0.001089,  0.034836,  0.047402),  (0.487857,  0.136116)
(-0.001391,  0.030764,  0.026927),  (0.490848,  0.143486)
(0.001885,  0.036551,  0.038156),  (0.490916,  0.137653)
(-0.019379,  0.014805,  0.052159),  (0.476595,  0.138369)
(-0.020194,  0.010608,  0.033924),  (0.476605,  0.145599)
(-0.001391,  0.030764,  0.026927),  (0.490848,  0.143486)
(-0.166827,  0.177665,  -0.052758),  (0.515861,  0.039791)
(-0.194551,  0.182391,  -0.116734),  (0.535619,  0.022228)
(-0.176318,  0.166313,  -0.056289),  (0.512583,  0.033342)
(-0.194551,  0.182391,  -0.116734),  (0.535619,  0.022228)
(-0.166827,  0.177665,  -0.052758),  (0.515861,  0.039791)
(-0.185496,  0.194113,  -0.115813),  (0.537777,  0.029059)
(0.039544,  0.060505,  -0.064016),  (0.533097,  0.136079)
(-0.166827,  0.177665,  -0.052758),  (0.515861,  0.039791)
(0.032728,  0.059685,  -0.024826),  (0.519237,  0.136151)
(-0.166827,  0.177665,  -0.052758),  (0.515861,  0.039791)
(0.039544,  0.060505,  -0.064016),  (0.533097,  0.136079)
(-0.185496,  0.194113,  -0.115813),  (0.537777,  0.029059)
(-0.176318,  0.166313,  -0.056289),  (0.127742,  0.091649)
(0.013661,  0.043158,  0.002111),  (0.030274,  0.099771)
(-0.183101,  0.151797,  -0.013550),  (0.123492,  0.107979)
(0.013661,  0.043158,  0.002111),  (0.030274,  0.099771)
(-0.176318,  0.166313,  -0.056289),  (0.127742,  0.091649)
(0.022237,  0.046647,  -0.029862),  (0.030211,  0.087889)
(0.010751,  0.014328,  -0.144006),  (0.029237,  0.037897)
(-0.237959,  0.156555,  -0.221642),  (0.151341,  0.027306)
(-0.000403,  0.000996,  -0.146919),  (0.028506,  0.030012)
(-0.000403,  0.000996,  -0.146919),  (0.028506,  0.030012)
(-0.237959,  0.156555,  -0.221642),  (0.151341,  0.027306)
(-0.252438,  0.143114,  -0.223970),  (0.151492,  0.018589)
(-0.199374,  0.181908,  -0.171356),  (0.144862,  0.052878)
(0.032047,  0.046220,  -0.098409),  (0.030303,  0.063394)
(-0.194551,  0.182391,  -0.116734),  (0.140933,  0.071826)
(0.027207,  0.047519,  -0.060987),  (0.030408,  0.076738)
(-0.194551,  0.182391,  -0.116734),  (0.140933,  0.071826)
(0.032047,  0.046220,  -0.098409),  (0.030303,  0.063394)
(-0.194551,  0.182391,  -0.116734),  (0.140933,  0.071826)
(0.027207,  0.047519,  -0.060987),  (0.030408,  0.076738)
(-0.176318,  0.166313,  -0.056289),  (0.127742,  0.091649)
(0.022237,  0.046647,  -0.029862),  (0.030211,  0.087889)
(-0.176318,  0.166313,  -0.056289),  (0.127742,  0.091649)
(0.027207,  0.047519,  -0.060987),  (0.030408,  0.076738)
(-0.174322,  0.162349,  -0.002719),  (0.496719,  0.046004)
(-0.166827,  0.177665,  -0.052758),  (0.515861,  0.039791)
(-0.183101,  0.151797,  -0.013550),  (0.494429,  0.038499)
(-0.183101,  0.151797,  -0.013550),  (0.494429,  0.038499)
(-0.166827,  0.177665,  -0.052758),  (0.515861,  0.039791)
(-0.176318,  0.166313,  -0.056289),  (0.512583,  0.033342)
(-0.205333,  0.112574,  0.020461),  (0.467495,  0.044998)
(-0.216960,  0.093328,  0.046960),  (0.453883,  0.051843)
(-0.193078,  0.110509,  0.039811),  (0.467285,  0.053897)
(-0.216960,  0.093328,  0.046960),  (0.453883,  0.051843)
(-0.205333,  0.112574,  0.020461),  (0.467495,  0.044998)
(-0.219892,  0.097217,  0.021459),  (0.457682,  0.042675)
(-0.219437,  0.181921,  -0.220428),  (0.577534,  0.021626)
(-0.199374,  0.181908,  -0.171356),  (0.557931,  0.017221)
(-0.191688,  0.194917,  -0.177614),  (0.559384,  0.025847)
(-0.199374,  0.181908,  -0.171356),  (0.557931,  0.017221)
(-0.219437,  0.181921,  -0.220428),  (0.577534,  0.021626)
(-0.234293,  0.171580,  -0.207461),  (0.580709,  0.012376)
(-0.205333,  0.112574,  0.020461),  (0.116903,  0.131847)
(-0.031348,  -0.002724,  0.031012),  (0.028506,  0.132342)
(-0.219892,  0.097217,  0.021459),  (0.116484,  0.141275)
(-0.031348,  -0.002724,  0.031012),  (0.028506,  0.132342)
(-0.205333,  0.112574,  0.020461),  (0.116903,  0.131847)
(-0.020194,  0.010608,  0.033924),  (0.029259,  0.124459)
(-0.225868,  0.158495,  -0.236600),  (0.590126,  0.023556)
(-0.252438,  0.143114,  -0.223970),  (0.601398,  0.014136)
(-0.237959,  0.156555,  -0.221642),  (0.591501,  0.015841)
(-0.252438,  0.143114,  -0.223970),  (0.601398,  0.014136)
(-0.225868,  0.158495,  -0.236600),  (0.590126,  0.023556)
(-0.244190,  0.140539,  -0.239821),  (0.601993,  0.021683)
(-0.237959,  0.156555,  -0.221642),  (0.591501,  0.015841)
(-0.219437,  0.181921,  -0.220428),  (0.577534,  0.021626)
(-0.225868,  0.158495,  -0.236600),  (0.590126,  0.023556)
(-0.219437,  0.181921,  -0.220428),  (0.577534,  0.021626)
(-0.237959,  0.156555,  -0.221642),  (0.591501,  0.015841)
(-0.234293,  0.171580,  -0.207461),  (0.580709,  0.012376)
(-0.185496,  0.194113,  -0.115813),  (0.537777,  0.029059)
(-0.199374,  0.181908,  -0.171356),  (0.557931,  0.017221)
(-0.194551,  0.182391,  -0.116734),  (0.535619,  0.022228)
(-0.199374,  0.181908,  -0.171356),  (0.557931,  0.017221)
(-0.185496,  0.194113,  -0.115813),  (0.537777,  0.029059)
(-0.191688,  0.194917,  -0.177614),  (0.559384,  0.025847)
(-0.183101,  0.151797,  -0.013550),  (0.494429,  0.038499)
(-0.185658,  0.155638,  0.013490),  (0.489532,  0.046495)
(-0.174322,  0.162349,  -0.002719),  (0.496719,  0.046004)
(-0.185658,  0.155638,  0.013490),  (0.489532,  0.046495)
(-0.183101,  0.151797,  -0.013550),  (0.494429,  0.038499)
(-0.199780,  0.138748,  0.008490),  (0.481855,  0.041459)
(-0.199780,  0.138748,  0.008490),  (0.481855,  0.041459)
(-0.193078,  0.110509,  0.039811),  (0.467285,  0.053897)
(-0.185658,  0.155638,  0.013490),  (0.489532,  0.046495)
(-0.193078,  0.110509,  0.039811),  (0.467285,  0.053897)
(-0.199780,  0.138748,  0.008490),  (0.481855,  0.041459)
(-0.205333,  0.112574,  0.020461),  (0.467495,  0.044998)
