(-0.619499,  0.000000,  0.278688),  (0.661879,  0.257685)
(0.256605,  0.000000,  0.641583),  (0.782858,  0.307797)
(-0.256605,  0.000000,  0.641583),  (0.711990,  0.307797)
(-0.619499,  0.000000,  0.278688),  (0.661879,  0.257685)
(-0.256605,  0.000000,  0.641583),  (0.711990,  0.307797)
(-0.474144,  0.000000,  0.496228),  (0.681950,  0.287725)
(0.619498,  0.000000,  0.278689),  (0.832970,  0.257685)
(0.619499,  0.000000,  -0.234520),  (0.832970,  0.186817)
(0.670541,  0.000000,  0.022084),  (0.840018,  0.222251)
(-0.619499,  0.000000,  0.278688),  (0.661879,  0.257685)
(0.619499,  0.000000,  -0.234520),  (0.832970,  0.186817)
(0.619498,  0.000000,  0.278689),  (0.832970,  0.257685)
(0.256605,  0.000000,  0.641583),  (0.782858,  0.307797)
(0.619498,  0.000000,  0.278689),  (0.832970,  0.257685)
(0.474144,  0.000000,  0.496228),  (0.812898,  0.287725)
(0.256605,  0.000000,  0.641583),  (0.782858,  0.307797)
(-0.619499,  0.000000,  0.278688),  (0.661879,  0.257685)
(0.619498,  0.000000,  0.278689),  (0.832970,  0.257685)
(-0.256605,  0.000000,  0.641583),  (0.711990,  0.307797)
(0.256605,  0.000000,  0.641583),  (0.782858,  0.307797)
(-0.000000,  0.000000,  0.692625),  (0.747424,  0.314845)
(-0.619499,  0.000000,  0.278688),  (0.661879,  0.257685)
(-0.619498,  0.000000,  -0.234521),  (0.661879,  0.186817)
(-0.256604,  0.000000,  -0.597415),  (0.711990,  0.136706)
(-0.619498,  0.000000,  -0.234521),  (0.661879,  0.186817)
(-0.619499,  0.000000,  0.278688),  (0.661879,  0.257685)
(-0.670541,  0.000000,  0.022084),  (0.654830,  0.222251)
(-0.256604,  0.000000,  -0.597415),  (0.711990,  0.136706)
(-0.619498,  0.000000,  -0.234521),  (0.661879,  0.186817)
(-0.474144,  0.000000,  -0.452060),  (0.681950,  0.156778)
(0.256605,  0.000000,  -0.597415),  (0.782858,  0.136706)
(-0.619499,  0.000000,  0.278688),  (0.661879,  0.257685)
(-0.256604,  0.000000,  -0.597415),  (0.711990,  0.136706)
(0.256605,  0.000000,  -0.597415),  (0.782858,  0.136706)
(-0.256604,  0.000000,  -0.597415),  (0.711990,  0.136706)
(0.000000,  0.000000,  -0.648457),  (0.747424,  0.129657)
(0.619499,  0.000000,  -0.234520),  (0.832970,  0.186817)
(-0.619499,  0.000000,  0.278688),  (0.661879,  0.257685)
(0.256605,  0.000000,  -0.597415),  (0.782858,  0.136706)
(0.619499,  0.000000,  -0.234520),  (0.832970,  0.186817)
(0.256605,  0.000000,  -0.597415),  (0.782858,  0.136706)
(0.474144,  0.000000,  -0.452060),  (0.812898,  0.156778)
(0.652104,  2.198567,  -0.248026),  (0.437155,  0.150217)
(0.499099,  2.198566,  -0.477014),  (0.397011,  0.090138)
(0.000000,  2.198566,  0.022084),  (0.266064,  0.221086)
(0.499099,  2.198566,  -0.477014),  (0.397011,  0.090138)
(0.270110,  2.198566,  -0.630020),  (0.336932,  0.049994)
(0.000000,  2.198566,  0.022084),  (0.266064,  0.221086)
(0.270110,  2.198566,  -0.630020),  (0.336932,  0.049994)
(0.000000,  2.198566,  -0.683748),  (0.266064,  0.035898)
(0.000000,  2.198566,  0.022084),  (0.266064,  0.221086)
(0.000000,  2.198566,  -0.683748),  (0.266064,  0.035898)
(-0.270110,  2.198566,  -0.630020),  (0.195196,  0.049994)
(0.000000,  2.198566,  0.022084),  (0.266064,  0.221086)
(-0.270110,  2.198566,  -0.630020),  (0.195196,  0.049994)
(-0.499098,  2.198566,  -0.477015),  (0.135117,  0.090138)
(0.000000,  2.198566,  0.022084),  (0.266064,  0.221086)
(-0.499098,  2.198566,  -0.477015),  (0.135117,  0.090138)
(-0.652104,  2.198566,  -0.248027),  (0.094973,  0.150217)
(0.000000,  2.198566,  0.022084),  (0.266064,  0.221086)
(-0.652104,  2.198566,  -0.248027),  (0.094973,  0.150217)
(-0.705832,  2.198566,  0.022084),  (0.080876,  0.221085)
(0.000000,  2.198566,  0.022084),  (0.266064,  0.221086)
(-0.705832,  2.198566,  0.022084),  (0.080876,  0.221085)
(-0.652104,  2.198566,  0.292194),  (0.094973,  0.291953)
(0.000000,  2.198566,  0.022084),  (0.266064,  0.221086)
(-0.652104,  2.198566,  0.292194),  (0.094973,  0.291953)
(-0.499099,  2.198566,  0.521182),  (0.135117,  0.352033)
(0.000000,  2.198566,  0.022084),  (0.266064,  0.221086)
(-0.499099,  2.198566,  0.521182),  (0.135117,  0.352033)
(-0.270110,  2.198566,  0.674188),  (0.195196,  0.392176)
(0.000000,  2.198566,  0.022084),  (0.266064,  0.221086)
(-0.270110,  2.198566,  0.674188),  (0.195196,  0.392176)
(-0.000000,  2.198566,  0.727916),  (0.266064,  0.406273)
(0.000000,  2.198566,  0.022084),  (0.266064,  0.221086)
(-0.000000,  2.198566,  0.727916),  (0.266064,  0.406273)
(0.270110,  2.198566,  0.674188),  (0.336932,  0.392176)
(0.000000,  2.198566,  0.022084),  (0.266064,  0.221086)
(0.270110,  2.198566,  0.674188),  (0.336932,  0.392176)
(0.499098,  2.198566,  0.521183),  (0.397011,  0.352033)
(0.000000,  2.198566,  0.022084),  (0.266064,  0.221086)
(0.499098,  2.198566,  0.521183),  (0.397011,  0.352033)
(0.652104,  2.198566,  0.292194),  (0.437155,  0.291954)
(0.000000,  2.198566,  0.022084),  (0.266064,  0.221086)
(0.652104,  2.198566,  0.292194),  (0.437155,  0.291954)
(0.705832,  2.198566,  0.022084),  (0.451252,  0.221086)
(0.000000,  2.198566,  0.022084),  (0.266064,  0.221086)
(0.705832,  2.198566,  0.022084),  (0.451252,  0.221086)
(0.652104,  2.198567,  -0.248026),  (0.437155,  0.150217)
(0.000000,  2.198566,  0.022084),  (0.266064,  0.221086)
(0.652104,  2.198567,  -0.248026),  (0.798370,  0.484600)
(0.499099,  2.244144,  -0.477014),  (0.857668,  0.444861)
(0.499099,  2.198566,  -0.477014),  (0.857668,  0.484600)
(0.499099,  2.244144,  -0.477014),  (0.857668,  0.444861)
(0.652104,  2.198567,  -0.248026),  (0.798370,  0.484600)
(0.652104,  2.244144,  -0.248026),  (0.798370,  0.444861)
(0.270110,  2.198566,  -0.630020),  (0.916966,  0.484600)
(0.499099,  2.244144,  -0.477014),  (0.857668,  0.444861)
(0.270110,  2.244144,  -0.630020),  (0.916966,  0.444861)
(0.499099,  2.244144,  -0.477014),  (0.857668,  0.444861)
(0.270110,  2.198566,  -0.630020),  (0.916966,  0.484600)
(0.499099,  2.198566,  -0.477014),  (0.857668,  0.484600)
(0.000000,  2.198566,  -0.683748),  (0.976264,  0.484600)
(0.270110,  2.244144,  -0.630020),  (0.916966,  0.444861)
(0.000000,  2.244144,  -0.683748),  (0.976264,  0.444861)
(0.270110,  2.244144,  -0.630020),  (0.916966,  0.444861)
(0.000000,  2.198566,  -0.683748),  (0.976264,  0.484600)
(0.270110,  2.198566,  -0.630020),  (0.916966,  0.484600)
(0.000000,  2.244144,  -0.683748),  (0.027493,  0.444861)
(-0.270110,  2.244144,  -0.630020),  (0.086791,  0.444861)
(-0.270110,  2.198566,  -0.630020),  (0.086791,  0.484600)
(0.000000,  2.244144,  -0.683748),  (0.027493,  0.444861)
(-0.270110,  2.198566,  -0.630020),  (0.086791,  0.484600)
(0.000000,  2.198566,  -0.683748),  (0.027493,  0.484600)
(-0.270110,  2.244144,  -0.630020),  (0.086791,  0.444861)
(-0.499098,  2.244144,  -0.477015),  (0.146089,  0.444861)
(-0.499098,  2.198566,  -0.477015),  (0.146089,  0.484600)
(-0.270110,  2.244144,  -0.630020),  (0.086791,  0.444861)
(-0.499098,  2.198566,  -0.477015),  (0.146089,  0.484600)
(-0.270110,  2.198566,  -0.630020),  (0.086791,  0.484600)
(-0.652104,  2.198566,  -0.248027),  (0.205388,  0.484600)
(-0.499098,  2.244144,  -0.477015),  (0.146089,  0.444861)
(-0.652104,  2.244144,  -0.248027),  (0.205388,  0.444861)
(-0.499098,  2.244144,  -0.477015),  (0.146089,  0.444861)
(-0.652104,  2.198566,  -0.248027),  (0.205388,  0.484600)
(-0.499098,  2.198566,  -0.477015),  (0.146089,  0.484600)
(-0.705832,  2.198566,  0.022084),  (0.264686,  0.484600)
(-0.652104,  2.244144,  -0.248027),  (0.205388,  0.444861)
(-0.705832,  2.244144,  0.022084),  (0.264686,  0.444861)
(-0.652104,  2.244144,  -0.248027),  (0.205388,  0.444861)
(-0.705832,  2.198566,  0.022084),  (0.264686,  0.484600)
(-0.652104,  2.198566,  -0.248027),  (0.205388,  0.484600)
(-0.652104,  2.244144,  0.292194),  (0.323984,  0.444861)
(-0.705832,  2.198566,  0.022084),  (0.264686,  0.484600)
(-0.705832,  2.244144,  0.022084),  (0.264686,  0.444861)
(-0.705832,  2.198566,  0.022084),  (0.264686,  0.484600)
(-0.652104,  2.244144,  0.292194),  (0.323984,  0.444861)
(-0.652104,  2.198566,  0.292194),  (0.323984,  0.484600)
(-0.499099,  2.244144,  0.521182),  (0.383282,  0.444861)
(-0.652104,  2.198566,  0.292194),  (0.323984,  0.484600)
(-0.652104,  2.244144,  0.292194),  (0.323984,  0.444861)
(-0.652104,  2.198566,  0.292194),  (0.323984,  0.484600)
(-0.499099,  2.244144,  0.521182),  (0.383282,  0.444861)
(-0.499099,  2.198566,  0.521182),  (0.383282,  0.484600)
(-0.270110,  2.198566,  0.674188),  (0.442581,  0.484600)
(-0.499099,  2.198566,  0.521182),  (0.383282,  0.484600)
(-0.499099,  2.244144,  0.521182),  (0.383282,  0.444861)
(-0.270110,  2.198566,  0.674188),  (0.442581,  0.484600)
(-0.499099,  2.244144,  0.521182),  (0.383282,  0.444861)
(-0.270110,  2.244144,  0.674188),  (0.442581,  0.444861)
(-0.000000,  2.198566,  0.727916),  (0.501879,  0.484600)
(-0.270110,  2.198566,  0.674188),  (0.442581,  0.484600)
(-0.270110,  2.244144,  0.674188),  (0.442581,  0.444861)
(-0.000000,  2.198566,  0.727916),  (0.501879,  0.484600)
(-0.270110,  2.244144,  0.674188),  (0.442581,  0.444861)
(-0.000000,  2.244144,  0.727916),  (0.501879,  0.444861)
(0.270110,  2.198566,  0.674188),  (0.561177,  0.484600)
(-0.000000,  2.198566,  0.727916),  (0.501879,  0.484600)
(-0.000000,  2.244144,  0.727916),  (0.501879,  0.444861)
(0.270110,  2.198566,  0.674188),  (0.561177,  0.484600)
(-0.000000,  2.244144,  0.727916),  (0.501879,  0.444861)
(0.270110,  2.244144,  0.674188),  (0.561177,  0.444861)
(0.499098,  2.198566,  0.521183),  (0.620475,  0.484600)
(0.270110,  2.198566,  0.674188),  (0.561177,  0.484600)
(0.270110,  2.244144,  0.674188),  (0.561177,  0.444861)
(0.499098,  2.198566,  0.521183),  (0.620475,  0.484600)
(0.270110,  2.244144,  0.674188),  (0.561177,  0.444861)
(0.499098,  2.244144,  0.521183),  (0.620475,  0.444861)
(0.652104,  2.198566,  0.292194),  (0.679773,  0.484600)
(0.499098,  2.198566,  0.521183),  (0.620475,  0.484600)
(0.499098,  2.244144,  0.521183),  (0.620475,  0.444861)
(0.499098,  2.244144,  0.521183),  (0.620475,  0.444861)
(0.652104,  2.244144,  0.292194),  (0.679773,  0.444861)
(0.652104,  2.198566,  0.292194),  (0.679773,  0.484600)
(0.705832,  2.198566,  0.022084),  (0.739072,  0.484600)
(0.652104,  2.198566,  0.292194),  (0.679773,  0.484600)
(0.652104,  2.244144,  0.292194),  (0.679773,  0.444861)
(0.652104,  2.244144,  0.292194),  (0.679773,  0.444861)
(0.705832,  2.244144,  0.022084),  (0.739072,  0.444861)
(0.705832,  2.198566,  0.022084),  (0.739072,  0.484600)
(0.652104,  2.198567,  -0.248026),  (0.798370,  0.484600)
(0.705832,  2.198566,  0.022084),  (0.739072,  0.484600)
(0.705832,  2.244144,  0.022084),  (0.739072,  0.444861)
(0.705832,  2.244144,  0.022084),  (0.739072,  0.444861)
(0.652104,  2.244144,  -0.248026),  (0.798370,  0.444861)
(0.652104,  2.198567,  -0.248026),  (0.798370,  0.484600)
(0.661172,  0.000000,  -0.251782),  (0.937157,  0.146269)
(0.499099,  0.000000,  -0.477014),  (0.890591,  0.081556)
(0.506039,  0.000000,  -0.483955),  (0.892585,  0.079562)
(0.499099,  0.000000,  -0.477014),  (0.890591,  0.081556)
(0.661172,  0.000000,  -0.251782),  (0.937157,  0.146269)
(0.652104,  0.000000,  -0.248026),  (0.934552,  0.147349)
(0.670240,  0.000000,  -0.255538),  (0.939763,  0.145190)
(0.506039,  0.000000,  -0.483955),  (0.892585,  0.079562)
(0.512979,  0.000000,  -0.490895),  (0.894579,  0.077568)
(0.506039,  0.000000,  -0.483955),  (0.892585,  0.079562)
(0.670240,  0.000000,  -0.255538),  (0.939763,  0.145190)
(0.661172,  0.000000,  -0.251782),  (0.937157,  0.146269)
(0.661172,  2.250000,  -0.251782),  (0.457913,  0.144148)
(0.506039,  2.250000,  -0.483955),  (0.413585,  0.077806)
(0.499099,  2.244144,  -0.477014),  (0.411602,  0.079789)
(0.661172,  2.250000,  -0.251782),  (0.457913,  0.144148)
(0.499099,  2.244144,  -0.477014),  (0.411602,  0.079789)
(0.652104,  2.244144,  -0.248026),  (0.455322,  0.145221)
(0.670240,  2.244144,  -0.255538),  (0.460504,  0.143075)
(0.512979,  2.244144,  -0.490895),  (0.415568,  0.075823)
(0.506039,  2.250000,  -0.483955),  (0.413585,  0.077806)
(0.670240,  2.244144,  -0.255538),  (0.460504,  0.143075)
(0.506039,  2.250000,  -0.483955),  (0.413585,  0.077806)
(0.661172,  2.250000,  -0.251782),  (0.457913,  0.144148)
(0.506039,  0.000000,  -0.483955),  (0.892585,  0.079562)
(0.270110,  0.000000,  -0.630020),  (0.824799,  0.037595)
(0.273867,  0.000000,  -0.639088),  (0.825878,  0.034990)
(0.270110,  0.000000,  -0.630020),  (0.824799,  0.037595)
(0.506039,  0.000000,  -0.483955),  (0.892585,  0.079562)
(0.499099,  0.000000,  -0.477014),  (0.890591,  0.081556)
(0.512979,  0.000000,  -0.490895),  (0.894579,  0.077568)
(0.273867,  0.000000,  -0.639088),  (0.825878,  0.034990)
(0.277623,  0.000000,  -0.648156),  (0.826957,  0.032384)
(0.273867,  0.000000,  -0.639088),  (0.825878,  0.034990)
(0.512979,  0.000000,  -0.490895),  (0.894579,  0.077568)
(0.506039,  0.000000,  -0.483955),  (0.892585,  0.079562)
(0.506039,  2.250000,  -0.483955),  (0.413585,  0.077806)
(0.273867,  2.250000,  -0.639088),  (0.347243,  0.033478)
(0.270110,  2.244144,  -0.630020),  (0.346170,  0.036069)
(0.270110,  2.244144,  -0.630020),  (0.346170,  0.036069)
(0.499099,  2.244144,  -0.477014),  (0.411602,  0.079789)
(0.506039,  2.250000,  -0.483955),  (0.413585,  0.077806)
(0.512979,  2.244144,  -0.490895),  (0.415568,  0.075823)
(0.277623,  2.244144,  -0.648156),  (0.348316,  0.030887)
(0.273867,  2.250000,  -0.639088),  (0.347243,  0.033478)
(0.273867,  2.250000,  -0.639088),  (0.347243,  0.033478)
(0.506039,  2.250000,  -0.483955),  (0.413585,  0.077806)
(0.512979,  2.244144,  -0.490895),  (0.415568,  0.075823)
(0.000000,  0.000000,  -0.683748),  (0.747192,  0.022158)
(0.273867,  0.000000,  -0.639088),  (0.825878,  0.034990)
(0.270110,  0.000000,  -0.630020),  (0.824799,  0.037595)
(0.273867,  0.000000,  -0.639088),  (0.825878,  0.034990)
(0.000000,  0.000000,  -0.683748),  (0.747192,  0.022158)
(0.000000,  0.000000,  -0.693563),  (0.747192,  0.019338)
(0.000000,  0.000000,  -0.703378),  (0.747192,  0.016518)
(0.273867,  0.000000,  -0.639088),  (0.825878,  0.034990)
(0.000000,  0.000000,  -0.693563),  (0.747192,  0.019338)
(0.273867,  0.000000,  -0.639088),  (0.825878,  0.034990)
(0.000000,  0.000000,  -0.703378),  (0.747192,  0.016518)
(0.277623,  0.000000,  -0.648156),  (0.826957,  0.032384)
(0.273867,  2.250000,  -0.639088),  (0.347243,  0.033478)
(0.000000,  2.250000,  -0.693563),  (0.268987,  0.017912)
(0.000000,  2.244144,  -0.683748),  (0.268987,  0.020716)
(0.000000,  2.244144,  -0.683748),  (0.268987,  0.020716)
(0.270110,  2.244144,  -0.630020),  (0.346170,  0.036069)
(0.273867,  2.250000,  -0.639088),  (0.347243,  0.033478)
(0.277623,  2.244144,  -0.648156),  (0.348316,  0.030887)
(0.000000,  2.244144,  -0.703378),  (0.268987,  0.015107)
(0.000000,  2.250000,  -0.693563),  (0.268987,  0.017912)
(0.000000,  2.250000,  -0.693563),  (0.268987,  0.017912)
(0.273867,  2.250000,  -0.639088),  (0.347243,  0.033478)
(0.277623,  2.244144,  -0.648156),  (0.348316,  0.030887)
(-0.273866,  0.000000,  -0.639088),  (0.668505,  0.034990)
(0.000000,  0.000000,  -0.693563),  (0.747192,  0.019338)
(0.000000,  0.000000,  -0.683748),  (0.747192,  0.022158)
(0.000000,  0.000000,  -0.683748),  (0.747192,  0.022158)
(-0.270110,  0.000000,  -0.630020),  (0.669585,  0.037595)
(-0.273866,  0.000000,  -0.639088),  (0.668505,  0.034990)
(-0.277622,  0.000000,  -0.648156),  (0.667426,  0.032384)
(0.000000,  0.000000,  -0.703378),  (0.747192,  0.016518)
(0.000000,  0.000000,  -0.693563),  (0.747192,  0.019338)
(0.000000,  0.000000,  -0.693563),  (0.747192,  0.019338)
(-0.273866,  0.000000,  -0.639088),  (0.668505,  0.034990)
(-0.277622,  0.000000,  -0.648156),  (0.667426,  0.032384)
(0.000000,  2.250000,  -0.693563),  (0.268987,  0.017912)
(-0.270110,  2.244144,  -0.630020),  (0.191805,  0.036069)
(0.000000,  2.244144,  -0.683748),  (0.268987,  0.020716)
(-0.270110,  2.244144,  -0.630020),  (0.191805,  0.036069)
(0.000000,  2.250000,  -0.693563),  (0.268987,  0.017912)
(-0.273866,  2.250000,  -0.639088),  (0.190732,  0.033478)
(0.000000,  2.244144,  -0.703378),  (0.268987,  0.015107)
(-0.273866,  2.250000,  -0.639088),  (0.190732,  0.033478)
(0.000000,  2.250000,  -0.693563),  (0.268987,  0.017912)
(-0.273866,  2.250000,  -0.639088),  (0.190732,  0.033478)
(0.000000,  2.244144,  -0.703378),  (0.268987,  0.015107)
(-0.277622,  2.244144,  -0.648156),  (0.189658,  0.030887)
(-0.273866,  0.000000,  -0.639088),  (0.668505,  0.034990)
(-0.499098,  0.000000,  -0.477015),  (0.603792,  0.081556)
(-0.506039,  0.000000,  -0.483955),  (0.601798,  0.079562)
(-0.499098,  0.000000,  -0.477015),  (0.603792,  0.081556)
(-0.273866,  0.000000,  -0.639088),  (0.668505,  0.034990)
(-0.270110,  0.000000,  -0.630020),  (0.669585,  0.037595)
(-0.277622,  0.000000,  -0.648156),  (0.667426,  0.032384)
(-0.506039,  0.000000,  -0.483955),  (0.601798,  0.079562)
(-0.512979,  0.000000,  -0.490896),  (0.599804,  0.077568)
(-0.506039,  0.000000,  -0.483955),  (0.601798,  0.079562)
(-0.277622,  0.000000,  -0.648156),  (0.667426,  0.032384)
(-0.273866,  0.000000,  -0.639088),  (0.668505,  0.034990)
(-0.499098,  2.244144,  -0.477015),  (0.126373,  0.079789)
(-0.273866,  2.250000,  -0.639088),  (0.190732,  0.033478)
(-0.506039,  2.250000,  -0.483955),  (0.124390,  0.077806)
(-0.273866,  2.250000,  -0.639088),  (0.190732,  0.033478)
(-0.499098,  2.244144,  -0.477015),  (0.126373,  0.079789)
(-0.270110,  2.244144,  -0.630020),  (0.191805,  0.036069)
(-0.506039,  2.250000,  -0.483955),  (0.124390,  0.077806)
(-0.277622,  2.244144,  -0.648156),  (0.189658,  0.030887)
(-0.512979,  2.244144,  -0.490896),  (0.122407,  0.075823)
(-0.277622,  2.244144,  -0.648156),  (0.189658,  0.030887)
(-0.506039,  2.250000,  -0.483955),  (0.124390,  0.077806)
(-0.273866,  2.250000,  -0.639088),  (0.190732,  0.033478)
(-0.506039,  0.000000,  -0.483955),  (0.601798,  0.079562)
(-0.652104,  0.000000,  -0.248027),  (0.559831,  0.147348)
(-0.661172,  0.000000,  -0.251783),  (0.557226,  0.146269)
(-0.652104,  0.000000,  -0.248027),  (0.559831,  0.147348)
(-0.506039,  0.000000,  -0.483955),  (0.601798,  0.079562)
(-0.499098,  0.000000,  -0.477015),  (0.603792,  0.081556)
(-0.512979,  0.000000,  -0.490896),  (0.599804,  0.077568)
(-0.661172,  0.000000,  -0.251783),  (0.557226,  0.146269)
(-0.670239,  0.000000,  -0.255539),  (0.554621,  0.145190)
(-0.661172,  0.000000,  -0.251783),  (0.557226,  0.146269)
(-0.512979,  0.000000,  -0.490896),  (0.599804,  0.077568)
(-0.506039,  0.000000,  -0.483955),  (0.601798,  0.079562)
(-0.506039,  2.250000,  -0.483955),  (0.124390,  0.077806)
(-0.661172,  2.250000,  -0.251783),  (0.080062,  0.144148)
(-0.652104,  2.244144,  -0.248027),  (0.082653,  0.145221)
(-0.506039,  2.250000,  -0.483955),  (0.124390,  0.077806)
(-0.652104,  2.244144,  -0.248027),  (0.082653,  0.145221)
(-0.499098,  2.244144,  -0.477015),  (0.126373,  0.079789)
(-0.670239,  2.244144,  -0.255539),  (0.077471,  0.143075)
(-0.506039,  2.250000,  -0.483955),  (0.124390,  0.077806)
(-0.512979,  2.244144,  -0.490896),  (0.122407,  0.075823)
(-0.506039,  2.250000,  -0.483955),  (0.124390,  0.077806)
(-0.670239,  2.244144,  -0.255539),  (0.077471,  0.143075)
(-0.661172,  2.250000,  -0.251783),  (0.080062,  0.144148)
(-0.661172,  0.000000,  -0.251783),  (0.557226,  0.146269)
(-0.705832,  0.000000,  0.022084),  (0.544394,  0.224956)
(-0.715647,  0.000000,  0.022084),  (0.541574,  0.224956)
(-0.705832,  0.000000,  0.022084),  (0.544394,  0.224956)
(-0.661172,  0.000000,  -0.251783),  (0.557226,  0.146269)
(-0.652104,  0.000000,  -0.248027),  (0.559831,  0.147348)
(-0.670239,  0.000000,  -0.255539),  (0.554621,  0.145190)
(-0.715647,  0.000000,  0.022084),  (0.541574,  0.224956)
(-0.725462,  0.000000,  0.022084),  (0.538754,  0.224956)
(-0.715647,  0.000000,  0.022084),  (0.541574,  0.224956)
(-0.670239,  0.000000,  -0.255539),  (0.554621,  0.145190)
(-0.661172,  0.000000,  -0.251783),  (0.557226,  0.146269)
(-0.661172,  2.250000,  -0.251783),  (0.080062,  0.144148)
(-0.715647,  2.250000,  0.022084),  (0.064496,  0.222403)
(-0.705832,  2.244144,  0.022084),  (0.067300,  0.222403)
(-0.661172,  2.250000,  -0.251783),  (0.080062,  0.144148)
(-0.705832,  2.244144,  0.022084),  (0.067300,  0.222403)
(-0.652104,  2.244144,  -0.248027),  (0.082653,  0.145221)
(-0.725462,  2.244144,  0.022084),  (0.061691,  0.222403)
(-0.661172,  2.250000,  -0.251783),  (0.080062,  0.144148)
(-0.670239,  2.244144,  -0.255539),  (0.077471,  0.143075)
(-0.661172,  2.250000,  -0.251783),  (0.080062,  0.144148)
(-0.725462,  2.244144,  0.022084),  (0.061691,  0.222403)
(-0.715647,  2.250000,  0.022084),  (0.064496,  0.222403)
(-0.661172,  0.000000,  0.295950),  (0.557226,  0.303642)
(-0.705832,  0.000000,  0.022084),  (0.544394,  0.224956)
(-0.652104,  0.000000,  0.292194),  (0.559831,  0.302563)
(-0.705832,  0.000000,  0.022084),  (0.544394,  0.224956)
(-0.661172,  0.000000,  0.295950),  (0.557226,  0.303642)
(-0.715647,  0.000000,  0.022084),  (0.541574,  0.224956)
(-0.670240,  0.000000,  0.299706),  (0.554621,  0.304721)
(-0.715647,  0.000000,  0.022084),  (0.541574,  0.224956)
(-0.661172,  0.000000,  0.295950),  (0.557226,  0.303642)
(-0.715647,  0.000000,  0.022084),  (0.541574,  0.224956)
(-0.670240,  0.000000,  0.299706),  (0.554621,  0.304721)
(-0.725462,  0.000000,  0.022084),  (0.538754,  0.224956)
(-0.715647,  2.250000,  0.022084),  (0.064496,  0.222403)
(-0.661172,  2.250000,  0.295950),  (0.080062,  0.300659)
(-0.652104,  2.244144,  0.292194),  (0.082653,  0.299586)
(-0.652104,  2.244144,  0.292194),  (0.082653,  0.299586)
(-0.705832,  2.244144,  0.022084),  (0.067300,  0.222403)
(-0.715647,  2.250000,  0.022084),  (0.064496,  0.222403)
(-0.725462,  2.244144,  0.022084),  (0.061691,  0.222403)
(-0.670240,  2.244144,  0.299706),  (0.077471,  0.301732)
(-0.661172,  2.250000,  0.295950),  (0.080062,  0.300659)
(-0.661172,  2.250000,  0.295950),  (0.080062,  0.300659)
(-0.715647,  2.250000,  0.022084),  (0.064496,  0.222403)
(-0.725462,  2.244144,  0.022084),  (0.061691,  0.222403)
(-0.506039,  0.000000,  0.528123),  (0.601798,  0.370349)
(-0.661172,  0.000000,  0.295950),  (0.557226,  0.303642)
(-0.652104,  0.000000,  0.292194),  (0.559831,  0.302563)
(-0.652104,  0.000000,  0.292194),  (0.559831,  0.302563)
(-0.499099,  0.000000,  0.521182),  (0.603792,  0.368355)
(-0.506039,  0.000000,  0.528123),  (0.601798,  0.370349)
(-0.670240,  0.000000,  0.299706),  (0.554621,  0.304721)
(-0.506039,  0.000000,  0.528123),  (0.601798,  0.370349)
(-0.512979,  0.000000,  0.535063),  (0.599804,  0.372343)
(-0.506039,  0.000000,  0.528123),  (0.601798,  0.370349)
(-0.670240,  0.000000,  0.299706),  (0.554621,  0.304721)
(-0.661172,  0.000000,  0.295950),  (0.557226,  0.303642)
(-0.652104,  2.244144,  0.292194),  (0.082653,  0.299586)
(-0.506039,  2.250000,  0.528123),  (0.124390,  0.367001)
(-0.499099,  2.244144,  0.521182),  (0.126373,  0.365018)
(-0.506039,  2.250000,  0.528123),  (0.124390,  0.367001)
(-0.652104,  2.244144,  0.292194),  (0.082653,  0.299586)
(-0.661172,  2.250000,  0.295950),  (0.080062,  0.300659)
(-0.670240,  2.244144,  0.299706),  (0.077471,  0.301732)
(-0.506039,  2.250000,  0.528123),  (0.124390,  0.367001)
(-0.661172,  2.250000,  0.295950),  (0.080062,  0.300659)
(-0.506039,  2.250000,  0.528123),  (0.124390,  0.367001)
(-0.670240,  2.244144,  0.299706),  (0.077471,  0.301732)
(-0.512979,  2.244144,  0.535063),  (0.122406,  0.368984)
(-0.273866,  0.000000,  0.683256),  (0.668505,  0.414921)
(-0.506039,  0.000000,  0.528123),  (0.601798,  0.370349)
(-0.499099,  0.000000,  0.521182),  (0.603792,  0.368355)
(-0.499099,  0.000000,  0.521182),  (0.603792,  0.368355)
(-0.270110,  0.000000,  0.674188),  (0.669584,  0.412316)
(-0.273866,  0.000000,  0.683256),  (0.668505,  0.414921)
(-0.277622,  0.000000,  0.692324),  (0.667426,  0.417527)
(-0.512979,  0.000000,  0.535063),  (0.599804,  0.372343)
(-0.506039,  0.000000,  0.528123),  (0.601798,  0.370349)
(-0.506039,  0.000000,  0.528123),  (0.601798,  0.370349)
(-0.273866,  0.000000,  0.683256),  (0.668505,  0.414921)
(-0.277622,  0.000000,  0.692324),  (0.667426,  0.417527)
(-0.499099,  2.244144,  0.521182),  (0.126373,  0.365018)
(-0.273866,  2.250000,  0.683256),  (0.190732,  0.411329)
(-0.270110,  2.244144,  0.674188),  (0.191805,  0.408738)
(-0.273866,  2.250000,  0.683256),  (0.190732,  0.411329)
(-0.499099,  2.244144,  0.521182),  (0.126373,  0.365018)
(-0.506039,  2.250000,  0.528123),  (0.124390,  0.367001)
(-0.512979,  2.244144,  0.535063),  (0.122406,  0.368984)
(-0.273866,  2.250000,  0.683256),  (0.190732,  0.411329)
(-0.506039,  2.250000,  0.528123),  (0.124390,  0.367001)
(-0.273866,  2.250000,  0.683256),  (0.190732,  0.411329)
(-0.512979,  2.244144,  0.535063),  (0.122406,  0.368984)
(-0.277622,  2.244144,  0.692324),  (0.189658,  0.413920)
(-0.273866,  0.000000,  0.683256),  (0.668505,  0.414921)
(-0.000000,  0.000000,  0.727916),  (0.747192,  0.427753)
(-0.000000,  0.000000,  0.737731),  (0.747192,  0.430573)
(-0.000000,  0.000000,  0.727916),  (0.747192,  0.427753)
(-0.273866,  0.000000,  0.683256),  (0.668505,  0.414921)
(-0.270110,  0.000000,  0.674188),  (0.669584,  0.412316)
(-0.000000,  0.000000,  0.747546),  (0.747192,  0.433393)
(-0.277622,  0.000000,  0.692324),  (0.667426,  0.417527)
(-0.273866,  0.000000,  0.683256),  (0.668505,  0.414921)
(-0.000000,  0.000000,  0.747546),  (0.747192,  0.433393)
(-0.273866,  0.000000,  0.683256),  (0.668505,  0.414921)
(-0.000000,  0.000000,  0.737731),  (0.747192,  0.430573)
(-0.273866,  2.250000,  0.683256),  (0.190732,  0.411329)
(-0.000000,  2.250000,  0.737731),  (0.268987,  0.426895)
(-0.000000,  2.244144,  0.727916),  (0.268987,  0.424091)
(-0.273866,  2.250000,  0.683256),  (0.190732,  0.411329)
(-0.000000,  2.244144,  0.727916),  (0.268987,  0.424091)
(-0.270110,  2.244144,  0.674188),  (0.191805,  0.408738)
(-0.277622,  2.244144,  0.692324),  (0.189658,  0.413920)
(-0.000000,  2.244144,  0.747546),  (0.268987,  0.429700)
(-0.000000,  2.250000,  0.737731),  (0.268987,  0.426895)
(-0.277622,  2.244144,  0.692324),  (0.189658,  0.413920)
(-0.000000,  2.250000,  0.737731),  (0.268987,  0.426895)
(-0.273866,  2.250000,  0.683256),  (0.190732,  0.411329)
(0.273866,  0.000000,  0.683256),  (0.825878,  0.414921)
(-0.000000,  0.000000,  0.737731),  (0.747192,  0.430573)
(-0.000000,  0.000000,  0.727916),  (0.747192,  0.427753)
(0.273866,  0.000000,  0.683256),  (0.825878,  0.414921)
(-0.000000,  0.000000,  0.727916),  (0.747192,  0.427753)
(0.270110,  0.000000,  0.674188),  (0.824799,  0.412316)
(0.277622,  0.000000,  0.692324),  (0.826957,  0.417527)
(-0.000000,  0.000000,  0.747546),  (0.747192,  0.433393)
(-0.000000,  0.000000,  0.737731),  (0.747192,  0.430573)
(0.277622,  0.000000,  0.692324),  (0.826957,  0.417527)
(-0.000000,  0.000000,  0.737731),  (0.747192,  0.430573)
(0.273866,  0.000000,  0.683256),  (0.825878,  0.414921)
(-0.000000,  2.250000,  0.737731),  (0.268987,  0.426895)
(0.273866,  2.250000,  0.683256),  (0.347243,  0.411329)
(0.270110,  2.244144,  0.674188),  (0.346169,  0.408738)
(-0.000000,  2.250000,  0.737731),  (0.268987,  0.426895)
(0.270110,  2.244144,  0.674188),  (0.346169,  0.408738)
(-0.000000,  2.244144,  0.727916),  (0.268987,  0.424091)
(-0.000000,  2.244144,  0.747546),  (0.268987,  0.429700)
(0.277622,  2.244144,  0.692324),  (0.348316,  0.413920)
(0.273866,  2.250000,  0.683256),  (0.347243,  0.411329)
(-0.000000,  2.244144,  0.747546),  (0.268987,  0.429700)
(0.273866,  2.250000,  0.683256),  (0.347243,  0.411329)
(-0.000000,  2.250000,  0.737731),  (0.268987,  0.426895)
(0.499098,  0.000000,  0.521183),  (0.890591,  0.368355)
(0.273866,  0.000000,  0.683256),  (0.825878,  0.414921)
(0.270110,  0.000000,  0.674188),  (0.824799,  0.412316)
(0.273866,  0.000000,  0.683256),  (0.825878,  0.414921)
(0.499098,  0.000000,  0.521183),  (0.890591,  0.368355)
(0.506039,  0.000000,  0.528123),  (0.892585,  0.370349)
(0.512979,  0.000000,  0.535063),  (0.894579,  0.372343)
(0.273866,  0.000000,  0.683256),  (0.825878,  0.414921)
(0.506039,  0.000000,  0.528123),  (0.892585,  0.370349)
(0.273866,  0.000000,  0.683256),  (0.825878,  0.414921)
(0.512979,  0.000000,  0.535063),  (0.894579,  0.372343)
(0.277622,  0.000000,  0.692324),  (0.826957,  0.417527)
(0.273866,  2.250000,  0.683256),  (0.347243,  0.411329)
(0.506039,  2.250000,  0.528123),  (0.413585,  0.367001)
(0.499098,  2.244144,  0.521183),  (0.411602,  0.365018)
(0.499098,  2.244144,  0.521183),  (0.411602,  0.365018)
(0.270110,  2.244144,  0.674188),  (0.346169,  0.408738)
(0.273866,  2.250000,  0.683256),  (0.347243,  0.411329)
(0.512979,  2.244144,  0.535063),  (0.415568,  0.368984)
(0.273866,  2.250000,  0.683256),  (0.347243,  0.411329)
(0.277622,  2.244144,  0.692324),  (0.348316,  0.413920)
(0.273866,  2.250000,  0.683256),  (0.347243,  0.411329)
(0.512979,  2.244144,  0.535063),  (0.415568,  0.368984)
(0.506039,  2.250000,  0.528123),  (0.413585,  0.367001)
(0.652104,  0.000000,  0.292194),  (0.934552,  0.302563)
(0.506039,  0.000000,  0.528123),  (0.892585,  0.370349)
(0.499098,  0.000000,  0.521183),  (0.890591,  0.368355)
(0.506039,  0.000000,  0.528123),  (0.892585,  0.370349)
(0.652104,  0.000000,  0.292194),  (0.934552,  0.302563)
(0.661172,  0.000000,  0.295950),  (0.937157,  0.303642)
(0.670240,  0.000000,  0.299706),  (0.939763,  0.304721)
(0.506039,  0.000000,  0.528123),  (0.892585,  0.370349)
(0.661172,  0.000000,  0.295950),  (0.937157,  0.303642)
(0.506039,  0.000000,  0.528123),  (0.892585,  0.370349)
(0.670240,  0.000000,  0.299706),  (0.939763,  0.304721)
(0.512979,  0.000000,  0.535063),  (0.894579,  0.372343)
(0.506039,  2.250000,  0.528123),  (0.413585,  0.367001)
(0.661172,  2.250000,  0.295950),  (0.457913,  0.300659)
(0.652104,  2.244144,  0.292194),  (0.455322,  0.299586)
(0.652104,  2.244144,  0.292194),  (0.455322,  0.299586)
(0.499098,  2.244144,  0.521183),  (0.411602,  0.365018)
(0.506039,  2.250000,  0.528123),  (0.413585,  0.367001)
(0.670240,  2.244144,  0.299706),  (0.460504,  0.301732)
(0.506039,  2.250000,  0.528123),  (0.413585,  0.367001)
(0.512979,  2.244144,  0.535063),  (0.415568,  0.368984)
(0.506039,  2.250000,  0.528123),  (0.413585,  0.367001)
(0.670240,  2.244144,  0.299706),  (0.460504,  0.301732)
(0.661172,  2.250000,  0.295950),  (0.457913,  0.300659)
(0.715647,  0.000000,  0.022084),  (0.952809,  0.224956)
(0.661172,  0.000000,  0.295950),  (0.937157,  0.303642)
(0.652104,  0.000000,  0.292194),  (0.934552,  0.302563)
(0.652104,  0.000000,  0.292194),  (0.934552,  0.302563)
(0.705832,  0.000000,  0.022084),  (0.949989,  0.224956)
(0.715647,  0.000000,  0.022084),  (0.952809,  0.224956)
(0.670240,  0.000000,  0.299706),  (0.939763,  0.304721)
(0.715647,  0.000000,  0.022084),  (0.952809,  0.224956)
(0.725462,  0.000000,  0.022084),  (0.955629,  0.224956)
(0.715647,  0.000000,  0.022084),  (0.952809,  0.224956)
(0.670240,  0.000000,  0.299706),  (0.939763,  0.304721)
(0.661172,  0.000000,  0.295950),  (0.937157,  0.303642)
(0.661172,  2.250000,  0.295950),  (0.457913,  0.300659)
(0.705832,  2.244144,  0.022084),  (0.470674,  0.222403)
(0.652104,  2.244144,  0.292194),  (0.455322,  0.299586)
(0.705832,  2.244144,  0.022084),  (0.470674,  0.222403)
(0.661172,  2.250000,  0.295950),  (0.457913,  0.300659)
(0.715647,  2.250000,  0.022084),  (0.473479,  0.222403)
(0.670240,  2.244144,  0.299706),  (0.460504,  0.301732)
(0.715647,  2.250000,  0.022084),  (0.473479,  0.222403)
(0.661172,  2.250000,  0.295950),  (0.457913,  0.300659)
(0.715647,  2.250000,  0.022084),  (0.473479,  0.222403)
(0.670240,  2.244144,  0.299706),  (0.460504,  0.301732)
(0.725462,  2.244144,  0.022084),  (0.476284,  0.222403)
(0.661172,  0.000000,  -0.251782),  (0.937157,  0.146269)
(0.715647,  0.000000,  0.022084),  (0.952809,  0.224956)
(0.705832,  0.000000,  0.022084),  (0.949989,  0.224956)
(0.661172,  0.000000,  -0.251782),  (0.937157,  0.146269)
(0.705832,  0.000000,  0.022084),  (0.949989,  0.224956)
(0.652104,  0.000000,  -0.248026),  (0.934552,  0.147349)
(0.670240,  0.000000,  -0.255538),  (0.939763,  0.145190)
(0.725462,  0.000000,  0.022084),  (0.955629,  0.224956)
(0.715647,  0.000000,  0.022084),  (0.952809,  0.224956)
(0.670240,  0.000000,  -0.255538),  (0.939763,  0.145190)
(0.715647,  0.000000,  0.022084),  (0.952809,  0.224956)
(0.661172,  0.000000,  -0.251782),  (0.937157,  0.146269)
(0.715647,  2.250000,  0.022084),  (0.473479,  0.222403)
(0.661172,  2.250000,  -0.251782),  (0.457913,  0.144148)
(0.652104,  2.244144,  -0.248026),  (0.455322,  0.145221)
(0.715647,  2.250000,  0.022084),  (0.473479,  0.222403)
(0.652104,  2.244144,  -0.248026),  (0.455322,  0.145221)
(0.705832,  2.244144,  0.022084),  (0.470674,  0.222403)
(0.725462,  2.244144,  0.022084),  (0.476284,  0.222403)
(0.670240,  2.244144,  -0.255538),  (0.460504,  0.143075)
(0.661172,  2.250000,  -0.251782),  (0.457913,  0.144148)
(0.725462,  2.244144,  0.022084),  (0.476284,  0.222403)
(0.661172,  2.250000,  -0.251782),  (0.457913,  0.144148)
(0.715647,  2.250000,  0.022084),  (0.473479,  0.222403)
(0.530330,  1.700270,  0.552414),  (0.621303,  0.609294)
(0.692910,  1.700270,  0.309097),  (0.681094,  0.609294)
(0.530330,  1.708655,  0.552414),  (0.621303,  0.607507)
(0.530330,  1.708655,  0.552414),  (0.621303,  0.607507)
(0.692910,  1.700270,  0.309097),  (0.681094,  0.609294)
(0.692909,  1.708655,  0.309097),  (0.681094,  0.607507)
(0.530330,  1.708655,  0.552414),  (0.621303,  0.607507)
(0.287013,  1.700270,  0.714994),  (0.561511,  0.609294)
(0.530330,  1.700270,  0.552414),  (0.621303,  0.609294)
(0.287013,  1.700270,  0.714994),  (0.561511,  0.609294)
(0.530330,  1.708655,  0.552414),  (0.621303,  0.607507)
(0.287012,  1.708655,  0.714994),  (0.561511,  0.607507)
(0.287012,  1.708655,  0.714994),  (0.561511,  0.607507)
(-0.000000,  1.700270,  0.772084),  (0.501719,  0.609294)
(0.287013,  1.700270,  0.714994),  (0.561511,  0.609294)
(-0.000000,  1.700270,  0.772084),  (0.501719,  0.609294)
(0.287012,  1.708655,  0.714994),  (0.561511,  0.607507)
(-0.000000,  1.708655,  0.772084),  (0.501719,  0.607507)
(-0.000000,  1.708655,  0.772084),  (0.501719,  0.607507)
(-0.287013,  1.700270,  0.714994),  (0.441928,  0.609294)
(-0.000000,  1.700270,  0.772084),  (0.501719,  0.609294)
(-0.287013,  1.700270,  0.714994),  (0.441928,  0.609294)
(-0.000000,  1.708655,  0.772084),  (0.501719,  0.607507)
(-0.287013,  1.708655,  0.714994),  (0.441928,  0.607507)
(-0.530330,  1.708655,  0.552414),  (0.382136,  0.607507)
(-0.287013,  1.700270,  0.714994),  (0.441928,  0.609294)
(-0.287013,  1.708655,  0.714994),  (0.441928,  0.607507)
(-0.287013,  1.700270,  0.714994),  (0.441928,  0.609294)
(-0.530330,  1.708655,  0.552414),  (0.382136,  0.607507)
(-0.530330,  1.700270,  0.552414),  (0.382136,  0.609294)
(-0.530330,  1.708655,  0.552414),  (0.382136,  0.607507)
(-0.692910,  1.708655,  0.309096),  (0.322344,  0.607507)
(-0.530330,  1.700270,  0.552414),  (0.382136,  0.609294)
(-0.530330,  1.700270,  0.552414),  (0.382136,  0.609294)
(-0.692910,  1.708655,  0.309096),  (0.322344,  0.607507)
(-0.692910,  1.700270,  0.309096),  (0.322344,  0.609294)
(-0.750000,  1.708655,  0.022084),  (0.262552,  0.607507)
(-0.692910,  1.700270,  0.309096),  (0.322344,  0.609294)
(-0.692910,  1.708655,  0.309096),  (0.322344,  0.607507)
(-0.692910,  1.700270,  0.309096),  (0.322344,  0.609294)
(-0.750000,  1.708655,  0.022084),  (0.262552,  0.607507)
(-0.750000,  1.700270,  0.022084),  (0.262552,  0.609294)
(-0.750000,  1.708655,  0.022084),  (0.262552,  0.607507)
(-0.692909,  1.708655,  -0.264929),  (0.202761,  0.607507)
(-0.750000,  1.700270,  0.022084),  (0.262552,  0.609294)
(-0.750000,  1.700270,  0.022084),  (0.262552,  0.609294)
(-0.692909,  1.708655,  -0.264929),  (0.202761,  0.607507)
(-0.692909,  1.700270,  -0.264929),  (0.202761,  0.609294)
(-0.692909,  1.708655,  -0.264929),  (0.202761,  0.607507)
(-0.530330,  1.708655,  -0.508246),  (0.142969,  0.607507)
(-0.692909,  1.700270,  -0.264929),  (0.202761,  0.609294)
(-0.692909,  1.700270,  -0.264929),  (0.202761,  0.609294)
(-0.530330,  1.708655,  -0.508246),  (0.142969,  0.607507)
(-0.530330,  1.700270,  -0.508246),  (0.142969,  0.609294)
(-0.530330,  1.708655,  -0.508246),  (0.142969,  0.607507)
(-0.287012,  1.700270,  -0.670826),  (0.083177,  0.609294)
(-0.530330,  1.700270,  -0.508246),  (0.142969,  0.609294)
(-0.287012,  1.700270,  -0.670826),  (0.083177,  0.609294)
(-0.530330,  1.708655,  -0.508246),  (0.142969,  0.607507)
(-0.287012,  1.708655,  -0.670826),  (0.083177,  0.607507)
(-0.287012,  1.708655,  -0.670826),  (0.083177,  0.607507)
(0.000000,  1.700270,  -0.727916),  (0.023386,  0.609294)
(-0.287012,  1.700270,  -0.670826),  (0.083177,  0.609294)
(0.000000,  1.700270,  -0.727916),  (0.023386,  0.609294)
(-0.287012,  1.708655,  -0.670826),  (0.083177,  0.607507)
(0.000000,  1.708655,  -0.727916),  (0.023386,  0.607507)
(0.000000,  1.708655,  -0.727916),  (0.980053,  0.607507)
(0.287013,  1.700270,  -0.670826),  (0.920261,  0.609294)
(0.000000,  1.700270,  -0.727916),  (0.980053,  0.609294)
(0.287013,  1.700270,  -0.670826),  (0.920261,  0.609294)
(0.000000,  1.708655,  -0.727916),  (0.980053,  0.607507)
(0.287013,  1.708655,  -0.670826),  (0.920261,  0.607507)
(0.287013,  1.708655,  -0.670826),  (0.920261,  0.607507)
(0.530330,  1.700270,  -0.508246),  (0.860469,  0.609294)
(0.287013,  1.700270,  -0.670826),  (0.920261,  0.609294)
(0.530330,  1.700270,  -0.508246),  (0.860469,  0.609294)
(0.287013,  1.708655,  -0.670826),  (0.920261,  0.607507)
(0.530330,  1.708655,  -0.508246),  (0.860469,  0.607507)
(0.692910,  1.700270,  -0.264928),  (0.800678,  0.609294)
(0.530330,  1.708655,  -0.508246),  (0.860469,  0.607507)
(0.692910,  1.708655,  -0.264928),  (0.800678,  0.607507)
(0.530330,  1.708655,  -0.508246),  (0.860469,  0.607507)
(0.692910,  1.700270,  -0.264928),  (0.800678,  0.609294)
(0.530330,  1.700270,  -0.508246),  (0.860469,  0.609294)
(0.750000,  1.700270,  0.022084),  (0.740886,  0.609294)
(0.692910,  1.700270,  -0.264928),  (0.800678,  0.609294)
(0.750000,  1.708655,  0.022084),  (0.740886,  0.607507)
(0.750000,  1.708655,  0.022084),  (0.740886,  0.607507)
(0.692910,  1.700270,  -0.264928),  (0.800678,  0.609294)
(0.692910,  1.708655,  -0.264928),  (0.800678,  0.607507)
(0.692910,  1.700270,  0.309097),  (0.681094,  0.609294)
(0.750000,  1.700270,  0.022084),  (0.740886,  0.609294)
(0.692909,  1.708655,  0.309097),  (0.681094,  0.607507)
(0.692909,  1.708655,  0.309097),  (0.681094,  0.607507)
(0.750000,  1.700270,  0.022084),  (0.740886,  0.609294)
(0.750000,  1.708655,  0.022084),  (0.740886,  0.607507)
(0.530330,  0.535489,  0.552414),  (0.621303,  0.857564)
(0.692910,  0.543875,  0.309097),  (0.681094,  0.855777)
(0.530330,  0.543875,  0.552414),  (0.621303,  0.855777)
(0.692910,  0.543875,  0.309097),  (0.681094,  0.855777)
(0.530330,  0.535489,  0.552414),  (0.621303,  0.857564)
(0.692910,  0.535489,  0.309097),  (0.681094,  0.857564)
(0.530330,  0.543875,  0.552414),  (0.621303,  0.855777)
(0.287013,  0.535489,  0.714994),  (0.561511,  0.857564)
(0.530330,  0.535489,  0.552414),  (0.621303,  0.857564)
(0.287013,  0.535489,  0.714994),  (0.561511,  0.857564)
(0.530330,  0.543875,  0.552414),  (0.621303,  0.855777)
(0.287013,  0.543875,  0.714994),  (0.561511,  0.855777)
(0.287013,  0.543875,  0.714994),  (0.561511,  0.855777)
(-0.000000,  0.535489,  0.772084),  (0.501719,  0.857564)
(0.287013,  0.535489,  0.714994),  (0.561511,  0.857564)
(-0.000000,  0.535489,  0.772084),  (0.501719,  0.857564)
(0.287013,  0.543875,  0.714994),  (0.561511,  0.855777)
(-0.000000,  0.543875,  0.772084),  (0.501719,  0.855777)
(-0.287013,  0.543875,  0.714994),  (0.441928,  0.855777)
(-0.000000,  0.535489,  0.772084),  (0.501719,  0.857564)
(-0.000000,  0.543875,  0.772084),  (0.501719,  0.855777)
(-0.000000,  0.535489,  0.772084),  (0.501719,  0.857564)
(-0.287013,  0.543875,  0.714994),  (0.441928,  0.855777)
(-0.287013,  0.535489,  0.714993),  (0.441928,  0.857564)
(-0.530330,  0.543875,  0.552414),  (0.382136,  0.855777)
(-0.287013,  0.535489,  0.714993),  (0.441928,  0.857564)
(-0.287013,  0.543875,  0.714994),  (0.441928,  0.855777)
(-0.287013,  0.535489,  0.714993),  (0.441928,  0.857564)
(-0.530330,  0.543875,  0.552414),  (0.382136,  0.855777)
(-0.530330,  0.535489,  0.552414),  (0.382136,  0.857564)
(-0.530330,  0.543875,  0.552414),  (0.382136,  0.855777)
(-0.692910,  0.535489,  0.309096),  (0.322344,  0.857564)
(-0.530330,  0.535489,  0.552414),  (0.382136,  0.857564)
(-0.692910,  0.535489,  0.309096),  (0.322344,  0.857564)
(-0.530330,  0.543875,  0.552414),  (0.382136,  0.855777)
(-0.692910,  0.543875,  0.309096),  (0.322344,  0.855777)
(-0.692910,  0.543875,  0.309096),  (0.322344,  0.855777)
(-0.750000,  0.535489,  0.022084),  (0.262552,  0.857564)
(-0.692910,  0.535489,  0.309096),  (0.322344,  0.857564)
(-0.750000,  0.535489,  0.022084),  (0.262552,  0.857564)
(-0.692910,  0.543875,  0.309096),  (0.322344,  0.855777)
(-0.750000,  0.543875,  0.022084),  (0.262552,  0.855777)
(-0.750000,  0.543875,  0.022084),  (0.262552,  0.855777)
(-0.692909,  0.543875,  -0.264929),  (0.202761,  0.855777)
(-0.750000,  0.535489,  0.022084),  (0.262552,  0.857564)
(-0.750000,  0.535489,  0.022084),  (0.262552,  0.857564)
(-0.692909,  0.543875,  -0.264929),  (0.202761,  0.855777)
(-0.692909,  0.535489,  -0.264929),  (0.202761,  0.857564)
(-0.692909,  0.543875,  -0.264929),  (0.202761,  0.855777)
(-0.530330,  0.543875,  -0.508246),  (0.142969,  0.855777)
(-0.692909,  0.535489,  -0.264929),  (0.202761,  0.857564)
(-0.692909,  0.535489,  -0.264929),  (0.202761,  0.857564)
(-0.530330,  0.543875,  -0.508246),  (0.142969,  0.855777)
(-0.530330,  0.535489,  -0.508246),  (0.142969,  0.857564)
(-0.530330,  0.543875,  -0.508246),  (0.142969,  0.855777)
(-0.287012,  0.535489,  -0.670826),  (0.083177,  0.857564)
(-0.530330,  0.535489,  -0.508246),  (0.142969,  0.857564)
(-0.287012,  0.535489,  -0.670826),  (0.083177,  0.857564)
(-0.530330,  0.543875,  -0.508246),  (0.142969,  0.855777)
(-0.287012,  0.543875,  -0.670826),  (0.083177,  0.855777)
(-0.287012,  0.543875,  -0.670826),  (0.083177,  0.855777)
(0.000000,  0.535489,  -0.727916),  (0.023386,  0.857564)
(-0.287012,  0.535489,  -0.670826),  (0.083177,  0.857564)
(0.000000,  0.535489,  -0.727916),  (0.023386,  0.857564)
(-0.287012,  0.543875,  -0.670826),  (0.083177,  0.855777)
(0.000000,  0.543875,  -0.727916),  (0.023386,  0.855777)
(0.000000,  0.543875,  -0.727916),  (0.980053,  0.855777)
(0.287013,  0.543875,  -0.670826),  (0.920261,  0.855777)
(0.000000,  0.535489,  -0.727916),  (0.980053,  0.857564)
(0.287013,  0.535489,  -0.670826),  (0.920261,  0.857564)
(0.000000,  0.535489,  -0.727916),  (0.980053,  0.857564)
(0.287013,  0.543875,  -0.670826),  (0.920261,  0.855777)
(0.287013,  0.543875,  -0.670826),  (0.920261,  0.855777)
(0.530330,  0.543875,  -0.508246),  (0.860469,  0.855777)
(0.287013,  0.535489,  -0.670826),  (0.920261,  0.857564)
(0.530330,  0.535489,  -0.508246),  (0.860469,  0.857564)
(0.287013,  0.535489,  -0.670826),  (0.920261,  0.857564)
(0.530330,  0.543875,  -0.508246),  (0.860469,  0.855777)
(0.692910,  0.535489,  -0.264928),  (0.800678,  0.857564)
(0.530330,  0.535489,  -0.508246),  (0.860469,  0.857564)
(0.692910,  0.543875,  -0.264928),  (0.800678,  0.855777)
(0.692910,  0.543875,  -0.264928),  (0.800678,  0.855777)
(0.530330,  0.535489,  -0.508246),  (0.860469,  0.857564)
(0.530330,  0.543875,  -0.508246),  (0.860469,  0.855777)
(0.750000,  0.535489,  0.022084),  (0.740886,  0.857564)
(0.692910,  0.535489,  -0.264928),  (0.800678,  0.857564)
(0.750000,  0.543875,  0.022084),  (0.740886,  0.855777)
(0.750000,  0.543875,  0.022084),  (0.740886,  0.855777)
(0.692910,  0.535489,  -0.264928),  (0.800678,  0.857564)
(0.692910,  0.543875,  -0.264928),  (0.800678,  0.855777)
(0.692910,  0.535489,  0.309097),  (0.681094,  0.857564)
(0.750000,  0.535489,  0.022084),  (0.740886,  0.857564)
(0.692910,  0.543875,  0.309097),  (0.681094,  0.855777)
(0.692910,  0.543875,  0.309097),  (0.681094,  0.855777)
(0.750000,  0.535489,  0.022084),  (0.740886,  0.857564)
(0.750000,  0.543875,  0.022084),  (0.740886,  0.855777)
(0.512979,  0.009381,  -0.490895),  (0.860469,  0.969702)
(0.670240,  0.009381,  -0.255538),  (0.800678,  0.969702)
(0.670240,  0.000000,  -0.255538),  (0.800678,  0.971702)
(0.670240,  0.000000,  -0.255538),  (0.800678,  0.971702)
(0.512979,  0.000000,  -0.490895),  (0.860469,  0.971702)
(0.512979,  0.009381,  -0.490895),  (0.860469,  0.969702)
(0.277623,  0.009381,  -0.648156),  (0.920261,  0.969702)
(0.512979,  0.000000,  -0.490895),  (0.860469,  0.971702)
(0.277623,  0.000000,  -0.648156),  (0.920261,  0.971702)
(0.512979,  0.000000,  -0.490895),  (0.860469,  0.971702)
(0.277623,  0.009381,  -0.648156),  (0.920261,  0.969702)
(0.512979,  0.009381,  -0.490895),  (0.860469,  0.969702)
(0.000000,  0.000000,  -0.703378),  (0.980053,  0.971702)
(0.277623,  0.009381,  -0.648156),  (0.920261,  0.969702)
(0.277623,  0.000000,  -0.648156),  (0.920261,  0.971702)
(0.277623,  0.009381,  -0.648156),  (0.920261,  0.969702)
(0.000000,  0.000000,  -0.703378),  (0.980053,  0.971702)
(0.000000,  0.009381,  -0.703378),  (0.980053,  0.969702)
(-0.277622,  0.000000,  -0.648156),  (0.083177,  0.971702)
(0.000000,  0.009381,  -0.703378),  (0.023386,  0.969702)
(0.000000,  0.000000,  -0.703378),  (0.023386,  0.971702)
(0.000000,  0.009381,  -0.703378),  (0.023386,  0.969702)
(-0.277622,  0.000000,  -0.648156),  (0.083177,  0.971702)
(-0.277622,  0.009381,  -0.648156),  (0.083177,  0.969702)
(-0.512979,  0.000000,  -0.490896),  (0.142969,  0.971702)
(-0.277622,  0.009381,  -0.648156),  (0.083177,  0.969702)
(-0.277622,  0.000000,  -0.648156),  (0.083177,  0.971702)
(-0.277622,  0.009381,  -0.648156),  (0.083177,  0.969702)
(-0.512979,  0.000000,  -0.490896),  (0.142969,  0.971702)
(-0.512979,  0.009381,  -0.490896),  (0.142969,  0.969702)
(-0.670239,  0.009381,  -0.255539),  (0.202761,  0.969702)
(-0.512979,  0.000000,  -0.490896),  (0.142969,  0.971702)
(-0.670239,  0.000000,  -0.255539),  (0.202761,  0.971702)
(-0.512979,  0.000000,  -0.490896),  (0.142969,  0.971702)
(-0.670239,  0.009381,  -0.255539),  (0.202761,  0.969702)
(-0.512979,  0.009381,  -0.490896),  (0.142969,  0.969702)
(-0.725462,  0.000000,  0.022084),  (0.262552,  0.971702)
(-0.670239,  0.009381,  -0.255539),  (0.202761,  0.969702)
(-0.670239,  0.000000,  -0.255539),  (0.202761,  0.971702)
(-0.670239,  0.009381,  -0.255539),  (0.202761,  0.969702)
(-0.725462,  0.000000,  0.022084),  (0.262552,  0.971702)
(-0.725462,  0.009381,  0.022084),  (0.262552,  0.969702)
(-0.670240,  0.000000,  0.299706),  (0.322344,  0.971702)
(-0.725462,  0.009381,  0.022084),  (0.262552,  0.969702)
(-0.725462,  0.000000,  0.022084),  (0.262552,  0.971702)
(-0.725462,  0.009381,  0.022084),  (0.262552,  0.969702)
(-0.670240,  0.000000,  0.299706),  (0.322344,  0.971702)
(-0.670240,  0.009381,  0.299706),  (0.322344,  0.969702)
(-0.512979,  0.000000,  0.535063),  (0.382136,  0.971702)
(-0.670240,  0.009381,  0.299706),  (0.322344,  0.969702)
(-0.670240,  0.000000,  0.299706),  (0.322344,  0.971702)
(-0.670240,  0.009381,  0.299706),  (0.322344,  0.969702)
(-0.512979,  0.000000,  0.535063),  (0.382136,  0.971702)
(-0.512979,  0.009381,  0.535063),  (0.382136,  0.969702)
(-0.277622,  0.009381,  0.692324),  (0.441928,  0.969702)
(-0.512979,  0.009381,  0.535063),  (0.382136,  0.969702)
(-0.512979,  0.000000,  0.535063),  (0.382136,  0.971702)
(-0.277622,  0.009381,  0.692324),  (0.441928,  0.969702)
(-0.512979,  0.000000,  0.535063),  (0.382136,  0.971702)
(-0.277622,  0.000000,  0.692324),  (0.441928,  0.971702)
(-0.277622,  0.009381,  0.692324),  (0.441928,  0.969702)
(-0.000000,  0.000000,  0.747546),  (0.501719,  0.971702)
(-0.000000,  0.009381,  0.747546),  (0.501719,  0.969702)
(-0.000000,  0.000000,  0.747546),  (0.501719,  0.971702)
(-0.277622,  0.009381,  0.692324),  (0.441928,  0.969702)
(-0.277622,  0.000000,  0.692324),  (0.441928,  0.971702)
(-0.000000,  0.009381,  0.747546),  (0.501719,  0.969702)
(0.277622,  0.000000,  0.692324),  (0.561511,  0.971702)
(0.277622,  0.009381,  0.692324),  (0.561511,  0.969702)
(0.277622,  0.000000,  0.692324),  (0.561511,  0.971702)
(-0.000000,  0.009381,  0.747546),  (0.501719,  0.969702)
(-0.000000,  0.000000,  0.747546),  (0.501719,  0.971702)
(0.512979,  0.009381,  0.535063),  (0.621303,  0.969702)
(0.277622,  0.009381,  0.692324),  (0.561511,  0.969702)
(0.277622,  0.000000,  0.692324),  (0.561511,  0.971702)
(0.512979,  0.009381,  0.535063),  (0.621303,  0.969702)
(0.277622,  0.000000,  0.692324),  (0.561511,  0.971702)
(0.512979,  0.000000,  0.535063),  (0.621303,  0.971702)
(0.670240,  0.009381,  0.299706),  (0.681094,  0.969702)
(0.512979,  0.009381,  0.535063),  (0.621303,  0.969702)
(0.512979,  0.000000,  0.535063),  (0.621303,  0.971702)
(0.512979,  0.000000,  0.535063),  (0.621303,  0.971702)
(0.670240,  0.000000,  0.299706),  (0.681094,  0.971702)
(0.670240,  0.009381,  0.299706),  (0.681094,  0.969702)
(0.670240,  0.009381,  0.299706),  (0.681094,  0.969702)
(0.725462,  0.000000,  0.022084),  (0.740886,  0.971702)
(0.725462,  0.009381,  0.022084),  (0.740886,  0.969702)
(0.725462,  0.000000,  0.022084),  (0.740886,  0.971702)
(0.670240,  0.009381,  0.299706),  (0.681094,  0.969702)
(0.670240,  0.000000,  0.299706),  (0.681094,  0.971702)
(0.725462,  0.009381,  0.022084),  (0.740886,  0.969702)
(0.670240,  0.000000,  -0.255538),  (0.800678,  0.971702)
(0.670240,  0.009381,  -0.255538),  (0.800678,  0.969702)
(0.670240,  0.000000,  -0.255538),  (0.800678,  0.971702)
(0.725462,  0.009381,  0.022084),  (0.740886,  0.969702)
(0.725462,  0.000000,  0.022084),  (0.740886,  0.971702)
(0.277622,  2.244144,  0.692324),  (0.561511,  0.493369)
(0.512979,  2.233708,  0.535063),  (0.621303,  0.495593)
(0.512979,  2.244144,  0.535063),  (0.621303,  0.493369)
(0.512979,  2.233708,  0.535063),  (0.621303,  0.495593)
(0.277622,  2.244144,  0.692324),  (0.561511,  0.493369)
(0.277622,  2.233708,  0.692324),  (0.561511,  0.495593)
(-0.000000,  2.244144,  0.747546),  (0.501719,  0.493369)
(0.277622,  2.233708,  0.692324),  (0.561511,  0.495593)
(0.277622,  2.244144,  0.692324),  (0.561511,  0.493369)
(0.277622,  2.233708,  0.692324),  (0.561511,  0.495593)
(-0.000000,  2.244144,  0.747546),  (0.501719,  0.493369)
(-0.000000,  2.233708,  0.747546),  (0.501719,  0.495593)
(-0.277622,  2.244144,  0.692324),  (0.441928,  0.493369)
(-0.000000,  2.233708,  0.747546),  (0.501719,  0.495593)
(-0.000000,  2.244144,  0.747546),  (0.501719,  0.493369)
(-0.000000,  2.233708,  0.747546),  (0.501719,  0.495593)
(-0.277622,  2.244144,  0.692324),  (0.441928,  0.493369)
(-0.277622,  2.233708,  0.692324),  (0.441928,  0.495593)
(-0.277622,  2.244144,  0.692324),  (0.441928,  0.493369)
(-0.512979,  2.244144,  0.535063),  (0.382136,  0.493369)
(-0.512979,  2.233708,  0.535063),  (0.382136,  0.495593)
(-0.277622,  2.244144,  0.692324),  (0.441928,  0.493369)
(-0.512979,  2.233708,  0.535063),  (0.382136,  0.495593)
(-0.277622,  2.233708,  0.692324),  (0.441928,  0.495593)
(-0.512979,  2.233708,  0.535063),  (0.382136,  0.495593)
(-0.670240,  2.244144,  0.299706),  (0.322344,  0.493369)
(-0.670240,  2.233708,  0.299706),  (0.322344,  0.495593)
(-0.670240,  2.244144,  0.299706),  (0.322344,  0.493369)
(-0.512979,  2.233708,  0.535063),  (0.382136,  0.495593)
(-0.512979,  2.244144,  0.535063),  (0.382136,  0.493369)
(-0.670240,  2.233708,  0.299706),  (0.322344,  0.495593)
(-0.725462,  2.244144,  0.022084),  (0.262552,  0.493369)
(-0.725462,  2.233708,  0.022084),  (0.262552,  0.495593)
(-0.725462,  2.244144,  0.022084),  (0.262552,  0.493369)
(-0.670240,  2.233708,  0.299706),  (0.322344,  0.495593)
(-0.670240,  2.244144,  0.299706),  (0.322344,  0.493369)
(-0.725462,  2.233708,  0.022084),  (0.262552,  0.495593)
(-0.670239,  2.244144,  -0.255539),  (0.202761,  0.493369)
(-0.670239,  2.233708,  -0.255539),  (0.202761,  0.495593)
(-0.670239,  2.244144,  -0.255539),  (0.202761,  0.493369)
(-0.725462,  2.233708,  0.022084),  (0.262552,  0.495593)
(-0.725462,  2.244144,  0.022084),  (0.262552,  0.493369)
(-0.670239,  2.244144,  -0.255539),  (0.202761,  0.493369)
(-0.512979,  2.233708,  -0.490896),  (0.142969,  0.495593)
(-0.670239,  2.233708,  -0.255539),  (0.202761,  0.495593)
(-0.512979,  2.233708,  -0.490896),  (0.142969,  0.495593)
(-0.670239,  2.244144,  -0.255539),  (0.202761,  0.493369)
(-0.512979,  2.244144,  -0.490896),  (0.142969,  0.493369)
(-0.512979,  2.233708,  -0.490896),  (0.142969,  0.495593)
(-0.277622,  2.244144,  -0.648156),  (0.083177,  0.493369)
(-0.277622,  2.233708,  -0.648156),  (0.083177,  0.495593)
(-0.277622,  2.244144,  -0.648156),  (0.083177,  0.493369)
(-0.512979,  2.233708,  -0.490896),  (0.142969,  0.495593)
(-0.512979,  2.244144,  -0.490896),  (0.142969,  0.493369)
(-0.277622,  2.233708,  -0.648156),  (0.083177,  0.495593)
(0.000000,  2.244144,  -0.703378),  (0.023386,  0.493369)
(0.000000,  2.233708,  -0.703378),  (0.023386,  0.495593)
(0.000000,  2.244144,  -0.703378),  (0.023386,  0.493369)
(-0.277622,  2.233708,  -0.648156),  (0.083177,  0.495593)
(-0.277622,  2.244144,  -0.648156),  (0.083177,  0.493369)
(0.000000,  2.233708,  -0.703378),  (0.980053,  0.495593)
(0.277623,  2.244144,  -0.648156),  (0.920261,  0.493369)
(0.277623,  2.233708,  -0.648156),  (0.920261,  0.495593)
(0.277623,  2.244144,  -0.648156),  (0.920261,  0.493369)
(0.000000,  2.233708,  -0.703378),  (0.980053,  0.495593)
(0.000000,  2.244144,  -0.703378),  (0.980053,  0.493369)
(0.512979,  2.233708,  -0.490895),  (0.860469,  0.495593)
(0.277623,  2.233708,  -0.648156),  (0.920261,  0.495593)
(0.277623,  2.244144,  -0.648156),  (0.920261,  0.493369)
(0.512979,  2.233708,  -0.490895),  (0.860469,  0.495593)
(0.277623,  2.244144,  -0.648156),  (0.920261,  0.493369)
(0.512979,  2.244144,  -0.490895),  (0.860469,  0.493369)
(0.670240,  2.244144,  -0.255538),  (0.800678,  0.493369)
(0.512979,  2.233708,  -0.490895),  (0.860469,  0.495593)
(0.512979,  2.244144,  -0.490895),  (0.860469,  0.493369)
(0.512979,  2.233708,  -0.490895),  (0.860469,  0.495593)
(0.670240,  2.244144,  -0.255538),  (0.800678,  0.493369)
(0.670240,  2.233708,  -0.255538),  (0.800678,  0.495593)
(0.725462,  2.244144,  0.022084),  (0.740886,  0.493369)
(0.670240,  2.233708,  -0.255538),  (0.800678,  0.495593)
(0.670240,  2.244144,  -0.255538),  (0.800678,  0.493369)
(0.670240,  2.233708,  -0.255538),  (0.800678,  0.495593)
(0.725462,  2.244144,  0.022084),  (0.740886,  0.493369)
(0.725462,  2.233708,  0.022084),  (0.740886,  0.495593)
(0.670240,  2.244144,  0.299706),  (0.681094,  0.493369)
(0.725462,  2.233708,  0.022084),  (0.740886,  0.495593)
(0.725462,  2.244144,  0.022084),  (0.740886,  0.493369)
(0.725462,  2.233708,  0.022084),  (0.740886,  0.495593)
(0.670240,  2.244144,  0.299706),  (0.681094,  0.493369)
(0.670240,  2.233708,  0.299706),  (0.681094,  0.495593)
(0.670240,  2.244144,  0.299706),  (0.681094,  0.493369)
(0.512979,  2.244144,  0.535063),  (0.621303,  0.493369)
(0.512979,  2.233708,  0.535063),  (0.621303,  0.495593)
(0.512979,  2.233708,  0.535063),  (0.621303,  0.495593)
(0.670240,  2.233708,  0.299706),  (0.681094,  0.495593)
(0.670240,  2.244144,  0.299706),  (0.681094,  0.493369)
(0.277622,  1.677481,  0.692324),  (0.561511,  0.614151)
(0.277622,  0.566664,  0.692324),  (0.561511,  0.850919)
(0.512979,  1.677481,  0.535063),  (0.621303,  0.614151)
(0.512979,  1.677481,  0.535063),  (0.621303,  0.614151)
(0.277622,  0.566664,  0.692324),  (0.561511,  0.850919)
(0.512979,  0.566664,  0.535063),  (0.621303,  0.850919)
(-0.000000,  1.677481,  0.747546),  (0.501719,  0.614151)
(0.277622,  0.566664,  0.692324),  (0.561511,  0.850919)
(0.277622,  1.677481,  0.692324),  (0.561511,  0.614151)
(0.277622,  0.566664,  0.692324),  (0.561511,  0.850919)
(-0.000000,  1.677481,  0.747546),  (0.501719,  0.614151)
(-0.000000,  0.566664,  0.747546),  (0.501719,  0.850919)
(-0.277622,  1.677481,  0.692324),  (0.441928,  0.614151)
(-0.000000,  0.566664,  0.747546),  (0.501719,  0.850919)
(-0.000000,  1.677481,  0.747546),  (0.501719,  0.614151)
(-0.000000,  0.566664,  0.747546),  (0.501719,  0.850919)
(-0.277622,  1.677481,  0.692324),  (0.441928,  0.614151)
(-0.277622,  0.566664,  0.692324),  (0.441928,  0.850919)
(-0.512979,  1.677481,  0.535063),  (0.382136,  0.614151)
(-0.512979,  0.566664,  0.535063),  (0.382136,  0.850919)
(-0.277622,  1.677481,  0.692324),  (0.441928,  0.614151)
(-0.277622,  1.677481,  0.692324),  (0.441928,  0.614151)
(-0.512979,  0.566664,  0.535063),  (0.382136,  0.850919)
(-0.277622,  0.566664,  0.692324),  (0.441928,  0.850919)
(-0.512979,  1.677481,  0.535063),  (0.382136,  0.614151)
(-0.670240,  0.566664,  0.299706),  (0.322344,  0.850919)
(-0.512979,  0.566664,  0.535063),  (0.382136,  0.850919)
(-0.670240,  0.566664,  0.299706),  (0.322344,  0.850919)
(-0.512979,  1.677481,  0.535063),  (0.382136,  0.614151)
(-0.670240,  1.677481,  0.299706),  (0.322344,  0.614151)
(-0.670240,  0.566664,  0.299706),  (0.322344,  0.850919)
(-0.725462,  1.677481,  0.022084),  (0.262552,  0.614151)
(-0.725462,  0.566664,  0.022084),  (0.262552,  0.850919)
(-0.725462,  1.677481,  0.022084),  (0.262552,  0.614151)
(-0.670240,  0.566664,  0.299706),  (0.322344,  0.850919)
(-0.670240,  1.677481,  0.299706),  (0.322344,  0.614151)
(-0.725462,  1.677481,  0.022084),  (0.262552,  0.614151)
(-0.670239,  0.566664,  -0.255539),  (0.202761,  0.850919)
(-0.725462,  0.566664,  0.022084),  (0.262552,  0.850919)
(-0.670239,  0.566664,  -0.255539),  (0.202761,  0.850919)
(-0.725462,  1.677481,  0.022084),  (0.262552,  0.614151)
(-0.670239,  1.677481,  -0.255539),  (0.202761,  0.614151)
(-0.670239,  1.677481,  -0.255539),  (0.202761,  0.614151)
(-0.512979,  0.566664,  -0.490896),  (0.142969,  0.850919)
(-0.670239,  0.566664,  -0.255539),  (0.202761,  0.850919)
(-0.512979,  0.566664,  -0.490896),  (0.142969,  0.850919)
(-0.670239,  1.677481,  -0.255539),  (0.202761,  0.614151)
(-0.512979,  1.677481,  -0.490896),  (0.142969,  0.614151)
(-0.512979,  0.566664,  -0.490896),  (0.142969,  0.850919)
(-0.277622,  1.677481,  -0.648156),  (0.083177,  0.614151)
(-0.277622,  0.566664,  -0.648156),  (0.083177,  0.850919)
(-0.277622,  1.677481,  -0.648156),  (0.083177,  0.614151)
(-0.512979,  0.566664,  -0.490896),  (0.142969,  0.850919)
(-0.512979,  1.677481,  -0.490896),  (0.142969,  0.614151)
(-0.277622,  0.566664,  -0.648156),  (0.083177,  0.850919)
(0.000000,  1.677481,  -0.703378),  (0.023386,  0.614151)
(0.000000,  0.566664,  -0.703378),  (0.023386,  0.850919)
(0.000000,  1.677481,  -0.703378),  (0.023386,  0.614151)
(-0.277622,  0.566664,  -0.648156),  (0.083177,  0.850919)
(-0.277622,  1.677481,  -0.648156),  (0.083177,  0.614151)
(0.000000,  0.566664,  -0.703378),  (0.980053,  0.850919)
(0.277623,  1.677481,  -0.648156),  (0.920261,  0.614151)
(0.277623,  0.566664,  -0.648156),  (0.920261,  0.850919)
(0.277623,  1.677481,  -0.648156),  (0.920261,  0.614151)
(0.000000,  0.566664,  -0.703378),  (0.980053,  0.850919)
(0.000000,  1.677481,  -0.703378),  (0.980053,  0.614151)
(0.277623,  1.677481,  -0.648156),  (0.920261,  0.614151)
(0.512979,  0.566664,  -0.490895),  (0.860469,  0.850919)
(0.277623,  0.566664,  -0.648156),  (0.920261,  0.850919)
(0.512979,  0.566664,  -0.490895),  (0.860469,  0.850919)
(0.277623,  1.677481,  -0.648156),  (0.920261,  0.614151)
(0.512979,  1.677481,  -0.490895),  (0.860469,  0.614151)
(0.512979,  0.566664,  -0.490895),  (0.860469,  0.850919)
(0.670240,  1.677481,  -0.255538),  (0.800678,  0.614151)
(0.670240,  0.566664,  -0.255538),  (0.800678,  0.850919)
(0.670240,  1.677481,  -0.255538),  (0.800678,  0.614151)
(0.512979,  0.566664,  -0.490895),  (0.860469,  0.850919)
(0.512979,  1.677481,  -0.490895),  (0.860469,  0.614151)
(0.670240,  0.566664,  -0.255538),  (0.800678,  0.850919)
(0.725462,  1.677481,  0.022084),  (0.740886,  0.614151)
(0.725462,  0.566664,  0.022084),  (0.740886,  0.850919)
(0.725462,  1.677481,  0.022084),  (0.740886,  0.614151)
(0.670240,  0.566664,  -0.255538),  (0.800678,  0.850919)
(0.670240,  1.677481,  -0.255538),  (0.800678,  0.614151)
(0.725462,  0.566664,  0.022084),  (0.740886,  0.850919)
(0.670240,  1.677481,  0.299706),  (0.681094,  0.614151)
(0.670240,  0.566664,  0.299706),  (0.681094,  0.850919)
(0.670240,  1.677481,  0.299706),  (0.681094,  0.614151)
(0.725462,  0.566664,  0.022084),  (0.740886,  0.850919)
(0.725462,  1.677481,  0.022084),  (0.740886,  0.614151)
(0.670240,  0.566664,  0.299706),  (0.681094,  0.850919)
(0.670240,  1.677481,  0.299706),  (0.681094,  0.614151)
(0.512979,  0.566664,  0.535063),  (0.621303,  0.850919)
(0.512979,  1.677481,  0.535063),  (0.621303,  0.614151)
(0.512979,  0.566664,  0.535063),  (0.621303,  0.850919)
(0.670240,  1.677481,  0.299706),  (0.681094,  0.614151)
(0.692910,  1.700270,  0.309097),  (0.681094,  0.609294)
(0.512979,  1.677481,  0.535063),  (0.621303,  0.614151)
(0.670240,  1.677481,  0.299706),  (0.681094,  0.614151)
(0.512979,  1.677481,  0.535063),  (0.621303,  0.614151)
(0.692910,  1.700270,  0.309097),  (0.681094,  0.609294)
(0.530330,  1.700270,  0.552414),  (0.621303,  0.609294)
(0.512979,  1.731444,  0.535063),  (0.621303,  0.602649)
(0.692909,  1.708655,  0.309097),  (0.681094,  0.607507)
(0.670240,  1.731444,  0.299706),  (0.681094,  0.602649)
(0.692909,  1.708655,  0.309097),  (0.681094,  0.607507)
(0.512979,  1.731444,  0.535063),  (0.621303,  0.602649)
(0.530330,  1.708655,  0.552414),  (0.621303,  0.607507)
(0.530330,  1.708655,  0.552414),  (0.621303,  0.607507)
(0.277622,  1.731444,  0.692324),  (0.561511,  0.602649)
(0.287012,  1.708655,  0.714994),  (0.561511,  0.607507)
(0.277622,  1.731444,  0.692324),  (0.561511,  0.602649)
(0.530330,  1.708655,  0.552414),  (0.621303,  0.607507)
(0.512979,  1.731444,  0.535063),  (0.621303,  0.602649)
(0.512979,  1.677481,  0.535063),  (0.621303,  0.614151)
(0.287013,  1.700270,  0.714994),  (0.561511,  0.609294)
(0.277622,  1.677481,  0.692324),  (0.561511,  0.614151)
(0.287013,  1.700270,  0.714994),  (0.561511,  0.609294)
(0.512979,  1.677481,  0.535063),  (0.621303,  0.614151)
(0.530330,  1.700270,  0.552414),  (0.621303,  0.609294)
(0.287012,  1.708655,  0.714994),  (0.561511,  0.607507)
(-0.000000,  1.731444,  0.747546),  (0.501719,  0.602649)
(-0.000000,  1.708655,  0.772084),  (0.501719,  0.607507)
(-0.000000,  1.731444,  0.747546),  (0.501719,  0.602649)
(0.287012,  1.708655,  0.714994),  (0.561511,  0.607507)
(0.277622,  1.731444,  0.692324),  (0.561511,  0.602649)
(-0.000000,  1.700270,  0.772084),  (0.501719,  0.609294)
(0.277622,  1.677481,  0.692324),  (0.561511,  0.614151)
(0.287013,  1.700270,  0.714994),  (0.561511,  0.609294)
(0.277622,  1.677481,  0.692324),  (0.561511,  0.614151)
(-0.000000,  1.700270,  0.772084),  (0.501719,  0.609294)
(-0.000000,  1.677481,  0.747546),  (0.501719,  0.614151)
(-0.000000,  1.708655,  0.772084),  (0.501719,  0.607507)
(-0.277622,  1.731444,  0.692324),  (0.441928,  0.602649)
(-0.287013,  1.708655,  0.714994),  (0.441928,  0.607507)
(-0.277622,  1.731444,  0.692324),  (0.441928,  0.602649)
(-0.000000,  1.708655,  0.772084),  (0.501719,  0.607507)
(-0.000000,  1.731444,  0.747546),  (0.501719,  0.602649)
(-0.287013,  1.700270,  0.714994),  (0.441928,  0.609294)
(-0.000000,  1.677481,  0.747546),  (0.501719,  0.614151)
(-0.000000,  1.700270,  0.772084),  (0.501719,  0.609294)
(-0.000000,  1.677481,  0.747546),  (0.501719,  0.614151)
(-0.287013,  1.700270,  0.714994),  (0.441928,  0.609294)
(-0.277622,  1.677481,  0.692324),  (0.441928,  0.614151)
(-0.530330,  1.708655,  0.552414),  (0.382136,  0.607507)
(-0.277622,  1.731444,  0.692324),  (0.441928,  0.602649)
(-0.512979,  1.731444,  0.535063),  (0.382136,  0.602649)
(-0.277622,  1.731444,  0.692324),  (0.441928,  0.602649)
(-0.530330,  1.708655,  0.552414),  (0.382136,  0.607507)
(-0.287013,  1.708655,  0.714994),  (0.441928,  0.607507)
(-0.287013,  1.700270,  0.714994),  (0.441928,  0.609294)
(-0.530330,  1.700270,  0.552414),  (0.382136,  0.609294)
(-0.512979,  1.677481,  0.535063),  (0.382136,  0.614151)
(-0.512979,  1.677481,  0.535063),  (0.382136,  0.614151)
(-0.277622,  1.677481,  0.692324),  (0.441928,  0.614151)
(-0.287013,  1.700270,  0.714994),  (0.441928,  0.609294)
(-0.670240,  1.731444,  0.299706),  (0.322344,  0.602649)
(-0.530330,  1.708655,  0.552414),  (0.382136,  0.607507)
(-0.512979,  1.731444,  0.535063),  (0.382136,  0.602649)
(-0.530330,  1.708655,  0.552414),  (0.382136,  0.607507)
(-0.670240,  1.731444,  0.299706),  (0.322344,  0.602649)
(-0.692910,  1.708655,  0.309096),  (0.322344,  0.607507)
(-0.670240,  1.677481,  0.299706),  (0.322344,  0.614151)
(-0.512979,  1.677481,  0.535063),  (0.382136,  0.614151)
(-0.530330,  1.700270,  0.552414),  (0.382136,  0.609294)
(-0.670240,  1.677481,  0.299706),  (0.322344,  0.614151)
(-0.530330,  1.700270,  0.552414),  (0.382136,  0.609294)
(-0.692910,  1.700270,  0.309096),  (0.322344,  0.609294)
(-0.692910,  1.708655,  0.309096),  (0.322344,  0.607507)
(-0.725462,  1.731444,  0.022084),  (0.262552,  0.602649)
(-0.750000,  1.708655,  0.022084),  (0.262552,  0.607507)
(-0.725462,  1.731444,  0.022084),  (0.262552,  0.602649)
(-0.692910,  1.708655,  0.309096),  (0.322344,  0.607507)
(-0.670240,  1.731444,  0.299706),  (0.322344,  0.602649)
(-0.692910,  1.700270,  0.309096),  (0.322344,  0.609294)
(-0.725462,  1.677481,  0.022084),  (0.262552,  0.614151)
(-0.670240,  1.677481,  0.299706),  (0.322344,  0.614151)
(-0.725462,  1.677481,  0.022084),  (0.262552,  0.614151)
(-0.692910,  1.700270,  0.309096),  (0.322344,  0.609294)
(-0.750000,  1.700270,  0.022084),  (0.262552,  0.609294)
(-0.692909,  1.708655,  -0.264929),  (0.202761,  0.607507)
(-0.750000,  1.708655,  0.022084),  (0.262552,  0.607507)
(-0.725462,  1.731444,  0.022084),  (0.262552,  0.602649)
(-0.692909,  1.708655,  -0.264929),  (0.202761,  0.607507)
(-0.725462,  1.731444,  0.022084),  (0.262552,  0.602649)
(-0.670239,  1.731444,  -0.255539),  (0.202761,  0.602649)
(-0.750000,  1.700270,  0.022084),  (0.262552,  0.609294)
(-0.692909,  1.700270,  -0.264929),  (0.202761,  0.609294)
(-0.670239,  1.677481,  -0.255539),  (0.202761,  0.614151)
(-0.750000,  1.700270,  0.022084),  (0.262552,  0.609294)
(-0.670239,  1.677481,  -0.255539),  (0.202761,  0.614151)
(-0.725462,  1.677481,  0.022084),  (0.262552,  0.614151)
(-0.692909,  1.708655,  -0.264929),  (0.202761,  0.607507)
(-0.512979,  1.731444,  -0.490896),  (0.142969,  0.602649)
(-0.530330,  1.708655,  -0.508246),  (0.142969,  0.607507)
(-0.512979,  1.731444,  -0.490896),  (0.142969,  0.602649)
(-0.692909,  1.708655,  -0.264929),  (0.202761,  0.607507)
(-0.670239,  1.731444,  -0.255539),  (0.202761,  0.602649)
(-0.692909,  1.700270,  -0.264929),  (0.202761,  0.609294)
(-0.530330,  1.700270,  -0.508246),  (0.142969,  0.609294)
(-0.512979,  1.677481,  -0.490896),  (0.142969,  0.614151)
(-0.692909,  1.700270,  -0.264929),  (0.202761,  0.609294)
(-0.512979,  1.677481,  -0.490896),  (0.142969,  0.614151)
(-0.670239,  1.677481,  -0.255539),  (0.202761,  0.614151)
(-0.530330,  1.708655,  -0.508246),  (0.142969,  0.607507)
(-0.277622,  1.731444,  -0.648156),  (0.083177,  0.602649)
(-0.287012,  1.708655,  -0.670826),  (0.083177,  0.607507)
(-0.277622,  1.731444,  -0.648156),  (0.083177,  0.602649)
(-0.530330,  1.708655,  -0.508246),  (0.142969,  0.607507)
(-0.512979,  1.731444,  -0.490896),  (0.142969,  0.602649)
(-0.287012,  1.700270,  -0.670826),  (0.083177,  0.609294)
(-0.512979,  1.677481,  -0.490896),  (0.142969,  0.614151)
(-0.530330,  1.700270,  -0.508246),  (0.142969,  0.609294)
(-0.512979,  1.677481,  -0.490896),  (0.142969,  0.614151)
(-0.287012,  1.700270,  -0.670826),  (0.083177,  0.609294)
(-0.277622,  1.677481,  -0.648156),  (0.083177,  0.614151)
(0.000000,  1.731444,  -0.703378),  (0.023386,  0.602649)
(-0.287012,  1.708655,  -0.670826),  (0.083177,  0.607507)
(-0.277622,  1.731444,  -0.648156),  (0.083177,  0.602649)
(-0.287012,  1.708655,  -0.670826),  (0.083177,  0.607507)
(0.000000,  1.731444,  -0.703378),  (0.023386,  0.602649)
(0.000000,  1.708655,  -0.727916),  (0.023386,  0.607507)
(0.000000,  1.700270,  -0.727916),  (0.023386,  0.609294)
(-0.277622,  1.677481,  -0.648156),  (0.083177,  0.614151)
(-0.287012,  1.700270,  -0.670826),  (0.083177,  0.609294)
(-0.277622,  1.677481,  -0.648156),  (0.083177,  0.614151)
(0.000000,  1.700270,  -0.727916),  (0.023386,  0.609294)
(0.000000,  1.677481,  -0.703378),  (0.023386,  0.614151)
(0.000000,  1.708655,  -0.727916),  (0.980053,  0.607507)
(0.277623,  1.731444,  -0.648156),  (0.920261,  0.602649)
(0.287013,  1.708655,  -0.670826),  (0.920261,  0.607507)
(0.277623,  1.731444,  -0.648156),  (0.920261,  0.602649)
(0.000000,  1.708655,  -0.727916),  (0.980053,  0.607507)
(0.000000,  1.731444,  -0.703378),  (0.980053,  0.602649)
(0.000000,  1.700270,  -0.727916),  (0.980053,  0.609294)
(0.277623,  1.677481,  -0.648156),  (0.920261,  0.614151)
(0.000000,  1.677481,  -0.703378),  (0.980053,  0.614151)
(0.277623,  1.677481,  -0.648156),  (0.920261,  0.614151)
(0.000000,  1.700270,  -0.727916),  (0.980053,  0.609294)
(0.287013,  1.700270,  -0.670826),  (0.920261,  0.609294)
(0.287013,  1.708655,  -0.670826),  (0.920261,  0.607507)
(0.512979,  1.731444,  -0.490895),  (0.860469,  0.602649)
(0.530330,  1.708655,  -0.508246),  (0.860469,  0.607507)
(0.512979,  1.731444,  -0.490895),  (0.860469,  0.602649)
(0.287013,  1.708655,  -0.670826),  (0.920261,  0.607507)
(0.277623,  1.731444,  -0.648156),  (0.920261,  0.602649)
(0.512979,  1.677481,  -0.490895),  (0.860469,  0.614151)
(0.287013,  1.700270,  -0.670826),  (0.920261,  0.609294)
(0.530330,  1.700270,  -0.508246),  (0.860469,  0.609294)
(0.287013,  1.700270,  -0.670826),  (0.920261,  0.609294)
(0.512979,  1.677481,  -0.490895),  (0.860469,  0.614151)
(0.277623,  1.677481,  -0.648156),  (0.920261,  0.614151)
(0.530330,  1.708655,  -0.508246),  (0.860469,  0.607507)
(0.670240,  1.731444,  -0.255538),  (0.800678,  0.602649)
(0.692910,  1.708655,  -0.264928),  (0.800678,  0.607507)
(0.670240,  1.731444,  -0.255538),  (0.800678,  0.602649)
(0.530330,  1.708655,  -0.508246),  (0.860469,  0.607507)
(0.512979,  1.731444,  -0.490895),  (0.860469,  0.602649)
(0.692910,  1.700270,  -0.264928),  (0.800678,  0.609294)
(0.512979,  1.677481,  -0.490895),  (0.860469,  0.614151)
(0.530330,  1.700270,  -0.508246),  (0.860469,  0.609294)
(0.512979,  1.677481,  -0.490895),  (0.860469,  0.614151)
(0.692910,  1.700270,  -0.264928),  (0.800678,  0.609294)
(0.670240,  1.677481,  -0.255538),  (0.800678,  0.614151)
(0.750000,  1.708655,  0.022084),  (0.740886,  0.607507)
(0.692910,  1.708655,  -0.264928),  (0.800678,  0.607507)
(0.670240,  1.731444,  -0.255538),  (0.800678,  0.602649)
(0.750000,  1.708655,  0.022084),  (0.740886,  0.607507)
(0.670240,  1.731444,  -0.255538),  (0.800678,  0.602649)
(0.725462,  1.731444,  0.022084),  (0.740886,  0.602649)
(0.692910,  1.700270,  -0.264928),  (0.800678,  0.609294)
(0.750000,  1.700270,  0.022084),  (0.740886,  0.609294)
(0.725462,  1.677481,  0.022084),  (0.740886,  0.614151)
(0.692910,  1.700270,  -0.264928),  (0.800678,  0.609294)
(0.725462,  1.677481,  0.022084),  (0.740886,  0.614151)
(0.670240,  1.677481,  -0.255538),  (0.800678,  0.614151)
(0.692909,  1.708655,  0.309097),  (0.681094,  0.607507)
(0.725462,  1.731444,  0.022084),  (0.740886,  0.602649)
(0.670240,  1.731444,  0.299706),  (0.681094,  0.602649)
(0.725462,  1.731444,  0.022084),  (0.740886,  0.602649)
(0.692909,  1.708655,  0.309097),  (0.681094,  0.607507)
(0.750000,  1.708655,  0.022084),  (0.740886,  0.607507)
(0.750000,  1.700270,  0.022084),  (0.740886,  0.609294)
(0.692910,  1.700270,  0.309097),  (0.681094,  0.609294)
(0.670240,  1.677481,  0.299706),  (0.681094,  0.614151)
(0.670240,  1.677481,  0.299706),  (0.681094,  0.614151)
(0.725462,  1.677481,  0.022084),  (0.740886,  0.614151)
(0.750000,  1.700270,  0.022084),  (0.740886,  0.609294)
(0.670240,  0.512701,  0.299706),  (0.681094,  0.862421)
(0.530330,  0.535489,  0.552414),  (0.621303,  0.857564)
(0.512979,  0.512701,  0.535063),  (0.621303,  0.862421)
(0.530330,  0.535489,  0.552414),  (0.621303,  0.857564)
(0.670240,  0.512701,  0.299706),  (0.681094,  0.862421)
(0.692910,  0.535489,  0.309097),  (0.681094,  0.857564)
(0.670240,  0.566664,  0.299706),  (0.681094,  0.850919)
(0.512979,  0.566664,  0.535063),  (0.621303,  0.850919)
(0.530330,  0.543875,  0.552414),  (0.621303,  0.855777)
(0.670240,  0.566664,  0.299706),  (0.681094,  0.850919)
(0.530330,  0.543875,  0.552414),  (0.621303,  0.855777)
(0.692910,  0.543875,  0.309097),  (0.681094,  0.855777)
(0.287013,  0.543875,  0.714994),  (0.561511,  0.855777)
(0.530330,  0.543875,  0.552414),  (0.621303,  0.855777)
(0.512979,  0.566664,  0.535063),  (0.621303,  0.850919)
(0.512979,  0.566664,  0.535063),  (0.621303,  0.850919)
(0.277622,  0.566664,  0.692324),  (0.561511,  0.850919)
(0.287013,  0.543875,  0.714994),  (0.561511,  0.855777)
(0.512979,  0.512701,  0.535063),  (0.621303,  0.862421)
(0.287013,  0.535489,  0.714994),  (0.561511,  0.857564)
(0.277622,  0.512701,  0.692324),  (0.561511,  0.862421)
(0.287013,  0.535489,  0.714994),  (0.561511,  0.857564)
(0.512979,  0.512701,  0.535063),  (0.621303,  0.862421)
(0.530330,  0.535489,  0.552414),  (0.621303,  0.857564)
(-0.000000,  0.543875,  0.772084),  (0.501719,  0.855777)
(0.287013,  0.543875,  0.714994),  (0.561511,  0.855777)
(0.277622,  0.566664,  0.692324),  (0.561511,  0.850919)
(-0.000000,  0.543875,  0.772084),  (0.501719,  0.855777)
(0.277622,  0.566664,  0.692324),  (0.561511,  0.850919)
(-0.000000,  0.566664,  0.747546),  (0.501719,  0.850919)
(-0.000000,  0.535489,  0.772084),  (0.501719,  0.857564)
(0.277622,  0.512701,  0.692324),  (0.561511,  0.862421)
(0.287013,  0.535489,  0.714994),  (0.561511,  0.857564)
(0.277622,  0.512701,  0.692324),  (0.561511,  0.862421)
(-0.000000,  0.535489,  0.772084),  (0.501719,  0.857564)
(-0.000000,  0.512701,  0.747546),  (0.501719,  0.862421)
(-0.000000,  0.543875,  0.772084),  (0.501719,  0.855777)
(-0.277622,  0.566664,  0.692324),  (0.441928,  0.850919)
(-0.287013,  0.543875,  0.714994),  (0.441928,  0.855777)
(-0.277622,  0.566664,  0.692324),  (0.441928,  0.850919)
(-0.000000,  0.543875,  0.772084),  (0.501719,  0.855777)
(-0.000000,  0.566664,  0.747546),  (0.501719,  0.850919)
(-0.000000,  0.535489,  0.772084),  (0.501719,  0.857564)
(-0.287013,  0.535489,  0.714993),  (0.441928,  0.857564)
(-0.277622,  0.512701,  0.692324),  (0.441928,  0.862421)
(-0.000000,  0.535489,  0.772084),  (0.501719,  0.857564)
(-0.277622,  0.512701,  0.692324),  (0.441928,  0.862421)
(-0.000000,  0.512701,  0.747546),  (0.501719,  0.862421)
(-0.530330,  0.543875,  0.552414),  (0.382136,  0.855777)
(-0.277622,  0.566664,  0.692324),  (0.441928,  0.850919)
(-0.512979,  0.566664,  0.535063),  (0.382136,  0.850919)
(-0.277622,  0.566664,  0.692324),  (0.441928,  0.850919)
(-0.530330,  0.543875,  0.552414),  (0.382136,  0.855777)
(-0.287013,  0.543875,  0.714994),  (0.441928,  0.855777)
(-0.287013,  0.535489,  0.714993),  (0.441928,  0.857564)
(-0.530330,  0.535489,  0.552414),  (0.382136,  0.857564)
(-0.512979,  0.512701,  0.535063),  (0.382136,  0.862421)
(-0.512979,  0.512701,  0.535063),  (0.382136,  0.862421)
(-0.277622,  0.512701,  0.692324),  (0.441928,  0.862421)
(-0.287013,  0.535489,  0.714993),  (0.441928,  0.857564)
(-0.670240,  0.566664,  0.299706),  (0.322344,  0.850919)
(-0.530330,  0.543875,  0.552414),  (0.382136,  0.855777)
(-0.512979,  0.566664,  0.535063),  (0.382136,  0.850919)
(-0.530330,  0.543875,  0.552414),  (0.382136,  0.855777)
(-0.670240,  0.566664,  0.299706),  (0.322344,  0.850919)
(-0.692910,  0.543875,  0.309096),  (0.322344,  0.855777)
(-0.512979,  0.512701,  0.535063),  (0.382136,  0.862421)
(-0.692910,  0.535489,  0.309096),  (0.322344,  0.857564)
(-0.670240,  0.512701,  0.299706),  (0.322344,  0.862421)
(-0.692910,  0.535489,  0.309096),  (0.322344,  0.857564)
(-0.512979,  0.512701,  0.535063),  (0.382136,  0.862421)
(-0.530330,  0.535489,  0.552414),  (0.382136,  0.857564)
(-0.692910,  0.543875,  0.309096),  (0.322344,  0.855777)
(-0.725462,  0.566664,  0.022084),  (0.262552,  0.850919)
(-0.750000,  0.543875,  0.022084),  (0.262552,  0.855777)
(-0.725462,  0.566664,  0.022084),  (0.262552,  0.850919)
(-0.692910,  0.543875,  0.309096),  (0.322344,  0.855777)
(-0.670240,  0.566664,  0.299706),  (0.322344,  0.850919)
(-0.692910,  0.535489,  0.309096),  (0.322344,  0.857564)
(-0.725462,  0.512701,  0.022084),  (0.262552,  0.862421)
(-0.670240,  0.512701,  0.299706),  (0.322344,  0.862421)
(-0.725462,  0.512701,  0.022084),  (0.262552,  0.862421)
(-0.692910,  0.535489,  0.309096),  (0.322344,  0.857564)
(-0.750000,  0.535489,  0.022084),  (0.262552,  0.857564)
(-0.692909,  0.543875,  -0.264929),  (0.202761,  0.855777)
(-0.750000,  0.543875,  0.022084),  (0.262552,  0.855777)
(-0.725462,  0.566664,  0.022084),  (0.262552,  0.850919)
(-0.692909,  0.543875,  -0.264929),  (0.202761,  0.855777)
(-0.725462,  0.566664,  0.022084),  (0.262552,  0.850919)
(-0.670239,  0.566664,  -0.255539),  (0.202761,  0.850919)
(-0.750000,  0.535489,  0.022084),  (0.262552,  0.857564)
(-0.692909,  0.535489,  -0.264929),  (0.202761,  0.857564)
(-0.670239,  0.512701,  -0.255539),  (0.202761,  0.862421)
(-0.750000,  0.535489,  0.022084),  (0.262552,  0.857564)
(-0.670239,  0.512701,  -0.255539),  (0.202761,  0.862421)
(-0.725462,  0.512701,  0.022084),  (0.262552,  0.862421)
(-0.692909,  0.543875,  -0.264929),  (0.202761,  0.855777)
(-0.512979,  0.566664,  -0.490896),  (0.142969,  0.850919)
(-0.530330,  0.543875,  -0.508246),  (0.142969,  0.855777)
(-0.512979,  0.566664,  -0.490896),  (0.142969,  0.850919)
(-0.692909,  0.543875,  -0.264929),  (0.202761,  0.855777)
(-0.670239,  0.566664,  -0.255539),  (0.202761,  0.850919)
(-0.692909,  0.535489,  -0.264929),  (0.202761,  0.857564)
(-0.530330,  0.535489,  -0.508246),  (0.142969,  0.857564)
(-0.512979,  0.512701,  -0.490896),  (0.142969,  0.862421)
(-0.692909,  0.535489,  -0.264929),  (0.202761,  0.857564)
(-0.512979,  0.512701,  -0.490896),  (0.142969,  0.862421)
(-0.670239,  0.512701,  -0.255539),  (0.202761,  0.862421)
(-0.530330,  0.543875,  -0.508246),  (0.142969,  0.855777)
(-0.277622,  0.566664,  -0.648156),  (0.083177,  0.850919)
(-0.287012,  0.543875,  -0.670826),  (0.083177,  0.855777)
(-0.277622,  0.566664,  -0.648156),  (0.083177,  0.850919)
(-0.530330,  0.543875,  -0.508246),  (0.142969,  0.855777)
(-0.512979,  0.566664,  -0.490896),  (0.142969,  0.850919)
(-0.530330,  0.535489,  -0.508246),  (0.142969,  0.857564)
(-0.287012,  0.535489,  -0.670826),  (0.083177,  0.857564)
(-0.277622,  0.512701,  -0.648156),  (0.083177,  0.862421)
(-0.277622,  0.512701,  -0.648156),  (0.083177,  0.862421)
(-0.512979,  0.512701,  -0.490896),  (0.142969,  0.862421)
(-0.530330,  0.535489,  -0.508246),  (0.142969,  0.857564)
(0.000000,  0.566664,  -0.703378),  (0.023386,  0.850919)
(-0.287012,  0.543875,  -0.670826),  (0.083177,  0.855777)
(-0.277622,  0.566664,  -0.648156),  (0.083177,  0.850919)
(-0.287012,  0.543875,  -0.670826),  (0.083177,  0.855777)
(0.000000,  0.566664,  -0.703378),  (0.023386,  0.850919)
(0.000000,  0.543875,  -0.727916),  (0.023386,  0.855777)
(0.000000,  0.535489,  -0.727916),  (0.023386,  0.857564)
(-0.277622,  0.512701,  -0.648156),  (0.083177,  0.862421)
(-0.287012,  0.535489,  -0.670826),  (0.083177,  0.857564)
(-0.277622,  0.512701,  -0.648156),  (0.083177,  0.862421)
(0.000000,  0.535489,  -0.727916),  (0.023386,  0.857564)
(0.000000,  0.512701,  -0.703378),  (0.023386,  0.862421)
(0.000000,  0.543875,  -0.727916),  (0.980053,  0.855777)
(0.277623,  0.566664,  -0.648156),  (0.920261,  0.850919)
(0.287013,  0.543875,  -0.670826),  (0.920261,  0.855777)
(0.277623,  0.566664,  -0.648156),  (0.920261,  0.850919)
(0.000000,  0.543875,  -0.727916),  (0.980053,  0.855777)
(0.000000,  0.566664,  -0.703378),  (0.980053,  0.850919)
(0.000000,  0.535489,  -0.727916),  (0.980053,  0.857564)
(0.277623,  0.512701,  -0.648156),  (0.920261,  0.862421)
(0.000000,  0.512701,  -0.703378),  (0.980053,  0.862421)
(0.277623,  0.512701,  -0.648156),  (0.920261,  0.862421)
(0.000000,  0.535489,  -0.727916),  (0.980053,  0.857564)
(0.287013,  0.535489,  -0.670826),  (0.920261,  0.857564)
(0.530330,  0.543875,  -0.508246),  (0.860469,  0.855777)
(0.287013,  0.543875,  -0.670826),  (0.920261,  0.855777)
(0.277623,  0.566664,  -0.648156),  (0.920261,  0.850919)
(0.277623,  0.566664,  -0.648156),  (0.920261,  0.850919)
(0.512979,  0.566664,  -0.490895),  (0.860469,  0.850919)
(0.530330,  0.543875,  -0.508246),  (0.860469,  0.855777)
(0.512979,  0.512701,  -0.490895),  (0.860469,  0.862421)
(0.287013,  0.535489,  -0.670826),  (0.920261,  0.857564)
(0.530330,  0.535489,  -0.508246),  (0.860469,  0.857564)
(0.287013,  0.535489,  -0.670826),  (0.920261,  0.857564)
(0.512979,  0.512701,  -0.490895),  (0.860469,  0.862421)
(0.277623,  0.512701,  -0.648156),  (0.920261,  0.862421)
(0.692910,  0.543875,  -0.264928),  (0.800678,  0.855777)
(0.530330,  0.543875,  -0.508246),  (0.860469,  0.855777)
(0.512979,  0.566664,  -0.490895),  (0.860469,  0.850919)
(0.692910,  0.543875,  -0.264928),  (0.800678,  0.855777)
(0.512979,  0.566664,  -0.490895),  (0.860469,  0.850919)
(0.670240,  0.566664,  -0.255538),  (0.800678,  0.850919)
(0.692910,  0.535489,  -0.264928),  (0.800678,  0.857564)
(0.512979,  0.512701,  -0.490895),  (0.860469,  0.862421)
(0.530330,  0.535489,  -0.508246),  (0.860469,  0.857564)
(0.512979,  0.512701,  -0.490895),  (0.860469,  0.862421)
(0.692910,  0.535489,  -0.264928),  (0.800678,  0.857564)
(0.670240,  0.512701,  -0.255538),  (0.800678,  0.862421)
(0.750000,  0.543875,  0.022084),  (0.740886,  0.855777)
(0.692910,  0.543875,  -0.264928),  (0.800678,  0.855777)
(0.670240,  0.566664,  -0.255538),  (0.800678,  0.850919)
(0.750000,  0.543875,  0.022084),  (0.740886,  0.855777)
(0.670240,  0.566664,  -0.255538),  (0.800678,  0.850919)
(0.725462,  0.566664,  0.022084),  (0.740886,  0.850919)
(0.750000,  0.535489,  0.022084),  (0.740886,  0.857564)
(0.670240,  0.512701,  -0.255538),  (0.800678,  0.862421)
(0.692910,  0.535489,  -0.264928),  (0.800678,  0.857564)
(0.670240,  0.512701,  -0.255538),  (0.800678,  0.862421)
(0.750000,  0.535489,  0.022084),  (0.740886,  0.857564)
(0.725462,  0.512701,  0.022084),  (0.740886,  0.862421)
(0.692910,  0.543875,  0.309097),  (0.681094,  0.855777)
(0.725462,  0.566664,  0.022084),  (0.740886,  0.850919)
(0.670240,  0.566664,  0.299706),  (0.681094,  0.850919)
(0.725462,  0.566664,  0.022084),  (0.740886,  0.850919)
(0.692910,  0.543875,  0.309097),  (0.681094,  0.855777)
(0.750000,  0.543875,  0.022084),  (0.740886,  0.855777)
(0.750000,  0.535489,  0.022084),  (0.740886,  0.857564)
(0.692910,  0.535489,  0.309097),  (0.681094,  0.857564)
(0.670240,  0.512701,  0.299706),  (0.681094,  0.862421)
(0.670240,  0.512701,  0.299706),  (0.681094,  0.862421)
(0.725462,  0.512701,  0.022084),  (0.740886,  0.862421)
(0.750000,  0.535489,  0.022084),  (0.740886,  0.857564)
(-0.725462,  1.731444,  0.022084),  (0.262552,  0.602649)
(-0.670239,  2.233708,  -0.255539),  (0.202761,  0.495593)
(-0.670239,  1.731444,  -0.255539),  (0.202761,  0.602649)
(-0.670239,  2.233708,  -0.255539),  (0.202761,  0.495593)
(-0.725462,  1.731444,  0.022084),  (0.262552,  0.602649)
(-0.725462,  2.233708,  0.022084),  (0.262552,  0.495593)
(-0.670240,  2.233708,  0.299706),  (0.322344,  0.495593)
(-0.725462,  1.731444,  0.022084),  (0.262552,  0.602649)
(-0.670240,  1.731444,  0.299706),  (0.322344,  0.602649)
(-0.725462,  1.731444,  0.022084),  (0.262552,  0.602649)
(-0.670240,  2.233708,  0.299706),  (0.322344,  0.495593)
(-0.725462,  2.233708,  0.022084),  (0.262552,  0.495593)
(-0.512979,  2.233708,  0.535063),  (0.382136,  0.495593)
(-0.670240,  1.731444,  0.299706),  (0.322344,  0.602649)
(-0.512979,  1.731444,  0.535063),  (0.382136,  0.602649)
(-0.670240,  1.731444,  0.299706),  (0.322344,  0.602649)
(-0.512979,  2.233708,  0.535063),  (0.382136,  0.495593)
(-0.670240,  2.233708,  0.299706),  (0.322344,  0.495593)
(-0.512979,  2.233708,  0.535063),  (0.382136,  0.495593)
(-0.277622,  1.731444,  0.692324),  (0.441928,  0.602649)
(-0.277622,  2.233708,  0.692324),  (0.441928,  0.495593)
(-0.277622,  1.731444,  0.692324),  (0.441928,  0.602649)
(-0.512979,  2.233708,  0.535063),  (0.382136,  0.495593)
(-0.512979,  1.731444,  0.535063),  (0.382136,  0.602649)
(-0.277622,  2.233708,  0.692324),  (0.441928,  0.495593)
(-0.000000,  1.731444,  0.747546),  (0.501719,  0.602649)
(-0.000000,  2.233708,  0.747546),  (0.501719,  0.495593)
(-0.000000,  1.731444,  0.747546),  (0.501719,  0.602649)
(-0.277622,  2.233708,  0.692324),  (0.441928,  0.495593)
(-0.277622,  1.731444,  0.692324),  (0.441928,  0.602649)
(0.277622,  2.233708,  0.692324),  (0.561511,  0.495593)
(-0.000000,  2.233708,  0.747546),  (0.501719,  0.495593)
(-0.000000,  1.731444,  0.747546),  (0.501719,  0.602649)
(0.277622,  2.233708,  0.692324),  (0.561511,  0.495593)
(-0.000000,  1.731444,  0.747546),  (0.501719,  0.602649)
(0.277622,  1.731444,  0.692324),  (0.561511,  0.602649)
(0.512979,  2.233708,  0.535063),  (0.621303,  0.495593)
(0.277622,  2.233708,  0.692324),  (0.561511,  0.495593)
(0.277622,  1.731444,  0.692324),  (0.561511,  0.602649)
(0.512979,  2.233708,  0.535063),  (0.621303,  0.495593)
(0.277622,  1.731444,  0.692324),  (0.561511,  0.602649)
(0.512979,  1.731444,  0.535063),  (0.621303,  0.602649)
(0.512979,  2.233708,  0.535063),  (0.621303,  0.495593)
(0.512979,  1.731444,  0.535063),  (0.621303,  0.602649)
(0.670240,  2.233708,  0.299706),  (0.681094,  0.495593)
(0.512979,  1.731444,  0.535063),  (0.621303,  0.602649)
(0.670240,  1.731444,  0.299706),  (0.681094,  0.602649)
(0.670240,  2.233708,  0.299706),  (0.681094,  0.495593)
(0.670240,  2.233708,  0.299706),  (0.681094,  0.495593)
(0.725462,  1.731444,  0.022084),  (0.740886,  0.602649)
(0.725462,  2.233708,  0.022084),  (0.740886,  0.495593)
(0.725462,  1.731444,  0.022084),  (0.740886,  0.602649)
(0.670240,  2.233708,  0.299706),  (0.681094,  0.495593)
(0.670240,  1.731444,  0.299706),  (0.681094,  0.602649)
(0.725462,  2.233708,  0.022084),  (0.740886,  0.495593)
(0.725462,  1.731444,  0.022084),  (0.740886,  0.602649)
(0.670240,  2.233708,  -0.255538),  (0.800678,  0.495593)
(0.725462,  1.731444,  0.022084),  (0.740886,  0.602649)
(0.670240,  1.731444,  -0.255538),  (0.800678,  0.602649)
(0.670240,  2.233708,  -0.255538),  (0.800678,  0.495593)
(0.670240,  2.233708,  -0.255538),  (0.800678,  0.495593)
(0.670240,  1.731444,  -0.255538),  (0.800678,  0.602649)
(0.512979,  2.233708,  -0.490895),  (0.860469,  0.495593)
(0.670240,  1.731444,  -0.255538),  (0.800678,  0.602649)
(0.512979,  1.731444,  -0.490895),  (0.860469,  0.602649)
(0.512979,  2.233708,  -0.490895),  (0.860469,  0.495593)
(0.277623,  1.731444,  -0.648156),  (0.920261,  0.602649)
(0.512979,  2.233708,  -0.490895),  (0.860469,  0.495593)
(0.512979,  1.731444,  -0.490895),  (0.860469,  0.602649)
(0.512979,  2.233708,  -0.490895),  (0.860469,  0.495593)
(0.277623,  1.731444,  -0.648156),  (0.920261,  0.602649)
(0.277623,  2.233708,  -0.648156),  (0.920261,  0.495593)
(0.000000,  1.731444,  -0.703378),  (0.980053,  0.602649)
(0.277623,  2.233708,  -0.648156),  (0.920261,  0.495593)
(0.277623,  1.731444,  -0.648156),  (0.920261,  0.602649)
(0.277623,  2.233708,  -0.648156),  (0.920261,  0.495593)
(0.000000,  1.731444,  -0.703378),  (0.980053,  0.602649)
(0.000000,  2.233708,  -0.703378),  (0.980053,  0.495593)
(-0.277622,  1.731444,  -0.648156),  (0.083177,  0.602649)
(0.000000,  2.233708,  -0.703378),  (0.023386,  0.495593)
(0.000000,  1.731444,  -0.703378),  (0.023386,  0.602649)
(0.000000,  2.233708,  -0.703378),  (0.023386,  0.495593)
(-0.277622,  1.731444,  -0.648156),  (0.083177,  0.602649)
(-0.277622,  2.233708,  -0.648156),  (0.083177,  0.495593)
(-0.512979,  1.731444,  -0.490896),  (0.142969,  0.602649)
(-0.512979,  2.233708,  -0.490896),  (0.142969,  0.495593)
(-0.277622,  1.731444,  -0.648156),  (0.083177,  0.602649)
(-0.277622,  1.731444,  -0.648156),  (0.083177,  0.602649)
(-0.512979,  2.233708,  -0.490896),  (0.142969,  0.495593)
(-0.277622,  2.233708,  -0.648156),  (0.083177,  0.495593)
(-0.670239,  2.233708,  -0.255539),  (0.202761,  0.495593)
(-0.512979,  1.731444,  -0.490896),  (0.142969,  0.602649)
(-0.670239,  1.731444,  -0.255539),  (0.202761,  0.602649)
(-0.512979,  1.731444,  -0.490896),  (0.142969,  0.602649)
(-0.670239,  2.233708,  -0.255539),  (0.202761,  0.495593)
(-0.512979,  2.233708,  -0.490896),  (0.142969,  0.495593)
(-0.670239,  0.512701,  -0.255539),  (0.202761,  0.862421)
(-0.512979,  0.009381,  -0.490896),  (0.142969,  0.969702)
(-0.670239,  0.009381,  -0.255539),  (0.202761,  0.969702)
(-0.512979,  0.009381,  -0.490896),  (0.142969,  0.969702)
(-0.670239,  0.512701,  -0.255539),  (0.202761,  0.862421)
(-0.512979,  0.512701,  -0.490896),  (0.142969,  0.862421)
(-0.512979,  0.009381,  -0.490896),  (0.142969,  0.969702)
(-0.277622,  0.512701,  -0.648156),  (0.083177,  0.862421)
(-0.277622,  0.009381,  -0.648156),  (0.083177,  0.969702)
(-0.277622,  0.512701,  -0.648156),  (0.083177,  0.862421)
(-0.512979,  0.009381,  -0.490896),  (0.142969,  0.969702)
(-0.512979,  0.512701,  -0.490896),  (0.142969,  0.862421)
(-0.277622,  0.009381,  -0.648156),  (0.083177,  0.969702)
(0.000000,  0.512701,  -0.703378),  (0.023386,  0.862421)
(0.000000,  0.009381,  -0.703378),  (0.023386,  0.969702)
(0.000000,  0.512701,  -0.703378),  (0.023386,  0.862421)
(-0.277622,  0.009381,  -0.648156),  (0.083177,  0.969702)
(-0.277622,  0.512701,  -0.648156),  (0.083177,  0.862421)
(0.000000,  0.009381,  -0.703378),  (0.980053,  0.969702)
(0.277623,  0.512701,  -0.648156),  (0.920261,  0.862421)
(0.277623,  0.009381,  -0.648156),  (0.920261,  0.969702)
(0.277623,  0.512701,  -0.648156),  (0.920261,  0.862421)
(0.000000,  0.009381,  -0.703378),  (0.980053,  0.969702)
(0.000000,  0.512701,  -0.703378),  (0.980053,  0.862421)
(0.277623,  0.009381,  -0.648156),  (0.920261,  0.969702)
(0.277623,  0.512701,  -0.648156),  (0.920261,  0.862421)
(0.512979,  0.009381,  -0.490895),  (0.860469,  0.969702)
(0.512979,  0.009381,  -0.490895),  (0.860469,  0.969702)
(0.277623,  0.512701,  -0.648156),  (0.920261,  0.862421)
(0.512979,  0.512701,  -0.490895),  (0.860469,  0.862421)
(0.670240,  0.512701,  -0.255538),  (0.800678,  0.862421)
(0.512979,  0.009381,  -0.490895),  (0.860469,  0.969702)
(0.512979,  0.512701,  -0.490895),  (0.860469,  0.862421)
(0.512979,  0.009381,  -0.490895),  (0.860469,  0.969702)
(0.670240,  0.512701,  -0.255538),  (0.800678,  0.862421)
(0.670240,  0.009381,  -0.255538),  (0.800678,  0.969702)
(0.725462,  0.512701,  0.022084),  (0.740886,  0.862421)
(0.670240,  0.009381,  -0.255538),  (0.800678,  0.969702)
(0.670240,  0.512701,  -0.255538),  (0.800678,  0.862421)
(0.670240,  0.009381,  -0.255538),  (0.800678,  0.969702)
(0.725462,  0.512701,  0.022084),  (0.740886,  0.862421)
(0.725462,  0.009381,  0.022084),  (0.740886,  0.969702)
(0.670240,  0.512701,  0.299706),  (0.681094,  0.862421)
(0.725462,  0.009381,  0.022084),  (0.740886,  0.969702)
(0.725462,  0.512701,  0.022084),  (0.740886,  0.862421)
(0.725462,  0.009381,  0.022084),  (0.740886,  0.969702)
(0.670240,  0.512701,  0.299706),  (0.681094,  0.862421)
(0.670240,  0.009381,  0.299706),  (0.681094,  0.969702)
(0.512979,  0.512701,  0.535063),  (0.621303,  0.862421)
(0.512979,  0.009381,  0.535063),  (0.621303,  0.969702)
(0.670240,  0.512701,  0.299706),  (0.681094,  0.862421)
(0.512979,  0.009381,  0.535063),  (0.621303,  0.969702)
(0.670240,  0.009381,  0.299706),  (0.681094,  0.969702)
(0.670240,  0.512701,  0.299706),  (0.681094,  0.862421)
(0.277622,  0.512701,  0.692324),  (0.561511,  0.862421)
(0.512979,  0.009381,  0.535063),  (0.621303,  0.969702)
(0.512979,  0.512701,  0.535063),  (0.621303,  0.862421)
(0.512979,  0.009381,  0.535063),  (0.621303,  0.969702)
(0.277622,  0.512701,  0.692324),  (0.561511,  0.862421)
(0.277622,  0.009381,  0.692324),  (0.561511,  0.969702)
(-0.000000,  0.512701,  0.747546),  (0.501719,  0.862421)
(0.277622,  0.009381,  0.692324),  (0.561511,  0.969702)
(0.277622,  0.512701,  0.692324),  (0.561511,  0.862421)
(0.277622,  0.009381,  0.692324),  (0.561511,  0.969702)
(-0.000000,  0.512701,  0.747546),  (0.501719,  0.862421)
(-0.000000,  0.009381,  0.747546),  (0.501719,  0.969702)
(-0.277622,  0.512701,  0.692324),  (0.441928,  0.862421)
(-0.000000,  0.009381,  0.747546),  (0.501719,  0.969702)
(-0.000000,  0.512701,  0.747546),  (0.501719,  0.862421)
(-0.000000,  0.009381,  0.747546),  (0.501719,  0.969702)
(-0.277622,  0.512701,  0.692324),  (0.441928,  0.862421)
(-0.277622,  0.009381,  0.692324),  (0.441928,  0.969702)
(-0.277622,  0.512701,  0.692324),  (0.441928,  0.862421)
(-0.512979,  0.512701,  0.535063),  (0.382136,  0.862421)
(-0.512979,  0.009381,  0.535063),  (0.382136,  0.969702)
(-0.277622,  0.512701,  0.692324),  (0.441928,  0.862421)
(-0.512979,  0.009381,  0.535063),  (0.382136,  0.969702)
(-0.277622,  0.009381,  0.692324),  (0.441928,  0.969702)
(-0.512979,  0.009381,  0.535063),  (0.382136,  0.969702)
(-0.670240,  0.512701,  0.299706),  (0.322344,  0.862421)
(-0.670240,  0.009381,  0.299706),  (0.322344,  0.969702)
(-0.670240,  0.512701,  0.299706),  (0.322344,  0.862421)
(-0.512979,  0.009381,  0.535063),  (0.382136,  0.969702)
(-0.512979,  0.512701,  0.535063),  (0.382136,  0.862421)
(-0.670240,  0.009381,  0.299706),  (0.322344,  0.969702)
(-0.725462,  0.512701,  0.022084),  (0.262552,  0.862421)
(-0.725462,  0.009381,  0.022084),  (0.262552,  0.969702)
(-0.725462,  0.512701,  0.022084),  (0.262552,  0.862421)
(-0.670240,  0.009381,  0.299706),  (0.322344,  0.969702)
(-0.670240,  0.512701,  0.299706),  (0.322344,  0.862421)
(-0.725462,  0.512701,  0.022084),  (0.262552,  0.862421)
(-0.670239,  0.009381,  -0.255539),  (0.202761,  0.969702)
(-0.725462,  0.009381,  0.022084),  (0.262552,  0.969702)
(-0.670239,  0.009381,  -0.255539),  (0.202761,  0.969702)
(-0.725462,  0.512701,  0.022084),  (0.262552,  0.862421)
(-0.670239,  0.512701,  -0.255539),  (0.202761,  0.862421)
(0.705832,  0.000000,  0.022084),  (0.932612,  0.222251)
(0.619498,  0.000000,  0.278689),  (0.832970,  0.257685)
(0.670541,  0.000000,  0.022084),  (0.840018,  0.222251)
(0.619498,  0.000000,  0.278689),  (0.832970,  0.257685)
(0.705832,  0.000000,  0.022084),  (0.932612,  0.222251)
(0.652104,  0.000000,  0.292194),  (0.918515,  0.293119)
(0.474144,  0.000000,  0.496228),  (0.812898,  0.287725)
(0.619498,  0.000000,  0.278689),  (0.832970,  0.257685)
(0.652104,  0.000000,  0.292194),  (0.918515,  0.293119)
(0.652104,  0.000000,  0.292194),  (0.918515,  0.293119)
(0.499098,  0.000000,  0.521183),  (0.878371,  0.353199)
(0.474144,  0.000000,  0.496228),  (0.812898,  0.287725)
(0.474144,  0.000000,  0.496228),  (0.812898,  0.287725)
(0.270110,  0.000000,  0.674188),  (0.818292,  0.393342)
(0.256605,  0.000000,  0.641583),  (0.782858,  0.307797)
(0.270110,  0.000000,  0.674188),  (0.818292,  0.393342)
(0.474144,  0.000000,  0.496228),  (0.812898,  0.287725)
(0.499098,  0.000000,  0.521183),  (0.878371,  0.353199)
(-0.000000,  0.000000,  0.692625),  (0.747424,  0.314845)
(0.256605,  0.000000,  0.641583),  (0.782858,  0.307797)
(0.270110,  0.000000,  0.674188),  (0.818292,  0.393342)
(0.270110,  0.000000,  0.674188),  (0.818292,  0.393342)
(-0.000000,  0.000000,  0.727916),  (0.747424,  0.407439)
(-0.000000,  0.000000,  0.692625),  (0.747424,  0.314845)
(-0.270110,  0.000000,  0.674188),  (0.676556,  0.393342)
(-0.000000,  0.000000,  0.692625),  (0.747424,  0.314845)
(-0.000000,  0.000000,  0.727916),  (0.747424,  0.407439)
(-0.000000,  0.000000,  0.692625),  (0.747424,  0.314845)
(-0.270110,  0.000000,  0.674188),  (0.676556,  0.393342)
(-0.256605,  0.000000,  0.641583),  (0.711990,  0.307797)
(-0.270110,  0.000000,  0.674188),  (0.676556,  0.393342)
(-0.474144,  0.000000,  0.496228),  (0.681950,  0.287725)
(-0.256605,  0.000000,  0.641583),  (0.711990,  0.307797)
(-0.474144,  0.000000,  0.496228),  (0.681950,  0.287725)
(-0.270110,  0.000000,  0.674188),  (0.676556,  0.393342)
(-0.499099,  0.000000,  0.521182),  (0.616477,  0.353199)
(-0.474144,  0.000000,  0.496228),  (0.681950,  0.287725)
(-0.652104,  0.000000,  0.292194),  (0.576333,  0.293119)
(-0.619499,  0.000000,  0.278688),  (0.661879,  0.257685)
(-0.652104,  0.000000,  0.292194),  (0.576333,  0.293119)
(-0.474144,  0.000000,  0.496228),  (0.681950,  0.287725)
(-0.499099,  0.000000,  0.521182),  (0.616477,  0.353199)
(-0.619499,  0.000000,  0.278688),  (0.661879,  0.257685)
(-0.705832,  0.000000,  0.022084),  (0.562237,  0.222251)
(-0.670541,  0.000000,  0.022084),  (0.654830,  0.222251)
(-0.705832,  0.000000,  0.022084),  (0.562237,  0.222251)
(-0.619499,  0.000000,  0.278688),  (0.661879,  0.257685)
(-0.652104,  0.000000,  0.292194),  (0.576333,  0.293119)
(-0.619498,  0.000000,  -0.234521),  (0.661879,  0.186817)
(-0.670541,  0.000000,  0.022084),  (0.654830,  0.222251)
(-0.705832,  0.000000,  0.022084),  (0.562237,  0.222251)
(-0.705832,  0.000000,  0.022084),  (0.562237,  0.222251)
(-0.652104,  0.000000,  -0.248027),  (0.576333,  0.151383)
(-0.619498,  0.000000,  -0.234521),  (0.661879,  0.186817)
(-0.474144,  0.000000,  -0.452060),  (0.681950,  0.156778)
(-0.652104,  0.000000,  -0.248027),  (0.576333,  0.151383)
(-0.499098,  0.000000,  -0.477015),  (0.616477,  0.091304)
(-0.652104,  0.000000,  -0.248027),  (0.576333,  0.151383)
(-0.474144,  0.000000,  -0.452060),  (0.681950,  0.156778)
(-0.619498,  0.000000,  -0.234521),  (0.661879,  0.186817)
(-0.270110,  0.000000,  -0.630020),  (0.676556,  0.051160)
(-0.474144,  0.000000,  -0.452060),  (0.681950,  0.156778)
(-0.499098,  0.000000,  -0.477015),  (0.616477,  0.091304)
(-0.474144,  0.000000,  -0.452060),  (0.681950,  0.156778)
(-0.270110,  0.000000,  -0.630020),  (0.676556,  0.051160)
(-0.256604,  0.000000,  -0.597415),  (0.711990,  0.136706)
(-0.256604,  0.000000,  -0.597415),  (0.711990,  0.136706)
(0.000000,  0.000000,  -0.683748),  (0.747424,  0.037064)
(0.000000,  0.000000,  -0.648457),  (0.747424,  0.129657)
(0.000000,  0.000000,  -0.683748),  (0.747424,  0.037064)
(-0.256604,  0.000000,  -0.597415),  (0.711990,  0.136706)
(-0.270110,  0.000000,  -0.630020),  (0.676556,  0.051160)
(0.256605,  0.000000,  -0.597415),  (0.782858,  0.136706)
(0.000000,  0.000000,  -0.648457),  (0.747424,  0.129657)
(0.000000,  0.000000,  -0.683748),  (0.747424,  0.037064)
(0.000000,  0.000000,  -0.683748),  (0.747424,  0.037064)
(0.270110,  0.000000,  -0.630020),  (0.818292,  0.051160)
(0.256605,  0.000000,  -0.597415),  (0.782858,  0.136706)
(0.474144,  0.000000,  -0.452060),  (0.812898,  0.156778)
(0.256605,  0.000000,  -0.597415),  (0.782858,  0.136706)
(0.270110,  0.000000,  -0.630020),  (0.818292,  0.051160)
(0.270110,  0.000000,  -0.630020),  (0.818292,  0.051160)
(0.499099,  0.000000,  -0.477014),  (0.878371,  0.091304)
(0.474144,  0.000000,  -0.452060),  (0.812898,  0.156778)
(0.652104,  0.000000,  -0.248026),  (0.918515,  0.151383)
(0.474144,  0.000000,  -0.452060),  (0.812898,  0.156778)
(0.499099,  0.000000,  -0.477014),  (0.878371,  0.091304)
(0.474144,  0.000000,  -0.452060),  (0.812898,  0.156778)
(0.652104,  0.000000,  -0.248026),  (0.918515,  0.151383)
(0.619499,  0.000000,  -0.234520),  (0.832970,  0.186817)
(0.705832,  0.000000,  0.022084),  (0.932612,  0.222251)
(0.619499,  0.000000,  -0.234520),  (0.832970,  0.186817)
(0.652104,  0.000000,  -0.248026),  (0.918515,  0.151383)
(0.619499,  0.000000,  -0.234520),  (0.832970,  0.186817)
(0.705832,  0.000000,  0.022084),  (0.932612,  0.222251)
(0.670541,  0.000000,  0.022084),  (0.840018,  0.222251)
