(-0.379466,  0.024001,  0.476676),  (0.420207,  0.945672)
(-0.379466,  -0.024001,  -0.476676),  (0.039046,  0.969231)
(-0.379466,  -0.024001,  0.476676),  (0.420207,  0.969231)
(-0.379466,  -0.024001,  -0.476676),  (0.039046,  0.969231)
(-0.379466,  0.024001,  0.476676),  (0.420207,  0.945672)
(-0.379466,  0.024001,  -0.476676),  (0.039046,  0.945672)
(-0.379466,  0.024001,  -0.476676),  (0.039046,  0.945672)
(0.379466,  0.024001,  -0.476676),  (0.039046,  0.525729)
(-0.379466,  -0.024001,  -0.476676),  (0.015487,  0.945672)
(0.379466,  -0.024001,  -0.476676),  (0.015487,  0.525729)
(-0.379466,  -0.024001,  -0.476676),  (0.015487,  0.945672)
(0.379466,  0.024001,  -0.476676),  (0.039046,  0.525729)
(0.379466,  -0.024001,  0.476676),  (0.420207,  0.502170)
(0.379466,  -0.024001,  -0.476676),  (0.039046,  0.502170)
(0.379466,  0.024001,  0.476676),  (0.420207,  0.525728)
(0.379466,  0.024001,  0.476676),  (0.420207,  0.525728)
(0.379466,  -0.024001,  -0.476676),  (0.039046,  0.502170)
(0.379466,  0.024001,  -0.476676),  (0.039046,  0.525729)
(-0.379466,  0.024001,  0.476676),  (0.420207,  0.945672)
(0.379466,  -0.024001,  0.476676),  (0.443766,  0.525728)
(0.379466,  0.024001,  0.476676),  (0.420207,  0.525728)
(0.379466,  -0.024001,  0.476676),  (0.443766,  0.525728)
(-0.379466,  0.024001,  0.476676),  (0.420207,  0.945672)
(-0.379466,  -0.024001,  0.476676),  (0.443766,  0.945672)
(0.379466,  -0.024001,  0.476676),  (0.730402,  0.356342)
(-0.379466,  -0.024001,  0.476676),  (0.730402,  0.137707)
(-0.379466,  -0.024001,  -0.476676),  (0.531958,  0.137707)
(0.379466,  -0.024001,  0.476676),  (0.730402,  0.356342)
(-0.379466,  -0.024001,  -0.476676),  (0.531958,  0.137707)
(0.379466,  -0.024001,  -0.476676),  (0.531958,  0.356342)
(-0.379466,  0.024001,  0.476676),  (0.420207,  0.945672)
(0.379466,  0.024001,  0.476676),  (0.420207,  0.525728)
(0.379466,  0.024001,  -0.476676),  (0.039046,  0.525729)
(-0.379466,  0.024001,  0.476676),  (0.420207,  0.945672)
(0.379466,  0.024001,  -0.476676),  (0.039046,  0.525729)
(-0.379466,  0.024001,  -0.476676),  (0.039046,  0.945672)
(-0.552097,  -0.524464,  0.393247),  (0.180062,  0.062586)
(0.552097,  -0.524464,  0.393247),  (0.816255,  0.062586)
(-0.552097,  -0.572466,  0.393247),  (0.180062,  0.038055)
(0.552097,  -0.572466,  0.393247),  (0.816255,  0.038055)
(-0.552097,  -0.572466,  0.393247),  (0.180062,  0.038055)
(0.552097,  -0.524464,  0.393247),  (0.816255,  0.062586)
(-0.552097,  -0.524464,  0.430369),  (0.180062,  0.078040)
(0.552097,  -0.572466,  0.430369),  (0.816255,  0.102572)
(0.552097,  -0.524464,  0.430369),  (0.816255,  0.078042)
(0.552097,  -0.572466,  0.430369),  (0.816255,  0.102572)
(-0.552097,  -0.524464,  0.430369),  (0.180062,  0.078040)
(-0.552097,  -0.572466,  0.430369),  (0.180062,  0.102571)
(0.552097,  -0.572466,  0.430369),  (0.816255,  0.102572)
(-0.552097,  -0.572466,  0.430369),  (0.180062,  0.102571)
(-0.552097,  -0.572466,  0.393247),  (0.180062,  0.118027)
(0.552097,  -0.572466,  0.430369),  (0.816255,  0.102572)
(-0.552097,  -0.572466,  0.393247),  (0.180062,  0.118027)
(0.552097,  -0.572466,  0.393247),  (0.816255,  0.118027)
(-0.552097,  -0.524464,  0.430369),  (0.180062,  0.078040)
(0.552097,  -0.524464,  0.430369),  (0.816255,  0.078042)
(0.552097,  -0.524464,  0.393247),  (0.816255,  0.062586)
(-0.552097,  -0.524464,  0.430369),  (0.180062,  0.078040)
(0.552097,  -0.524464,  0.393247),  (0.816255,  0.062586)
(-0.552097,  -0.524464,  0.393247),  (0.180062,  0.062586)
(0.552097,  -0.524464,  0.430369),  (0.831709,  0.062586)
(0.552097,  -0.572466,  0.430369),  (0.831709,  0.038055)
(0.552097,  -0.572466,  0.393247),  (0.816255,  0.038055)
(0.552097,  -0.524464,  0.430369),  (0.831709,  0.062586)
(0.552097,  -0.572466,  0.393247),  (0.816255,  0.038055)
(0.552097,  -0.524464,  0.393247),  (0.816255,  0.062586)
(-0.552097,  -0.524464,  0.430369),  (0.164608,  0.062586)
(-0.552097,  -0.572466,  0.393247),  (0.180062,  0.038055)
(-0.552097,  -0.572466,  0.430369),  (0.164608,  0.038055)
(-0.552097,  -0.572466,  0.393247),  (0.180062,  0.038055)
(-0.552097,  -0.524464,  0.430369),  (0.164608,  0.062586)
(-0.552097,  -0.524464,  0.393247),  (0.180062,  0.062586)
(0.344199,  0.007864,  0.428815),  (0.887971,  0.606152)
(0.658061,  -0.978151,  0.428815),  (0.838908,  0.073043)
(0.267025,  -0.032709,  0.428815),  (0.838909,  0.606152)
(0.658061,  -0.978151,  0.428815),  (0.838908,  0.073043)
(0.344199,  0.007864,  0.428815),  (0.887971,  0.606152)
(0.751943,  -0.977976,  0.428815),  (0.887970,  0.050264)
(0.751943,  -0.977976,  0.470062),  (0.905143,  0.050264)
(0.344199,  0.007864,  0.470063),  (0.905143,  0.606152)
(0.658061,  -0.978151,  0.470062),  (0.954205,  0.073043)
(0.267025,  -0.032709,  0.470063),  (0.954205,  0.606152)
(0.658061,  -0.978151,  0.470062),  (0.954205,  0.073043)
(0.344199,  0.007864,  0.470063),  (0.905143,  0.606152)
(0.658061,  -0.978151,  0.470062),  (0.954205,  0.073043)
(0.267025,  -0.032709,  0.470063),  (0.954205,  0.606152)
(0.267025,  -0.032709,  0.428815),  (0.971375,  0.606152)
(0.658061,  -0.978151,  0.470062),  (0.954205,  0.073043)
(0.267025,  -0.032709,  0.428815),  (0.971375,  0.606152)
(0.658061,  -0.978151,  0.428815),  (0.971377,  0.073043)
(0.751943,  -0.977976,  0.470062),  (0.905143,  0.050264)
(0.344199,  0.007864,  0.428815),  (0.887971,  0.606152)
(0.344199,  0.007864,  0.470063),  (0.905143,  0.606152)
(0.344199,  0.007864,  0.428815),  (0.887971,  0.606152)
(0.751943,  -0.977976,  0.470062),  (0.905143,  0.050264)
(0.751943,  -0.977976,  0.428815),  (0.887970,  0.050264)
(-0.748057,  -0.976264,  0.428815),  (0.887804,  0.050495)
(-0.340312,  0.009576,  0.428815),  (0.887804,  0.606382)
(-0.654174,  -0.976440,  0.428815),  (0.838742,  0.073274)
(-0.654174,  -0.976440,  0.428815),  (0.838742,  0.073274)
(-0.340312,  0.009576,  0.428815),  (0.887804,  0.606382)
(-0.263138,  -0.030997,  0.428815),  (0.838742,  0.606382)
(-0.340312,  0.009576,  0.470063),  (0.904976,  0.606382)
(-0.654174,  -0.976440,  0.470062),  (0.954037,  0.073274)
(-0.263138,  -0.030997,  0.470063),  (0.954038,  0.606382)
(-0.654174,  -0.976440,  0.470062),  (0.954037,  0.073274)
(-0.340312,  0.009576,  0.470063),  (0.904976,  0.606382)
(-0.748057,  -0.976264,  0.470062),  (0.904976,  0.050495)
(-0.654174,  -0.976440,  0.470062),  (0.954037,  0.073274)
(-0.263138,  -0.030997,  0.428815),  (0.971210,  0.606382)
(-0.263138,  -0.030997,  0.470063),  (0.954038,  0.606382)
(-0.263138,  -0.030997,  0.428815),  (0.971210,  0.606382)
(-0.654174,  -0.976440,  0.470062),  (0.954037,  0.073274)
(-0.654174,  -0.976440,  0.428815),  (0.971210,  0.073274)
(-0.748057,  -0.976264,  0.470062),  (0.904976,  0.050495)
(-0.340312,  0.009576,  0.470063),  (0.904976,  0.606382)
(-0.340312,  0.009576,  0.428815),  (0.887804,  0.606382)
(-0.748057,  -0.976264,  0.470062),  (0.904976,  0.050495)
(-0.340312,  0.009576,  0.428815),  (0.887804,  0.606382)
(-0.748057,  -0.976264,  0.428815),  (0.887804,  0.050495)
(-0.552097,  -0.524464,  -0.427812),  (0.816365,  0.077868)
(0.552097,  -0.524464,  -0.427812),  (0.180172,  0.077870)
(-0.552097,  -0.572465,  -0.427812),  (0.816365,  0.102399)
(0.552097,  -0.572465,  -0.427812),  (0.180173,  0.102401)
(-0.552097,  -0.572465,  -0.427812),  (0.816365,  0.102399)
(0.552097,  -0.524464,  -0.427812),  (0.180172,  0.077870)
(-0.552097,  -0.524464,  -0.390689),  (0.816365,  0.062414)
(0.552097,  -0.572465,  -0.390689),  (0.180172,  0.037883)
(0.552097,  -0.524464,  -0.390689),  (0.180172,  0.062414)
(0.552097,  -0.572465,  -0.390689),  (0.180172,  0.037883)
(-0.552097,  -0.524464,  -0.390689),  (0.816365,  0.062414)
(-0.552097,  -0.572465,  -0.390689),  (0.816365,  0.037883)
(0.552097,  -0.572465,  -0.390689),  (0.180173,  0.117855)
(-0.552097,  -0.572465,  -0.390689),  (0.816365,  0.117855)
(-0.552097,  -0.572465,  -0.427812),  (0.816365,  0.102399)
(0.552097,  -0.572465,  -0.390689),  (0.180173,  0.117855)
(-0.552097,  -0.572465,  -0.427812),  (0.816365,  0.102399)
(0.552097,  -0.572465,  -0.427812),  (0.180173,  0.102401)
(-0.552097,  -0.524464,  -0.390689),  (0.816365,  0.062414)
(0.552097,  -0.524464,  -0.390689),  (0.180172,  0.062414)
(0.552097,  -0.524464,  -0.427812),  (0.180172,  0.077870)
(-0.552097,  -0.524464,  -0.390689),  (0.816365,  0.062414)
(0.552097,  -0.524464,  -0.427812),  (0.180172,  0.077870)
(-0.552097,  -0.524464,  -0.427812),  (0.816365,  0.077868)
(0.552097,  -0.524464,  -0.390689),  (0.180172,  0.062414)
(0.552097,  -0.572465,  -0.390689),  (0.180172,  0.037883)
(0.552097,  -0.572465,  -0.427812),  (0.164718,  0.037883)
(0.552097,  -0.524464,  -0.390689),  (0.180172,  0.062414)
(0.552097,  -0.572465,  -0.427812),  (0.164718,  0.037883)
(0.552097,  -0.524464,  -0.427812),  (0.164718,  0.062414)
(-0.552097,  -0.524464,  -0.390689),  (0.816365,  0.062414)
(-0.552097,  -0.572465,  -0.427812),  (0.831820,  0.037883)
(-0.552097,  -0.572465,  -0.390689),  (0.816365,  0.037883)
(-0.552097,  -0.572465,  -0.427812),  (0.831820,  0.037883)
(-0.552097,  -0.524464,  -0.390689),  (0.816365,  0.062414)
(-0.552097,  -0.524464,  -0.427812),  (0.831820,  0.062414)
(0.344199,  0.007864,  -0.470063),  (0.904971,  0.606152)
(0.658061,  -0.978151,  -0.470063),  (0.954033,  0.073043)
(0.267025,  -0.032709,  -0.470063),  (0.954033,  0.606152)
(0.658061,  -0.978151,  -0.470063),  (0.954033,  0.073043)
(0.344199,  0.007864,  -0.470063),  (0.904971,  0.606152)
(0.751943,  -0.977976,  -0.470063),  (0.904971,  0.050264)
(0.751943,  -0.977976,  -0.428815),  (0.887798,  0.050264)
(0.344199,  0.007864,  -0.428815),  (0.887799,  0.606152)
(0.658061,  -0.978151,  -0.428815),  (0.838736,  0.073043)
(0.267025,  -0.032709,  -0.428815),  (0.838737,  0.606152)
(0.658061,  -0.978151,  -0.428815),  (0.838736,  0.073043)
(0.344199,  0.007864,  -0.428815),  (0.887799,  0.606152)
(0.658061,  -0.978151,  -0.428815),  (0.971205,  0.073043)
(0.267025,  -0.032709,  -0.428815),  (0.971203,  0.606152)
(0.267025,  -0.032709,  -0.470063),  (0.954033,  0.606152)
(0.658061,  -0.978151,  -0.428815),  (0.971205,  0.073043)
(0.267025,  -0.032709,  -0.470063),  (0.954033,  0.606152)
(0.658061,  -0.978151,  -0.470063),  (0.954033,  0.073043)
(0.751943,  -0.977976,  -0.428815),  (0.887798,  0.050264)
(0.344199,  0.007864,  -0.470063),  (0.904971,  0.606152)
(0.344199,  0.007864,  -0.428815),  (0.887799,  0.606152)
(0.344199,  0.007864,  -0.470063),  (0.904971,  0.606152)
(0.751943,  -0.977976,  -0.428815),  (0.887798,  0.050264)
(0.751943,  -0.977976,  -0.470063),  (0.904971,  0.050264)
(-0.748057,  -0.976264,  -0.470063),  (0.905032,  0.050101)
(-0.340312,  0.009576,  -0.470063),  (0.905032,  0.605987)
(-0.654174,  -0.976440,  -0.470063),  (0.954094,  0.072880)
(-0.654174,  -0.976440,  -0.470063),  (0.954094,  0.072880)
(-0.340312,  0.009576,  -0.470063),  (0.905032,  0.605987)
(-0.263138,  -0.030997,  -0.470063),  (0.954094,  0.605987)
(-0.340312,  0.009576,  -0.428815),  (0.887861,  0.605987)
(-0.654174,  -0.976440,  -0.428815),  (0.838799,  0.072880)
(-0.263138,  -0.030997,  -0.428815),  (0.838799,  0.605987)
(-0.654174,  -0.976440,  -0.428815),  (0.838799,  0.072880)
(-0.340312,  0.009576,  -0.428815),  (0.887861,  0.605987)
(-0.748057,  -0.976264,  -0.428815),  (0.887860,  0.050101)
(-0.654174,  -0.976440,  -0.428815),  (0.971267,  0.072880)
(-0.263138,  -0.030997,  -0.470063),  (0.954094,  0.605987)
(-0.263138,  -0.030997,  -0.428815),  (0.971266,  0.605987)
(-0.263138,  -0.030997,  -0.470063),  (0.954094,  0.605987)
(-0.654174,  -0.976440,  -0.428815),  (0.971267,  0.072880)
(-0.654174,  -0.976440,  -0.470063),  (0.954094,  0.072880)
(-0.748057,  -0.976264,  -0.428815),  (0.887860,  0.050101)
(-0.340312,  0.009576,  -0.428815),  (0.887861,  0.605987)
(-0.340312,  0.009576,  -0.470063),  (0.905032,  0.605987)
(-0.748057,  -0.976264,  -0.428815),  (0.887860,  0.050101)
(-0.340312,  0.009576,  -0.470063),  (0.905032,  0.605987)
(-0.748057,  -0.976264,  -0.470063),  (0.905032,  0.050101)
(-0.134700,  -0.575875,  -0.517161),  (0.789964,  0.190827)
(-0.134700,  0.974006,  -0.517160),  (0.789966,  0.982881)
(-0.092124,  -0.575875,  -0.517161),  (0.814495,  0.190827)
(-0.092124,  -0.575875,  -0.517161),  (0.814495,  0.190827)
(-0.134700,  0.974006,  -0.517160),  (0.789966,  0.982881)
(-0.092123,  0.974006,  -0.517160),  (0.814496,  0.982881)
(-0.134700,  0.974006,  -0.475913),  (0.772793,  0.982881)
(-0.092124,  -0.575875,  -0.475913),  (0.748262,  0.190827)
(-0.092123,  0.974006,  -0.475913),  (0.748262,  0.982881)
(-0.092124,  -0.575875,  -0.475913),  (0.748262,  0.190827)
(-0.134700,  0.974006,  -0.475913),  (0.772793,  0.982881)
(-0.134700,  -0.575875,  -0.475913),  (0.772792,  0.190827)
(-0.092124,  -0.575875,  -0.475913),  (0.831668,  0.190827)
(-0.092123,  0.974006,  -0.517160),  (0.814496,  0.982881)
(-0.092123,  0.974006,  -0.475913),  (0.831668,  0.982881)
(-0.092123,  0.974006,  -0.517160),  (0.814496,  0.982881)
(-0.092124,  -0.575875,  -0.475913),  (0.831668,  0.190827)
(-0.092124,  -0.575875,  -0.517161),  (0.814495,  0.190827)
(-0.134700,  -0.575875,  -0.475913),  (0.772792,  0.190827)
(-0.134700,  0.974006,  -0.475913),  (0.772793,  0.982881)
(-0.134700,  0.974006,  -0.517160),  (0.789966,  0.982881)
(-0.134700,  -0.575875,  -0.475913),  (0.772792,  0.190827)
(-0.134700,  0.974006,  -0.517160),  (0.789966,  0.982881)
(-0.134700,  -0.575875,  -0.517161),  (0.789964,  0.190827)
(0.088739,  -0.575875,  -0.517161),  (0.814005,  0.190688)
(0.088739,  0.974006,  -0.517160),  (0.814004,  0.982741)
(0.131315,  -0.575875,  -0.517161),  (0.789474,  0.190688)
(0.131315,  -0.575875,  -0.517161),  (0.789474,  0.190688)
(0.088739,  0.974006,  -0.517160),  (0.814004,  0.982741)
(0.131316,  0.974006,  -0.517160),  (0.789474,  0.982741)
(0.088739,  0.974006,  -0.475913),  (0.747771,  0.982741)
(0.131315,  -0.575875,  -0.475913),  (0.772301,  0.190688)
(0.131316,  0.974006,  -0.475913),  (0.772303,  0.982741)
(0.131315,  -0.575875,  -0.475913),  (0.772301,  0.190688)
(0.088739,  0.974006,  -0.475913),  (0.747771,  0.982741)
(0.088739,  -0.575875,  -0.475913),  (0.747772,  0.190688)
(0.131315,  -0.575875,  -0.475913),  (0.772301,  0.190688)
(0.131316,  0.974006,  -0.517160),  (0.789474,  0.982741)
(0.131316,  0.974006,  -0.475913),  (0.772303,  0.982741)
(0.131316,  0.974006,  -0.517160),  (0.789474,  0.982741)
(0.131315,  -0.575875,  -0.475913),  (0.772301,  0.190688)
(0.131315,  -0.575875,  -0.517161),  (0.789474,  0.190688)
(0.088739,  -0.575875,  -0.475913),  (0.831177,  0.190688)
(0.088739,  0.974006,  -0.475913),  (0.831177,  0.982741)
(0.088739,  0.974006,  -0.517160),  (0.814004,  0.982741)
(0.088739,  -0.575875,  -0.475913),  (0.831177,  0.190688)
(0.088739,  0.974006,  -0.517160),  (0.814004,  0.982741)
(0.088739,  -0.575875,  -0.517161),  (0.814005,  0.190688)
(-0.266276,  1.021849,  -0.521186),  (0.592077,  0.680571)
(0.266383,  1.021849,  -0.521186),  (0.592076,  0.954426)
(-0.266276,  0.973847,  -0.521186),  (0.613967,  0.680571)
(0.266383,  0.973847,  -0.521186),  (0.613966,  0.954426)
(-0.266276,  0.973847,  -0.521186),  (0.613967,  0.680571)
(0.266383,  1.021849,  -0.521186),  (0.592076,  0.954426)
(0.266383,  1.021849,  -0.471887),  (0.576754,  0.954426)
(-0.266276,  0.973847,  -0.471887),  (0.554864,  0.680571)
(0.266383,  0.973847,  -0.471887),  (0.554864,  0.954426)
(-0.266276,  0.973847,  -0.471887),  (0.554864,  0.680571)
(0.266383,  1.021849,  -0.471887),  (0.576754,  0.954426)
(-0.266276,  1.021849,  -0.471887),  (0.576754,  0.680571)
(0.266383,  0.973847,  -0.471887),  (0.629289,  0.954426)
(-0.266276,  0.973847,  -0.471887),  (0.629290,  0.680571)
(-0.266276,  0.973847,  -0.521186),  (0.613967,  0.680571)
(0.266383,  0.973847,  -0.471887),  (0.629289,  0.954426)
(-0.266276,  0.973847,  -0.521186),  (0.613967,  0.680571)
(0.266383,  0.973847,  -0.521186),  (0.613966,  0.954426)
(0.266383,  1.021849,  -0.471887),  (0.576754,  0.954426)
(-0.266276,  1.021849,  -0.521186),  (0.592077,  0.680571)
(-0.266276,  1.021849,  -0.471887),  (0.576754,  0.680571)
(-0.266276,  1.021849,  -0.521186),  (0.592077,  0.680571)
(0.266383,  1.021849,  -0.471887),  (0.576754,  0.954426)
(0.266383,  1.021849,  -0.521186),  (0.592076,  0.954426)
(-0.377276,  -0.024795,  0.420064),  (0.554929,  0.460469)
(0.377276,  -0.024795,  0.420064),  (0.120182,  0.460469)
(-0.377276,  -0.072797,  0.420064),  (0.554929,  0.485000)
(0.377276,  -0.072797,  0.420064),  (0.120182,  0.485000)
(-0.377276,  -0.072797,  0.420064),  (0.554929,  0.485000)
(0.377276,  -0.024795,  0.420064),  (0.120182,  0.460469)
(-0.377276,  -0.024795,  0.478814),  (0.554929,  0.436011)
(0.377276,  -0.072797,  0.478814),  (0.120182,  0.411480)
(0.377276,  -0.024795,  0.478814),  (0.120182,  0.436011)
(0.377276,  -0.072797,  0.478814),  (0.120182,  0.411480)
(-0.377276,  -0.024795,  0.478814),  (0.554929,  0.436011)
(-0.377276,  -0.072797,  0.478814),  (0.554929,  0.411480)
(0.377276,  -0.072797,  0.478814),  (0.120182,  0.411480)
(-0.377276,  -0.072797,  0.478814),  (0.554929,  0.411480)
(-0.377276,  -0.072797,  0.420064),  (0.554929,  0.387022)
(0.377276,  -0.072797,  0.478814),  (0.120182,  0.411480)
(-0.377276,  -0.072797,  0.420064),  (0.554929,  0.387022)
(0.377276,  -0.072797,  0.420064),  (0.120182,  0.387022)
(-0.377276,  -0.024795,  0.478814),  (0.554929,  0.436011)
(0.377276,  -0.024795,  0.478814),  (0.120182,  0.436011)
(0.377276,  -0.024795,  0.420064),  (0.120182,  0.460469)
(-0.377276,  -0.024795,  0.478814),  (0.554929,  0.436011)
(0.377276,  -0.024795,  0.420064),  (0.120182,  0.460469)
(-0.377276,  -0.024795,  0.420064),  (0.554929,  0.460469)
(0.377276,  -0.024795,  0.478814),  (0.120182,  0.436011)
(0.377276,  -0.072797,  0.478814),  (0.095651,  0.436011)
(0.377276,  -0.072797,  0.420064),  (0.095651,  0.460469)
(0.377276,  -0.024795,  0.478814),  (0.120182,  0.436011)
(0.377276,  -0.072797,  0.420064),  (0.095651,  0.460469)
(0.377276,  -0.024795,  0.420064),  (0.120182,  0.460469)
(-0.377276,  -0.024795,  0.478814),  (0.554929,  0.436011)
(-0.377276,  -0.072797,  0.420064),  (0.579460,  0.460469)
(-0.377276,  -0.072797,  0.478814),  (0.579460,  0.436011)
(-0.377276,  -0.072797,  0.420064),  (0.579460,  0.460469)
(-0.377276,  -0.024795,  0.478814),  (0.554929,  0.436011)
(-0.377276,  -0.024795,  0.420064),  (0.554929,  0.460469)
(-0.377276,  -0.024795,  -0.478814),  (0.554929,  0.460588)
(0.377276,  -0.024795,  -0.478814),  (0.120182,  0.460587)
(-0.377276,  -0.072796,  -0.478814),  (0.554929,  0.485119)
(0.377276,  -0.072796,  -0.478814),  (0.120182,  0.485118)
(-0.377276,  -0.072796,  -0.478814),  (0.554929,  0.485119)
(0.377276,  -0.024795,  -0.478814),  (0.120182,  0.460587)
(-0.377276,  -0.024795,  -0.420064),  (0.554929,  0.436129)
(0.377276,  -0.072796,  -0.420064),  (0.120182,  0.411598)
(0.377276,  -0.024795,  -0.420064),  (0.120182,  0.436129)
(0.377276,  -0.072796,  -0.420064),  (0.120182,  0.411598)
(-0.377276,  -0.024795,  -0.420064),  (0.554929,  0.436129)
(-0.377276,  -0.072796,  -0.420064),  (0.554929,  0.411598)
(0.377276,  -0.072796,  -0.420064),  (0.120182,  0.411598)
(-0.377276,  -0.072796,  -0.420064),  (0.554929,  0.411598)
(-0.377276,  -0.072796,  -0.478814),  (0.554929,  0.387140)
(0.377276,  -0.072796,  -0.420064),  (0.120182,  0.411598)
(-0.377276,  -0.072796,  -0.478814),  (0.554929,  0.387140)
(0.377276,  -0.072796,  -0.478814),  (0.120182,  0.387140)
(-0.377276,  -0.024795,  -0.420064),  (0.554929,  0.436129)
(0.377276,  -0.024795,  -0.420064),  (0.120182,  0.436129)
(0.377276,  -0.024795,  -0.478814),  (0.120182,  0.460587)
(-0.377276,  -0.024795,  -0.420064),  (0.554929,  0.436129)
(0.377276,  -0.024795,  -0.478814),  (0.120182,  0.460587)
(-0.377276,  -0.024795,  -0.478814),  (0.554929,  0.460588)
(0.377276,  -0.024795,  -0.420064),  (0.120182,  0.436129)
(0.377276,  -0.072796,  -0.420064),  (0.095651,  0.436129)
(0.377276,  -0.072796,  -0.478814),  (0.095651,  0.460587)
(0.377276,  -0.024795,  -0.420064),  (0.120182,  0.436129)
(0.377276,  -0.072796,  -0.478814),  (0.095651,  0.460587)
(0.377276,  -0.024795,  -0.478814),  (0.120182,  0.460587)
(-0.377276,  -0.024795,  -0.420064),  (0.554929,  0.436129)
(-0.377276,  -0.072796,  -0.478814),  (0.579460,  0.460588)
(-0.377276,  -0.072796,  -0.420064),  (0.579460,  0.436129)
(-0.377276,  -0.072796,  -0.478814),  (0.579460,  0.460588)
(-0.377276,  -0.024795,  -0.420064),  (0.554929,  0.436129)
(-0.377276,  -0.024795,  -0.478814),  (0.554929,  0.460588)
(-0.377276,  -0.024795,  -0.029026),  (0.554929,  0.460706)
(0.377276,  -0.024795,  -0.029026),  (0.120182,  0.460705)
(-0.377276,  -0.072796,  -0.029026),  (0.554929,  0.485237)
(0.377276,  -0.072796,  -0.029026),  (0.120182,  0.485237)
(-0.377276,  -0.072796,  -0.029026),  (0.554929,  0.485237)
(0.377276,  -0.024795,  -0.029026),  (0.120182,  0.460705)
(-0.377276,  -0.024795,  0.029724),  (0.554929,  0.436247)
(0.377276,  -0.072797,  0.029724),  (0.120182,  0.411716)
(0.377276,  -0.024795,  0.029724),  (0.120182,  0.436247)
(0.377276,  -0.072797,  0.029724),  (0.120182,  0.411716)
(-0.377276,  -0.024795,  0.029724),  (0.554929,  0.436247)
(-0.377276,  -0.072797,  0.029724),  (0.554929,  0.411716)
(0.377276,  -0.072797,  0.029724),  (0.120182,  0.411716)
(-0.377276,  -0.072797,  0.029724),  (0.554929,  0.411716)
(-0.377276,  -0.072796,  -0.029026),  (0.554929,  0.387258)
(0.377276,  -0.072797,  0.029724),  (0.120182,  0.411716)
(-0.377276,  -0.072796,  -0.029026),  (0.554929,  0.387258)
(0.377276,  -0.072796,  -0.029026),  (0.120182,  0.387258)
(-0.377276,  -0.024795,  0.029724),  (0.554929,  0.436247)
(0.377276,  -0.024795,  0.029724),  (0.120182,  0.436247)
(0.377276,  -0.024795,  -0.029026),  (0.120182,  0.460705)
(-0.377276,  -0.024795,  0.029724),  (0.554929,  0.436247)
(0.377276,  -0.024795,  -0.029026),  (0.120182,  0.460705)
(-0.377276,  -0.024795,  -0.029026),  (0.554929,  0.460706)
(0.377276,  -0.024795,  0.029724),  (0.120182,  0.436247)
(0.377276,  -0.072797,  0.029724),  (0.095651,  0.436247)
(0.377276,  -0.072796,  -0.029026),  (0.095651,  0.460705)
(0.377276,  -0.024795,  0.029724),  (0.120182,  0.436247)
(0.377276,  -0.072796,  -0.029026),  (0.095651,  0.460705)
(0.377276,  -0.024795,  -0.029026),  (0.120182,  0.460705)
(-0.377276,  -0.024795,  0.029724),  (0.554929,  0.436247)
(-0.377276,  -0.072796,  -0.029026),  (0.579460,  0.460706)
(-0.377276,  -0.072797,  0.029724),  (0.579460,  0.436247)
(-0.377276,  -0.072796,  -0.029026),  (0.579460,  0.460706)
(-0.377276,  -0.024795,  0.029724),  (0.554929,  0.436247)
(-0.377276,  -0.024795,  -0.029026),  (0.554929,  0.460706)
(0.643423,  -0.809905,  0.459358),  (0.520892,  0.966490)
(0.643423,  -0.809905,  -0.442143),  (0.520892,  0.591187)
(0.643423,  -0.761903,  0.459358),  (0.496361,  0.966490)
(0.643423,  -0.761903,  0.459358),  (0.496361,  0.966490)
(0.643423,  -0.809905,  -0.442143),  (0.520892,  0.591187)
(0.643423,  -0.761903,  -0.442143),  (0.496361,  0.591187)
(0.603188,  -0.761903,  0.459358),  (0.473180,  0.966490)
(0.603189,  -0.809905,  -0.442143),  (0.448649,  0.591187)
(0.603188,  -0.809905,  0.459358),  (0.448649,  0.966490)
(0.603189,  -0.809905,  -0.442143),  (0.448649,  0.591187)
(0.603188,  -0.761903,  0.459358),  (0.473180,  0.966490)
(0.603189,  -0.761903,  -0.442143),  (0.473179,  0.591187)
(0.643423,  -0.809905,  0.459358),  (0.520892,  0.966490)
(0.603189,  -0.809905,  -0.442143),  (0.544074,  0.591187)
(0.643423,  -0.809905,  -0.442143),  (0.520892,  0.591187)
(0.603189,  -0.809905,  -0.442143),  (0.544074,  0.591187)
(0.643423,  -0.809905,  0.459358),  (0.520892,  0.966490)
(0.603188,  -0.809905,  0.459358),  (0.544074,  0.966490)
(0.603189,  -0.761903,  -0.442143),  (0.473179,  0.591187)
(0.603188,  -0.761903,  0.459358),  (0.473180,  0.966490)
(0.643423,  -0.761903,  0.459358),  (0.496361,  0.966490)
(0.643423,  -0.761903,  0.459358),  (0.496361,  0.966490)
(0.643423,  -0.761903,  -0.442143),  (0.496361,  0.591187)
(0.603189,  -0.761903,  -0.442143),  (0.473179,  0.591187)
(0.529672,  -0.523640,  0.459358),  (0.663583,  0.618435)
(0.529672,  -0.523640,  -0.442143),  (0.663583,  0.993737)
(0.529672,  -0.475638,  0.459358),  (0.688114,  0.618435)
(0.529672,  -0.475638,  0.459358),  (0.688114,  0.618435)
(0.529672,  -0.523640,  -0.442143),  (0.663583,  0.993737)
(0.529672,  -0.475638,  -0.442143),  (0.688114,  0.993737)
(0.489438,  -0.475638,  0.459358),  (0.711296,  0.618435)
(0.489438,  -0.523640,  -0.442143),  (0.735827,  0.993737)
(0.489438,  -0.523640,  0.459358),  (0.735827,  0.618435)
(0.489438,  -0.523640,  -0.442143),  (0.735827,  0.993737)
(0.489438,  -0.475638,  0.459358),  (0.711296,  0.618435)
(0.489438,  -0.475638,  -0.442143),  (0.711296,  0.993737)
(0.529672,  -0.523640,  0.459358),  (0.663583,  0.618435)
(0.489438,  -0.523640,  -0.442143),  (0.640401,  0.993737)
(0.529672,  -0.523640,  -0.442143),  (0.663583,  0.993737)
(0.489438,  -0.523640,  -0.442143),  (0.640401,  0.993737)
(0.529672,  -0.523640,  0.459358),  (0.663583,  0.618435)
(0.489438,  -0.523640,  0.459358),  (0.640401,  0.618435)
(0.489438,  -0.475638,  -0.442143),  (0.711296,  0.993737)
(0.489438,  -0.475638,  0.459358),  (0.711296,  0.618435)
(0.529672,  -0.475638,  0.459358),  (0.688114,  0.618435)
(0.529672,  -0.475638,  0.459358),  (0.688114,  0.618435)
(0.529672,  -0.475638,  -0.442143),  (0.688114,  0.993737)
(0.489438,  -0.475638,  -0.442143),  (0.711296,  0.993737)
(0.424046,  -0.276308,  0.459358),  (0.522245,  0.967167)
(0.424047,  -0.228306,  -0.442143),  (0.497714,  0.591865)
(0.424046,  -0.228306,  0.459358),  (0.497714,  0.967167)
(0.424047,  -0.228306,  -0.442143),  (0.497714,  0.591865)
(0.424046,  -0.276308,  0.459358),  (0.522245,  0.967167)
(0.424047,  -0.276307,  -0.442143),  (0.522245,  0.591865)
(0.383812,  -0.228306,  0.459358),  (0.474532,  0.967167)
(0.383812,  -0.228306,  -0.442143),  (0.474532,  0.591865)
(0.383812,  -0.276308,  0.459358),  (0.450001,  0.967167)
(0.383812,  -0.276308,  0.459358),  (0.450001,  0.967167)
(0.383812,  -0.228306,  -0.442143),  (0.474532,  0.591865)
(0.383812,  -0.276307,  -0.442143),  (0.450001,  0.591865)
(0.424046,  -0.276308,  0.459358),  (0.522245,  0.967167)
(0.383812,  -0.276307,  -0.442143),  (0.545426,  0.591865)
(0.424047,  -0.276307,  -0.442143),  (0.522245,  0.591865)
(0.383812,  -0.276307,  -0.442143),  (0.545426,  0.591865)
(0.424046,  -0.276308,  0.459358),  (0.522245,  0.967167)
(0.383812,  -0.276308,  0.459358),  (0.545426,  0.967167)
(0.383812,  -0.228306,  -0.442143),  (0.474532,  0.591865)
(0.383812,  -0.228306,  0.459358),  (0.474532,  0.967167)
(0.424046,  -0.228306,  0.459358),  (0.497714,  0.967167)
(0.424046,  -0.228306,  0.459358),  (0.497714,  0.967167)
(0.424047,  -0.228306,  -0.442143),  (0.497714,  0.591865)
(0.383812,  -0.228306,  -0.442143),  (0.474532,  0.591865)
(-0.640314,  -0.761903,  0.459358),  (0.498151,  0.966490)
(-0.640314,  -0.809905,  -0.442143),  (0.473620,  0.591187)
(-0.640314,  -0.809905,  0.459358),  (0.473620,  0.966490)
(-0.640314,  -0.809905,  -0.442143),  (0.473620,  0.591187)
(-0.640314,  -0.761903,  0.459358),  (0.498151,  0.966490)
(-0.640314,  -0.761903,  -0.442143),  (0.498151,  0.591187)
(-0.600079,  -0.809905,  0.459358),  (0.545864,  0.966490)
(-0.600079,  -0.809905,  -0.442143),  (0.545864,  0.591187)
(-0.600079,  -0.761903,  0.459358),  (0.521333,  0.966490)
(-0.600079,  -0.761903,  0.459358),  (0.521333,  0.966490)
(-0.600079,  -0.809905,  -0.442143),  (0.545864,  0.591187)
(-0.600079,  -0.761903,  -0.442143),  (0.521333,  0.591187)
(-0.600079,  -0.809905,  -0.442143),  (0.450438,  0.591187)
(-0.600079,  -0.809905,  0.459358),  (0.450438,  0.966490)
(-0.640314,  -0.809905,  0.459358),  (0.473620,  0.966490)
(-0.640314,  -0.809905,  0.459358),  (0.473620,  0.966490)
(-0.640314,  -0.809905,  -0.442143),  (0.473620,  0.591187)
(-0.600079,  -0.809905,  -0.442143),  (0.450438,  0.591187)
(-0.640314,  -0.761903,  0.459358),  (0.498151,  0.966490)
(-0.600079,  -0.761903,  -0.442143),  (0.521333,  0.591187)
(-0.640314,  -0.761903,  -0.442143),  (0.498151,  0.591187)
(-0.600079,  -0.761903,  -0.442143),  (0.521333,  0.591187)
(-0.640314,  -0.761903,  0.459358),  (0.498151,  0.966490)
(-0.600079,  -0.761903,  0.459358),  (0.521333,  0.966490)
(-0.526563,  -0.475638,  0.459358),  (0.497546,  0.591188)
(-0.526563,  -0.523640,  -0.442143),  (0.522077,  0.966490)
(-0.526563,  -0.523640,  0.459358),  (0.522077,  0.591188)
(-0.526563,  -0.523640,  -0.442143),  (0.522077,  0.966490)
(-0.526563,  -0.475638,  0.459358),  (0.497546,  0.591188)
(-0.526563,  -0.475638,  -0.442143),  (0.497545,  0.966490)
(-0.486328,  -0.523640,  0.459358),  (0.449833,  0.591188)
(-0.486328,  -0.523640,  -0.442143),  (0.449833,  0.966490)
(-0.486328,  -0.475638,  0.459358),  (0.474364,  0.591188)
(-0.486328,  -0.475638,  0.459358),  (0.474364,  0.591188)
(-0.486328,  -0.523640,  -0.442143),  (0.449833,  0.966490)
(-0.486328,  -0.475638,  -0.442143),  (0.474364,  0.966490)
(-0.486328,  -0.523640,  -0.442143),  (0.545258,  0.966490)
(-0.486328,  -0.523640,  0.459358),  (0.545258,  0.591188)
(-0.526563,  -0.523640,  0.459358),  (0.522077,  0.591188)
(-0.526563,  -0.523640,  0.459358),  (0.522077,  0.591188)
(-0.526563,  -0.523640,  -0.442143),  (0.522077,  0.966490)
(-0.486328,  -0.523640,  -0.442143),  (0.545258,  0.966490)
(-0.526563,  -0.475638,  0.459358),  (0.497546,  0.591188)
(-0.486328,  -0.475638,  -0.442143),  (0.474364,  0.966490)
(-0.526563,  -0.475638,  -0.442143),  (0.497545,  0.966490)
(-0.486328,  -0.475638,  -0.442143),  (0.474364,  0.966490)
(-0.526563,  -0.475638,  0.459358),  (0.497546,  0.591188)
(-0.486328,  -0.475638,  0.459358),  (0.474364,  0.591188)
(-0.420937,  -0.228306,  0.459358),  (0.497706,  0.967006)
(-0.420937,  -0.228306,  -0.442143),  (0.497706,  0.591704)
(-0.420937,  -0.276308,  0.459358),  (0.473175,  0.967006)
(-0.420937,  -0.276308,  0.459358),  (0.473175,  0.967006)
(-0.420937,  -0.228306,  -0.442143),  (0.497706,  0.591704)
(-0.420937,  -0.276307,  -0.442143),  (0.473175,  0.591704)
(-0.380703,  -0.276308,  0.459358),  (0.545419,  0.967006)
(-0.380703,  -0.228306,  -0.442143),  (0.520888,  0.591704)
(-0.380703,  -0.228306,  0.459358),  (0.520888,  0.967006)
(-0.380703,  -0.228306,  -0.442143),  (0.520888,  0.591704)
(-0.380703,  -0.276308,  0.459358),  (0.545419,  0.967006)
(-0.380703,  -0.276307,  -0.442143),  (0.545419,  0.591704)
(-0.380703,  -0.276307,  -0.442143),  (0.449994,  0.591704)
(-0.380703,  -0.276308,  0.459358),  (0.449994,  0.967006)
(-0.420937,  -0.276308,  0.459358),  (0.473175,  0.967006)
(-0.420937,  -0.276308,  0.459358),  (0.473175,  0.967006)
(-0.420937,  -0.276307,  -0.442143),  (0.473175,  0.591704)
(-0.380703,  -0.276307,  -0.442143),  (0.449994,  0.591704)
(-0.420937,  -0.228306,  0.459358),  (0.497706,  0.967006)
(-0.380703,  -0.228306,  -0.442143),  (0.520888,  0.591704)
(-0.420937,  -0.228306,  -0.442143),  (0.497706,  0.591704)
(-0.380703,  -0.228306,  -0.442143),  (0.520888,  0.591704)
(-0.420937,  -0.228306,  0.459358),  (0.497706,  0.967006)
(-0.380703,  -0.228306,  0.459358),  (0.520888,  0.967006)
(0.455314,  -0.454929,  0.381111),  (0.918330,  0.978987)
(0.455314,  -0.454929,  -0.381492),  (0.918330,  0.661510)
(0.455314,  -0.478930,  0.381111),  (0.906064,  0.978987)
(0.455314,  -0.478930,  0.381111),  (0.906064,  0.978987)
(0.455314,  -0.454929,  -0.381492),  (0.918330,  0.661510)
(0.455314,  -0.478930,  -0.381492),  (0.906064,  0.661510)
(0.564060,  -0.478930,  0.381111),  (0.993252,  0.978987)
(0.564060,  -0.454929,  -0.381492),  (0.980986,  0.661510)
(0.564060,  -0.454929,  0.381111),  (0.980986,  0.978987)
(0.564060,  -0.454929,  -0.381492),  (0.980986,  0.661510)
(0.564060,  -0.478930,  0.381111),  (0.993252,  0.978987)
(0.564060,  -0.478930,  -0.381492),  (0.993252,  0.661510)
(0.564060,  -0.478930,  -0.381492),  (0.899258,  0.980225)
(0.564060,  -0.478930,  0.381111),  (0.899258,  0.662747)
(0.455314,  -0.478930,  0.381111),  (0.836602,  0.662747)
(0.455314,  -0.478930,  0.381111),  (0.836602,  0.662747)
(0.455314,  -0.478930,  -0.381492),  (0.836602,  0.980225)
(0.564060,  -0.478930,  -0.381492),  (0.899258,  0.980225)
(0.455314,  -0.454929,  0.381111),  (0.918330,  0.978987)
(0.564060,  -0.454929,  -0.381492),  (0.980986,  0.661510)
(0.455314,  -0.454929,  -0.381492),  (0.918330,  0.661510)
(0.564060,  -0.454929,  -0.381492),  (0.980986,  0.661510)
(0.455314,  -0.454929,  0.381111),  (0.918330,  0.978987)
(0.564060,  -0.454929,  0.381111),  (0.980986,  0.978987)
(0.455314,  -0.454929,  -0.381492),  (0.918330,  0.661510)
(0.564060,  -0.454929,  -0.381492),  (0.980986,  0.661510)
(0.455314,  -0.478930,  -0.381492),  (0.918330,  0.649244)
(0.564060,  -0.478930,  -0.381492),  (0.980986,  0.649244)
(0.455314,  -0.478930,  -0.381492),  (0.918330,  0.649244)
(0.564060,  -0.454929,  -0.381492),  (0.980986,  0.661510)
(0.564060,  -0.454929,  0.381111),  (0.980986,  0.978987)
(0.455314,  -0.454929,  0.381111),  (0.918330,  0.978987)
(0.455314,  -0.478930,  0.381111),  (0.918330,  0.991252)
(0.564060,  -0.454929,  0.381111),  (0.980986,  0.978987)
(0.455314,  -0.478930,  0.381111),  (0.918330,  0.991252)
(0.564060,  -0.478930,  0.381111),  (0.980986,  0.991252)
(0.569573,  -0.738013,  0.381111),  (0.918270,  0.979060)
(0.569572,  -0.762014,  -0.381492),  (0.906004,  0.661583)
(0.569573,  -0.762014,  0.381111),  (0.906004,  0.979060)
(0.569572,  -0.762014,  -0.381492),  (0.906004,  0.661583)
(0.569573,  -0.738013,  0.381111),  (0.918270,  0.979060)
(0.569572,  -0.738013,  -0.381492),  (0.918271,  0.661583)
(0.678319,  -0.762014,  0.381111),  (0.993192,  0.979060)
(0.678319,  -0.762014,  -0.381492),  (0.993192,  0.661583)
(0.678319,  -0.738013,  0.381111),  (0.980926,  0.979060)
(0.678319,  -0.738013,  0.381111),  (0.980926,  0.979060)
(0.678319,  -0.762014,  -0.381492),  (0.993192,  0.661583)
(0.678319,  -0.738013,  -0.381492),  (0.980926,  0.661583)
(0.678319,  -0.762014,  -0.381492),  (0.899123,  0.980225)
(0.678319,  -0.762014,  0.381111),  (0.899123,  0.662747)
(0.569573,  -0.762014,  0.381111),  (0.836467,  0.662747)
(0.569573,  -0.762014,  0.381111),  (0.836467,  0.662747)
(0.569572,  -0.762014,  -0.381492),  (0.836467,  0.980225)
(0.678319,  -0.762014,  -0.381492),  (0.899123,  0.980225)
(0.569573,  -0.738013,  0.381111),  (0.918270,  0.979060)
(0.678319,  -0.738013,  -0.381492),  (0.980926,  0.661583)
(0.569572,  -0.738013,  -0.381492),  (0.918271,  0.661583)
(0.678319,  -0.738013,  -0.381492),  (0.980926,  0.661583)
(0.569573,  -0.738013,  0.381111),  (0.918270,  0.979060)
(0.678319,  -0.738013,  0.381111),  (0.980926,  0.979060)
(0.569572,  -0.738013,  -0.381492),  (0.918271,  0.661583)
(0.678319,  -0.738013,  -0.381492),  (0.980926,  0.661583)
(0.569572,  -0.762014,  -0.381492),  (0.918271,  0.649317)
(0.678319,  -0.762014,  -0.381492),  (0.980926,  0.649317)
(0.569572,  -0.762014,  -0.381492),  (0.918271,  0.649317)
(0.678319,  -0.738013,  -0.381492),  (0.980926,  0.661583)
(0.678319,  -0.738013,  0.381111),  (0.980926,  0.979060)
(0.569573,  -0.738013,  0.381111),  (0.918270,  0.979060)
(0.569573,  -0.762014,  0.381111),  (0.918270,  0.991325)
(0.678319,  -0.738013,  0.381111),  (0.980926,  0.979060)
(0.569573,  -0.762014,  0.381111),  (0.918270,  0.991325)
(0.678319,  -0.762014,  0.381111),  (0.980926,  0.991325)
(0.349519,  -0.207469,  0.381111),  (0.980714,  0.661510)
(0.349519,  -0.231470,  -0.381492),  (0.992980,  0.978987)
(0.349519,  -0.231470,  0.381111),  (0.992980,  0.661510)
(0.349519,  -0.231470,  -0.381492),  (0.992980,  0.978987)
(0.349519,  -0.207469,  0.381111),  (0.980714,  0.661510)
(0.349519,  -0.207469,  -0.381492),  (0.980714,  0.978987)
(0.458265,  -0.231470,  0.381111),  (0.905792,  0.661510)
(0.458265,  -0.231470,  -0.381492),  (0.905792,  0.978987)
(0.458265,  -0.207469,  0.381111),  (0.918059,  0.661510)
(0.458265,  -0.207469,  0.381111),  (0.918059,  0.661510)
(0.458265,  -0.231470,  -0.381492),  (0.905792,  0.978987)
(0.458265,  -0.207469,  -0.381492),  (0.918058,  0.978987)
(0.458265,  -0.231470,  -0.381492),  (0.836719,  0.662829)
(0.458265,  -0.231470,  0.381111),  (0.836719,  0.980307)
(0.349519,  -0.231470,  0.381111),  (0.899375,  0.980307)
(0.349519,  -0.231470,  0.381111),  (0.899375,  0.980307)
(0.349519,  -0.231470,  -0.381492),  (0.899375,  0.662829)
(0.458265,  -0.231470,  -0.381492),  (0.836719,  0.662829)
(0.349519,  -0.207469,  0.381111),  (0.980714,  0.661510)
(0.458265,  -0.207469,  -0.381492),  (0.918058,  0.978987)
(0.349519,  -0.207469,  -0.381492),  (0.980714,  0.978987)
(0.458265,  -0.207469,  -0.381492),  (0.918058,  0.978987)
(0.349519,  -0.207469,  0.381111),  (0.980714,  0.661510)
(0.458265,  -0.207469,  0.381111),  (0.918059,  0.661510)
(0.349519,  -0.207469,  -0.381492),  (0.980714,  0.978987)
(0.458265,  -0.207469,  -0.381492),  (0.918058,  0.978987)
(0.349519,  -0.231470,  -0.381492),  (0.980714,  0.991252)
(0.458265,  -0.231470,  -0.381492),  (0.918058,  0.991252)
(0.349519,  -0.231470,  -0.381492),  (0.980714,  0.991252)
(0.458265,  -0.207469,  -0.381492),  (0.918058,  0.978987)
(0.458265,  -0.207469,  0.381111),  (0.918059,  0.661510)
(0.349519,  -0.207469,  0.381111),  (0.980714,  0.661510)
(0.349519,  -0.231470,  0.381111),  (0.980714,  0.649244)
(0.458265,  -0.207469,  0.381111),  (0.918059,  0.661510)
(0.349519,  -0.231470,  0.381111),  (0.980714,  0.649244)
(0.458265,  -0.231470,  0.381111),  (0.918059,  0.649244)
(-0.451991,  -0.478930,  0.381111),  (0.905853,  0.661549)
(-0.451991,  -0.454929,  -0.381492),  (0.918118,  0.979026)
(-0.451991,  -0.454929,  0.381111),  (0.918119,  0.661549)
(-0.451991,  -0.454929,  -0.381492),  (0.918118,  0.979026)
(-0.451991,  -0.478930,  0.381111),  (0.905853,  0.661549)
(-0.451991,  -0.478930,  -0.381492),  (0.905853,  0.979026)
(-0.560738,  -0.454929,  0.381111),  (0.980775,  0.661549)
(-0.560738,  -0.454929,  -0.381492),  (0.980774,  0.979026)
(-0.560738,  -0.478930,  0.381111),  (0.993040,  0.661549)
(-0.560738,  -0.478930,  0.381111),  (0.993040,  0.661549)
(-0.560738,  -0.454929,  -0.381492),  (0.980774,  0.979026)
(-0.560738,  -0.478930,  -0.381492),  (0.993040,  0.979026)
(-0.560738,  -0.478930,  0.381111),  (0.898938,  0.980225)
(-0.451991,  -0.478930,  -0.381492),  (0.836282,  0.662747)
(-0.451991,  -0.478930,  0.381111),  (0.836282,  0.980225)
(-0.451991,  -0.478930,  -0.381492),  (0.836282,  0.662747)
(-0.560738,  -0.478930,  0.381111),  (0.898938,  0.980225)
(-0.560738,  -0.478930,  -0.381492),  (0.898938,  0.662747)
(-0.560738,  -0.454929,  -0.381492),  (0.980774,  0.979026)
(-0.560738,  -0.454929,  0.381111),  (0.980775,  0.661549)
(-0.451991,  -0.454929,  0.381111),  (0.918119,  0.661549)
(-0.451991,  -0.454929,  0.381111),  (0.918119,  0.661549)
(-0.451991,  -0.454929,  -0.381492),  (0.918118,  0.979026)
(-0.560738,  -0.454929,  -0.381492),  (0.980774,  0.979026)
(-0.560738,  -0.454929,  0.381111),  (0.980775,  0.661549)
(-0.451991,  -0.478930,  0.381111),  (0.918119,  0.649284)
(-0.451991,  -0.454929,  0.381111),  (0.918119,  0.661549)
(-0.451991,  -0.478930,  0.381111),  (0.918119,  0.649284)
(-0.560738,  -0.454929,  0.381111),  (0.980775,  0.661549)
(-0.560738,  -0.478930,  0.381111),  (0.980775,  0.649284)
(-0.451991,  -0.478930,  -0.381492),  (0.918118,  0.991292)
(-0.560738,  -0.478930,  -0.381492),  (0.980774,  0.991292)
(-0.560738,  -0.454929,  -0.381492),  (0.980774,  0.979026)
(-0.451991,  -0.478930,  -0.381492),  (0.918118,  0.991292)
(-0.560738,  -0.454929,  -0.381492),  (0.980774,  0.979026)
(-0.451991,  -0.454929,  -0.381492),  (0.918118,  0.979026)
(-0.566250,  -0.762014,  0.381111),  (0.906276,  0.661583)
(-0.566250,  -0.762014,  -0.381492),  (0.906276,  0.979060)
(-0.566250,  -0.738013,  0.381111),  (0.918542,  0.661583)
(-0.566250,  -0.738013,  0.381111),  (0.918542,  0.661583)
(-0.566250,  -0.762014,  -0.381492),  (0.906276,  0.979060)
(-0.566250,  -0.738013,  -0.381492),  (0.918542,  0.979060)
(-0.674997,  -0.738013,  0.381111),  (0.981198,  0.661583)
(-0.674997,  -0.762014,  -0.381492),  (0.993464,  0.979060)
(-0.674997,  -0.762014,  0.381111),  (0.993464,  0.661583)
(-0.674997,  -0.762014,  -0.381492),  (0.993464,  0.979060)
(-0.674997,  -0.738013,  0.381111),  (0.981198,  0.661583)
(-0.674997,  -0.738013,  -0.381492),  (0.981198,  0.979060)
(-0.674997,  -0.762014,  0.381111),  (0.899393,  0.980225)
(-0.566250,  -0.762014,  -0.381492),  (0.836737,  0.662747)
(-0.566250,  -0.762014,  0.381111),  (0.836737,  0.980225)
(-0.566250,  -0.762014,  -0.381492),  (0.836737,  0.662747)
(-0.674997,  -0.762014,  0.381111),  (0.899393,  0.980225)
(-0.674997,  -0.762014,  -0.381492),  (0.899393,  0.662747)
(-0.674997,  -0.738013,  -0.381492),  (0.981198,  0.979060)
(-0.674997,  -0.738013,  0.381111),  (0.981198,  0.661583)
(-0.566250,  -0.738013,  0.381111),  (0.918542,  0.661583)
(-0.566250,  -0.738013,  0.381111),  (0.918542,  0.661583)
(-0.566250,  -0.738013,  -0.381492),  (0.918542,  0.979060)
(-0.674997,  -0.738013,  -0.381492),  (0.981198,  0.979060)
(-0.674997,  -0.738013,  0.381111),  (0.981198,  0.661583)
(-0.566250,  -0.762014,  0.381111),  (0.918542,  0.649317)
(-0.566250,  -0.738013,  0.381111),  (0.918542,  0.661583)
(-0.566250,  -0.762014,  0.381111),  (0.918542,  0.649317)
(-0.674997,  -0.738013,  0.381111),  (0.981198,  0.661583)
(-0.674997,  -0.762014,  0.381111),  (0.981198,  0.649317)
(-0.566250,  -0.762014,  -0.381492),  (0.918542,  0.991325)
(-0.674997,  -0.762014,  -0.381492),  (0.981198,  0.991325)
(-0.674997,  -0.738013,  -0.381492),  (0.981198,  0.979060)
(-0.566250,  -0.762014,  -0.381492),  (0.918542,  0.991325)
(-0.674997,  -0.738013,  -0.381492),  (0.981198,  0.979060)
(-0.566250,  -0.738013,  -0.381492),  (0.918542,  0.979060)
(-0.346196,  -0.231470,  0.381111),  (0.905733,  0.661583)
(-0.346196,  -0.231470,  -0.381492),  (0.905733,  0.979060)
(-0.346196,  -0.207469,  0.381111),  (0.917999,  0.661583)
(-0.346196,  -0.207469,  0.381111),  (0.917999,  0.661583)
(-0.346196,  -0.231470,  -0.381492),  (0.905733,  0.979060)
(-0.346196,  -0.207469,  -0.381492),  (0.917998,  0.979060)
(-0.454943,  -0.207469,  0.381111),  (0.980654,  0.661583)
(-0.454943,  -0.231470,  -0.381492),  (0.992920,  0.979060)
(-0.454943,  -0.231470,  0.381111),  (0.992920,  0.661583)
(-0.454943,  -0.231470,  -0.381492),  (0.992920,  0.979060)
(-0.454943,  -0.207469,  0.381111),  (0.980654,  0.661583)
(-0.454943,  -0.207469,  -0.381492),  (0.980654,  0.979060)
(-0.454943,  -0.231470,  0.381111),  (0.836669,  0.662945)
(-0.346196,  -0.231470,  -0.381492),  (0.899325,  0.980423)
(-0.346196,  -0.231470,  0.381111),  (0.899325,  0.662945)
(-0.346196,  -0.231470,  -0.381492),  (0.899325,  0.980423)
(-0.454943,  -0.231470,  0.381111),  (0.836669,  0.662945)
(-0.454943,  -0.231470,  -0.381492),  (0.836669,  0.980423)
(-0.454943,  -0.207469,  0.381111),  (0.980654,  0.661583)
(-0.346196,  -0.207469,  -0.381492),  (0.917998,  0.979060)
(-0.454943,  -0.207469,  -0.381492),  (0.980654,  0.979060)
(-0.346196,  -0.207469,  -0.381492),  (0.917998,  0.979060)
(-0.454943,  -0.207469,  0.381111),  (0.980654,  0.661583)
(-0.346196,  -0.207469,  0.381111),  (0.917999,  0.661583)
(-0.454943,  -0.207469,  0.381111),  (0.980654,  0.661583)
(-0.346196,  -0.231470,  0.381111),  (0.917999,  0.649317)
(-0.346196,  -0.207469,  0.381111),  (0.917999,  0.661583)
(-0.346196,  -0.231470,  0.381111),  (0.917999,  0.649317)
(-0.454943,  -0.207469,  0.381111),  (0.980654,  0.661583)
(-0.454943,  -0.231470,  0.381111),  (0.980654,  0.649317)
(-0.346196,  -0.231470,  -0.381492),  (0.917998,  0.991325)
(-0.454943,  -0.231470,  -0.381492),  (0.980654,  0.991325)
(-0.454943,  -0.207469,  -0.381492),  (0.980654,  0.979060)
(-0.346196,  -0.231470,  -0.381492),  (0.917998,  0.991325)
(-0.454943,  -0.207469,  -0.381492),  (0.980654,  0.979060)
(-0.346196,  -0.207469,  -0.381492),  (0.917998,  0.979060)
(-0.177714,  -0.489253,  -0.476543),  (0.627250,  0.610546)
(0.177714,  -0.489253,  -0.476543),  (0.627250,  0.405760)
(-0.177714,  -0.524419,  -0.476543),  (0.609279,  0.610546)
(0.177714,  -0.524419,  -0.476543),  (0.609279,  0.405760)
(-0.177714,  -0.524419,  -0.476543),  (0.609279,  0.610546)
(0.177714,  -0.489253,  -0.476543),  (0.627250,  0.405760)
(-0.177714,  -0.489253,  -0.420859),  (0.650432,  0.610546)
(0.177714,  -0.524419,  -0.420859),  (0.668403,  0.405760)
(0.177714,  -0.489253,  -0.420859),  (0.650432,  0.405760)
(0.177714,  -0.524419,  -0.420859),  (0.668403,  0.405760)
(-0.177714,  -0.489253,  -0.420859),  (0.650432,  0.610546)
(-0.177714,  -0.524419,  -0.420859),  (0.668403,  0.610546)
(0.177714,  -0.524419,  -0.420859),  (0.586097,  0.405760)
(-0.177714,  -0.524419,  -0.420859),  (0.586097,  0.610546)
(-0.177714,  -0.524419,  -0.476543),  (0.609279,  0.610546)
(0.177714,  -0.524419,  -0.420859),  (0.586097,  0.405760)
(-0.177714,  -0.524419,  -0.476543),  (0.609279,  0.610546)
(0.177714,  -0.524419,  -0.476543),  (0.609279,  0.405760)
(-0.177714,  -0.489253,  -0.420859),  (0.650432,  0.610546)
(0.177714,  -0.489253,  -0.420859),  (0.650432,  0.405760)
(0.177714,  -0.489253,  -0.476543),  (0.627250,  0.405760)
(-0.177714,  -0.489253,  -0.420859),  (0.650432,  0.610546)
(0.177714,  -0.489253,  -0.476543),  (0.627250,  0.405760)
(-0.177714,  -0.489253,  -0.476543),  (0.627250,  0.610546)
(0.177714,  -0.489253,  -0.420859),  (0.650432,  0.405760)
(0.177714,  -0.524419,  -0.420859),  (0.668403,  0.405760)
(0.177714,  -0.524419,  -0.476543),  (0.668403,  0.382578)
(0.177714,  -0.489253,  -0.420859),  (0.650432,  0.405760)
(0.177714,  -0.524419,  -0.476543),  (0.668403,  0.382578)
(0.177714,  -0.489253,  -0.476543),  (0.650432,  0.382578)
(-0.177714,  -0.489253,  -0.420859),  (0.627250,  0.633728)
(-0.177714,  -0.524419,  -0.476543),  (0.609279,  0.610546)
(-0.177714,  -0.524419,  -0.420859),  (0.609279,  0.633728)
(-0.177714,  -0.524419,  -0.476543),  (0.609279,  0.610546)
(-0.177714,  -0.489253,  -0.420859),  (0.627250,  0.633728)
(-0.177714,  -0.489253,  -0.476543),  (0.627250,  0.610546)
(0.266383,  0.973847,  -0.471887),  (0.554864,  0.954426)
(0.266383,  1.021849,  -0.521186),  (0.576754,  0.969749)
(0.266383,  1.021849,  -0.471887),  (0.576754,  0.954426)
(0.266383,  1.021849,  -0.521186),  (0.576754,  0.969749)
(0.266383,  0.973847,  -0.471887),  (0.554864,  0.954426)
(0.266383,  0.973847,  -0.521186),  (0.554864,  0.969749)
(-0.266276,  0.973847,  -0.471887),  (0.554864,  0.680571)
(-0.266276,  1.021849,  -0.521186),  (0.576754,  0.665248)
(-0.266276,  0.973847,  -0.521186),  (0.554864,  0.665248)
(-0.266276,  1.021849,  -0.521186),  (0.576754,  0.665248)
(-0.266276,  0.973847,  -0.471887),  (0.554864,  0.680571)
(-0.266276,  1.021849,  -0.471887),  (0.576754,  0.680571)
(0.088739,  -0.575875,  -0.475913),  (0.747772,  0.190688)
(0.131315,  -0.575875,  -0.517161),  (0.772301,  0.173517)
(0.131315,  -0.575875,  -0.475913),  (0.772301,  0.190688)
(0.131315,  -0.575875,  -0.517161),  (0.772301,  0.173517)
(0.088739,  -0.575875,  -0.475913),  (0.747772,  0.190688)
(0.088739,  -0.575875,  -0.517161),  (0.747772,  0.173517)
(-0.134700,  -0.575875,  -0.475913),  (0.772792,  0.190827)
(-0.092124,  -0.575875,  -0.517161),  (0.748262,  0.173656)
(-0.092124,  -0.575875,  -0.475913),  (0.748262,  0.190827)
(-0.092124,  -0.575875,  -0.517161),  (0.748262,  0.173656)
(-0.134700,  -0.575875,  -0.475913),  (0.772792,  0.190827)
(-0.134700,  -0.575875,  -0.517161),  (0.772792,  0.173656)
(0.409160,  -0.245510,  -0.324521),  (0.702464,  0.529602)
(0.477336,  -0.386213,  -0.463000),  (0.717568,  0.442782)
(0.457246,  -0.344750,  -0.463335),  (0.702463,  0.457713)
(0.409569,  -0.246354,  -0.267368),  (0.717568,  0.544095)
(0.477336,  -0.386213,  -0.463000),  (0.717568,  0.442782)
(0.409160,  -0.245510,  -0.324521),  (0.702464,  0.529602)
(0.452620,  -0.401436,  -0.463000),  (0.673085,  0.442782)
(0.384444,  -0.260733,  -0.324521),  (0.688190,  0.529602)
(0.432529,  -0.359973,  -0.463335),  (0.688190,  0.457713)
(0.384444,  -0.260733,  -0.324521),  (0.688190,  0.529602)
(0.452620,  -0.401436,  -0.463000),  (0.673085,  0.442782)
(0.384853,  -0.261577,  -0.267368),  (0.673085,  0.544095)
(0.384853,  -0.261577,  -0.267368),  (0.731842,  0.544095)
(0.452620,  -0.401436,  -0.463000),  (0.731842,  0.442782)
(0.477336,  -0.386213,  -0.463000),  (0.717568,  0.442782)
(0.384853,  -0.261577,  -0.267368),  (0.731842,  0.544095)
(0.477336,  -0.386213,  -0.463000),  (0.717568,  0.442782)
(0.409569,  -0.246354,  -0.267368),  (0.717568,  0.544095)
(0.432529,  -0.359973,  -0.463335),  (0.688190,  0.457713)
(0.409160,  -0.245510,  -0.324521),  (0.702464,  0.529602)
(0.457246,  -0.344750,  -0.463335),  (0.702463,  0.457713)
(0.409160,  -0.245510,  -0.324521),  (0.702464,  0.529602)
(0.432529,  -0.359973,  -0.463335),  (0.688190,  0.457713)
(0.384444,  -0.260733,  -0.324521),  (0.688190,  0.529602)
(0.628882,  -0.781780,  -0.324521),  (0.702751,  0.529978)
(0.697058,  -0.922482,  -0.463000),  (0.717855,  0.443159)
(0.676968,  -0.881019,  -0.463335),  (0.702751,  0.458090)
(0.629291,  -0.782624,  -0.267368),  (0.717855,  0.544472)
(0.697058,  -0.922482,  -0.463000),  (0.717855,  0.443159)
(0.628882,  -0.781780,  -0.324521),  (0.702751,  0.529978)
(0.672342,  -0.937705,  -0.463000),  (0.673372,  0.443159)
(0.604166,  -0.797003,  -0.324521),  (0.688477,  0.529979)
(0.652251,  -0.896242,  -0.463335),  (0.688477,  0.458090)
(0.604166,  -0.797003,  -0.324521),  (0.688477,  0.529979)
(0.672342,  -0.937705,  -0.463000),  (0.673372,  0.443159)
(0.604575,  -0.797846,  -0.267368),  (0.673372,  0.544472)
(0.604575,  -0.797846,  -0.267368),  (0.732129,  0.544472)
(0.672342,  -0.937705,  -0.463000),  (0.732129,  0.443159)
(0.697058,  -0.922482,  -0.463000),  (0.717855,  0.443159)
(0.604575,  -0.797846,  -0.267368),  (0.732129,  0.544472)
(0.697058,  -0.922482,  -0.463000),  (0.717855,  0.443159)
(0.629291,  -0.782624,  -0.267368),  (0.717855,  0.544472)
(0.676968,  -0.881019,  -0.463335),  (0.702751,  0.458090)
(0.604166,  -0.797003,  -0.324521),  (0.688477,  0.529979)
(0.628882,  -0.781780,  -0.324521),  (0.702751,  0.529978)
(0.604166,  -0.797003,  -0.324521),  (0.688477,  0.529979)
(0.676968,  -0.881019,  -0.463335),  (0.702751,  0.458090)
(0.652251,  -0.896242,  -0.463335),  (0.688477,  0.458090)
(0.409160,  -0.245510,  0.324521),  (0.702704,  0.457516)
(0.477336,  -0.386213,  0.463000),  (0.717808,  0.544336)
(0.409569,  -0.246354,  0.267368),  (0.717808,  0.443023)
(0.477336,  -0.386213,  0.463000),  (0.717808,  0.544336)
(0.409160,  -0.245510,  0.324521),  (0.702704,  0.457516)
(0.457246,  -0.344750,  0.463335),  (0.702704,  0.529405)
(0.384444,  -0.260733,  0.324521),  (0.688430,  0.457516)
(0.452620,  -0.401436,  0.463000),  (0.673325,  0.544336)
(0.432529,  -0.359973,  0.463335),  (0.688430,  0.529405)
(0.452620,  -0.401436,  0.463000),  (0.673325,  0.544336)
(0.384444,  -0.260733,  0.324521),  (0.688430,  0.457516)
(0.384853,  -0.261577,  0.267368),  (0.673325,  0.443023)
(0.452620,  -0.401436,  0.463000),  (0.732082,  0.544336)
(0.384853,  -0.261577,  0.267368),  (0.732082,  0.443023)
(0.477336,  -0.386213,  0.463000),  (0.717808,  0.544336)
(0.409569,  -0.246354,  0.267368),  (0.717808,  0.443023)
(0.477336,  -0.386213,  0.463000),  (0.717808,  0.544336)
(0.384853,  -0.261577,  0.267368),  (0.732082,  0.443023)
(0.432529,  -0.359973,  0.463335),  (0.688430,  0.529405)
(0.409160,  -0.245510,  0.324521),  (0.702704,  0.457516)
(0.384444,  -0.260733,  0.324521),  (0.688430,  0.457516)
(0.409160,  -0.245510,  0.324521),  (0.702704,  0.457516)
(0.432529,  -0.359973,  0.463335),  (0.688430,  0.529405)
(0.457246,  -0.344750,  0.463335),  (0.702704,  0.529405)
(0.628882,  -0.781780,  0.324521),  (0.702950,  0.458493)
(0.697058,  -0.922482,  0.463000),  (0.718054,  0.545313)
(0.629291,  -0.782624,  0.267368),  (0.718054,  0.444000)
(0.697058,  -0.922482,  0.463000),  (0.718054,  0.545313)
(0.628882,  -0.781780,  0.324521),  (0.702950,  0.458493)
(0.676968,  -0.881019,  0.463335),  (0.702950,  0.530381)
(0.604166,  -0.797003,  0.324521),  (0.688676,  0.458493)
(0.672342,  -0.937705,  0.463000),  (0.673571,  0.545313)
(0.652251,  -0.896242,  0.463335),  (0.688676,  0.530381)
(0.672342,  -0.937705,  0.463000),  (0.673571,  0.545313)
(0.604166,  -0.797003,  0.324521),  (0.688676,  0.458493)
(0.604575,  -0.797847,  0.267368),  (0.673571,  0.444000)
(0.672342,  -0.937705,  0.463000),  (0.732328,  0.545313)
(0.604575,  -0.797847,  0.267368),  (0.732328,  0.444000)
(0.697058,  -0.922482,  0.463000),  (0.718054,  0.545313)
(0.629291,  -0.782624,  0.267368),  (0.718054,  0.444000)
(0.697058,  -0.922482,  0.463000),  (0.718054,  0.545313)
(0.604575,  -0.797847,  0.267368),  (0.732328,  0.444000)
(0.604166,  -0.797003,  0.324521),  (0.688676,  0.458493)
(0.676968,  -0.881019,  0.463335),  (0.702950,  0.530381)
(0.628882,  -0.781780,  0.324521),  (0.702950,  0.458493)
(0.676968,  -0.881019,  0.463335),  (0.702950,  0.530381)
(0.604166,  -0.797003,  0.324521),  (0.688676,  0.458493)
(0.652251,  -0.896242,  0.463335),  (0.688676,  0.530381)
(-0.477336,  -0.386213,  -0.463000),  (0.717917,  0.544336)
(-0.409569,  -0.246354,  -0.267368),  (0.717917,  0.443023)
(-0.409160,  -0.245510,  -0.324521),  (0.702813,  0.457516)
(-0.477336,  -0.386213,  -0.463000),  (0.717917,  0.544336)
(-0.409160,  -0.245510,  -0.324521),  (0.702813,  0.457516)
(-0.457246,  -0.344750,  -0.463335),  (0.702813,  0.529405)
(-0.452620,  -0.401436,  -0.463000),  (0.673434,  0.544336)
(-0.384444,  -0.260733,  -0.324521),  (0.688539,  0.457516)
(-0.384853,  -0.261577,  -0.267368),  (0.673434,  0.443023)
(-0.384444,  -0.260733,  -0.324521),  (0.688539,  0.457516)
(-0.452620,  -0.401436,  -0.463000),  (0.673434,  0.544336)
(-0.432529,  -0.359973,  -0.463335),  (0.688539,  0.529405)
(-0.384853,  -0.261577,  -0.267368),  (0.732191,  0.443023)
(-0.477336,  -0.386213,  -0.463000),  (0.717917,  0.544336)
(-0.452620,  -0.401436,  -0.463000),  (0.732191,  0.544336)
(-0.477336,  -0.386213,  -0.463000),  (0.717917,  0.544336)
(-0.384853,  -0.261577,  -0.267368),  (0.732191,  0.443023)
(-0.409569,  -0.246354,  -0.267368),  (0.717917,  0.443023)
(-0.384444,  -0.260733,  -0.324521),  (0.688539,  0.457516)
(-0.432529,  -0.359973,  -0.463335),  (0.688539,  0.529405)
(-0.409160,  -0.245510,  -0.324521),  (0.702813,  0.457516)
(-0.457246,  -0.344750,  -0.463335),  (0.702813,  0.529405)
(-0.409160,  -0.245510,  -0.324521),  (0.702813,  0.457516)
(-0.432529,  -0.359973,  -0.463335),  (0.688539,  0.529405)
(-0.697058,  -0.922482,  -0.463000),  (0.718136,  0.544565)
(-0.629291,  -0.782624,  -0.267368),  (0.718136,  0.443252)
(-0.628882,  -0.781780,  -0.324521),  (0.703031,  0.457745)
(-0.697058,  -0.922482,  -0.463000),  (0.718136,  0.544565)
(-0.628882,  -0.781780,  -0.324521),  (0.703031,  0.457745)
(-0.676968,  -0.881019,  -0.463335),  (0.703031,  0.529634)
(-0.672342,  -0.937705,  -0.463000),  (0.673653,  0.544565)
(-0.604166,  -0.797003,  -0.324521),  (0.688758,  0.457745)
(-0.604575,  -0.797846,  -0.267368),  (0.673653,  0.443252)
(-0.604166,  -0.797003,  -0.324521),  (0.688758,  0.457745)
(-0.672342,  -0.937705,  -0.463000),  (0.673653,  0.544565)
(-0.652251,  -0.896242,  -0.463335),  (0.688758,  0.529634)
(-0.604575,  -0.797846,  -0.267368),  (0.732410,  0.443252)
(-0.697058,  -0.922482,  -0.463000),  (0.718136,  0.544565)
(-0.672342,  -0.937705,  -0.463000),  (0.732410,  0.544565)
(-0.697058,  -0.922482,  -0.463000),  (0.718136,  0.544565)
(-0.604575,  -0.797846,  -0.267368),  (0.732410,  0.443252)
(-0.629291,  -0.782624,  -0.267368),  (0.718136,  0.443252)
(-0.604166,  -0.797003,  -0.324521),  (0.688758,  0.457745)
(-0.676968,  -0.881019,  -0.463335),  (0.703031,  0.529634)
(-0.628882,  -0.781780,  -0.324521),  (0.703031,  0.457745)
(-0.676968,  -0.881019,  -0.463335),  (0.703031,  0.529634)
(-0.604166,  -0.797003,  -0.324521),  (0.688758,  0.457745)
(-0.652251,  -0.896242,  -0.463335),  (0.688758,  0.529634)
(-0.409160,  -0.245510,  0.324521),  (0.702751,  0.530095)
(-0.477336,  -0.386213,  0.463000),  (0.717855,  0.443275)
(-0.457246,  -0.344750,  0.463335),  (0.702751,  0.458206)
(-0.409569,  -0.246354,  0.267368),  (0.717855,  0.544588)
(-0.477336,  -0.386213,  0.463000),  (0.717855,  0.443275)
(-0.409160,  -0.245510,  0.324521),  (0.702751,  0.530095)
(-0.384444,  -0.260733,  0.324521),  (0.688477,  0.530095)
(-0.452620,  -0.401436,  0.463000),  (0.673373,  0.443275)
(-0.384853,  -0.261577,  0.267368),  (0.673373,  0.544588)
(-0.452620,  -0.401436,  0.463000),  (0.673373,  0.443275)
(-0.384444,  -0.260733,  0.324521),  (0.688477,  0.530095)
(-0.432529,  -0.359973,  0.463335),  (0.688477,  0.458206)
(-0.477336,  -0.386213,  0.463000),  (0.717855,  0.443275)
(-0.409569,  -0.246354,  0.267368),  (0.717855,  0.544588)
(-0.384853,  -0.261577,  0.267368),  (0.732129,  0.544588)
(-0.477336,  -0.386213,  0.463000),  (0.717855,  0.443275)
(-0.384853,  -0.261577,  0.267368),  (0.732129,  0.544588)
(-0.452620,  -0.401436,  0.463000),  (0.732129,  0.443275)
(-0.432529,  -0.359973,  0.463335),  (0.688477,  0.458206)
(-0.384444,  -0.260733,  0.324521),  (0.688477,  0.530095)
(-0.409160,  -0.245510,  0.324521),  (0.702751,  0.530095)
(-0.432529,  -0.359973,  0.463335),  (0.688477,  0.458206)
(-0.409160,  -0.245510,  0.324521),  (0.702751,  0.530095)
(-0.457246,  -0.344750,  0.463335),  (0.702751,  0.458206)
(-0.628882,  -0.781780,  0.324521),  (0.702950,  0.529665)
(-0.697058,  -0.922482,  0.463000),  (0.718054,  0.442845)
(-0.676968,  -0.881019,  0.463335),  (0.702950,  0.457776)
(-0.629291,  -0.782624,  0.267368),  (0.718054,  0.544158)
(-0.697058,  -0.922482,  0.463000),  (0.718054,  0.442845)
(-0.628882,  -0.781780,  0.324521),  (0.702950,  0.529665)
(-0.604166,  -0.797003,  0.324521),  (0.688676,  0.529665)
(-0.672342,  -0.937705,  0.463000),  (0.673571,  0.442845)
(-0.604575,  -0.797847,  0.267368),  (0.673571,  0.544158)
(-0.672342,  -0.937705,  0.463000),  (0.673571,  0.442845)
(-0.604166,  -0.797003,  0.324521),  (0.688676,  0.529665)
(-0.652251,  -0.896242,  0.463335),  (0.688676,  0.457776)
(-0.697058,  -0.922482,  0.463000),  (0.718054,  0.442845)
(-0.629291,  -0.782624,  0.267368),  (0.718054,  0.544158)
(-0.604575,  -0.797847,  0.267368),  (0.732328,  0.544158)
(-0.697058,  -0.922482,  0.463000),  (0.718054,  0.442845)
(-0.604575,  -0.797847,  0.267368),  (0.732328,  0.544158)
(-0.672342,  -0.937705,  0.463000),  (0.732328,  0.442845)
(-0.604166,  -0.797003,  0.324521),  (0.688676,  0.529665)
(-0.676968,  -0.881019,  0.463335),  (0.702950,  0.457776)
(-0.652251,  -0.896242,  0.463335),  (0.688676,  0.457776)
(-0.676968,  -0.881019,  0.463335),  (0.702950,  0.457776)
(-0.604166,  -0.797003,  0.324521),  (0.688676,  0.529665)
(-0.628882,  -0.781780,  0.324521),  (0.702950,  0.529665)
