(-0.549904,  0.022292,  0.428274),  (0.017196,  0.138327)
(-0.374741,  0.022292,  1.458093),  (0.137949,  0.300254)
(-0.996672,  0.022292,  0.877631),  (0.137949,  0.138327)
(-0.374741,  0.022292,  1.458093),  (0.137949,  0.300254)
(-0.549904,  0.022292,  0.428274),  (0.017196,  0.138327)
(0.072027,  0.022292,  1.008736),  (0.017196,  0.300254)
(-0.549904,  0.460427,  0.428274),  (0.304122,  0.000395)
(-0.374741,  0.460427,  1.458093),  (0.064938,  0.321135)
(0.072027,  0.460427,  1.008736),  (0.304122,  0.321135)
(-0.374741,  0.460427,  1.458093),  (0.064938,  0.321135)
(-0.549904,  0.460427,  0.428274),  (0.304122,  0.000395)
(-0.996672,  0.460427,  0.877631),  (0.064938,  0.000395)
(-0.377947,  0.456208,  1.461318),  (0.186761,  0.019643)
(-0.999878,  0.456208,  0.880857),  (0.186761,  0.310889)
(-0.999878,  0.026511,  0.880857),  (0.345516,  0.310889)
(-0.377947,  0.456208,  1.461318),  (0.186761,  0.019643)
(-0.999878,  0.026511,  0.880857),  (0.345516,  0.310889)
(-0.377947,  0.026511,  1.461318),  (0.345516,  0.019643)
(-0.371412,  0.456208,  1.461200),  (0.355075,  0.020076)
(-0.371412,  0.026511,  1.461200),  (0.152067,  0.020076)
(0.075356,  0.456208,  1.011842),  (0.355075,  0.297807)
(-0.371412,  0.026511,  1.461200),  (0.152067,  0.020076)
(0.075356,  0.026511,  1.011842),  (0.152067,  0.297807)
(0.075356,  0.456208,  1.011842),  (0.355075,  0.297807)
(-0.546698,  0.456208,  0.425049),  (0.925944,  0.380771)
(0.075234,  0.026511,  1.005511),  (0.736111,  0.024737)
(-0.546698,  0.026511,  0.425049),  (0.736111,  0.380771)
(0.075234,  0.026511,  1.005511),  (0.736111,  0.024737)
(-0.546698,  0.456208,  0.425049),  (0.925944,  0.380771)
(0.075234,  0.456208,  1.005511),  (0.925944,  0.024737)
(-1.000000,  0.456208,  0.874525),  (0.154658,  0.324858)
(-0.553233,  0.026511,  0.425167),  (0.013050,  0.131128)
(-1.000000,  0.026511,  0.874525),  (0.013050,  0.324858)
(-0.553233,  0.026511,  0.425167),  (0.013050,  0.131128)
(-1.000000,  0.456208,  0.874525),  (0.154658,  0.324858)
(-0.553233,  0.456208,  0.425167),  (0.154658,  0.131128)
(-0.999878,  0.026511,  0.880857),  (0.345516,  0.310889)
(-1.000000,  0.026511,  0.874525),  (0.344072,  0.309816)
(-0.996672,  0.022292,  0.877631),  (0.344521,  0.312090)
(-0.374741,  0.022292,  1.458093),  (0.137949,  0.300254)
(-0.371412,  0.026511,  1.461200),  (0.135316,  0.298900)
(-0.377947,  0.026511,  1.461318),  (0.135316,  0.300983)
(-0.553233,  0.026511,  0.425167),  (0.013050,  0.131128)
(-0.546698,  0.026511,  0.425049),  (0.011482,  0.129964)
(-0.549904,  0.022292,  0.428274),  (0.011152,  0.131615)
(0.072027,  0.022292,  1.008736),  (0.017196,  0.300254)
(0.075234,  0.026511,  1.005511),  (0.015017,  0.298823)
(0.075356,  0.026511,  1.011842),  (0.015017,  0.301060)
(-0.999878,  0.456208,  0.880857),  (0.186761,  0.310889)
(-0.996672,  0.460427,  0.877631),  (0.184625,  0.310339)
(-1.000000,  0.456208,  0.874525),  (0.184995,  0.312200)
(-0.371412,  0.456208,  1.461200),  (0.355075,  0.020076)
(-0.374741,  0.460427,  1.458093),  (0.353659,  0.018459)
(-0.377947,  0.456208,  1.461318),  (0.353081,  0.021557)
(-0.553233,  0.456208,  0.425167),  (0.154658,  0.131128)
(-0.549904,  0.460427,  0.428274),  (0.153184,  0.129728)
(-0.546698,  0.456208,  0.425049),  (0.152768,  0.132531)
(0.075234,  0.456208,  1.005511),  (0.925944,  0.024737)
(0.072027,  0.460427,  1.008736),  (0.924373,  0.023076)
(0.075356,  0.456208,  1.011842),  (0.923827,  0.026310)
(-1.000000,  0.026511,  0.874525),  (0.013050,  0.324858)
(-0.549904,  0.022292,  0.428274),  (0.014406,  0.131128)
(-0.996672,  0.022292,  0.877631),  (0.014406,  0.324858)
(-0.549904,  0.022292,  0.428274),  (0.014406,  0.131128)
(-1.000000,  0.026511,  0.874525),  (0.013050,  0.324858)
(-0.553233,  0.026511,  0.425167),  (0.013050,  0.131128)
(0.075234,  0.026511,  1.005511),  (0.736111,  0.024737)
(-0.549904,  0.022292,  0.428274),  (0.733252,  0.380771)
(-0.546698,  0.026511,  0.425049),  (0.736111,  0.380771)
(-0.549904,  0.022292,  0.428274),  (0.733252,  0.380771)
(0.075234,  0.026511,  1.005511),  (0.736111,  0.024737)
(0.072027,  0.022292,  1.008736),  (0.733252,  0.024737)
(0.075356,  0.026511,  1.011842),  (0.152067,  0.297807)
(-0.371412,  0.026511,  1.461200),  (0.152067,  0.020076)
(0.072027,  0.022292,  1.008736),  (0.154012,  0.297807)
(-0.374741,  0.022292,  1.458093),  (0.154012,  0.020076)
(0.072027,  0.022292,  1.008736),  (0.154012,  0.297807)
(-0.371412,  0.026511,  1.461200),  (0.152067,  0.020076)
(-0.377947,  0.026511,  1.461318),  (0.345516,  0.019643)
(-0.999878,  0.026511,  0.880857),  (0.345516,  0.310889)
(-0.374741,  0.022292,  1.458093),  (0.347864,  0.019643)
(-0.996672,  0.022292,  0.877631),  (0.347864,  0.310889)
(-0.374741,  0.022292,  1.458093),  (0.347864,  0.019643)
(-0.999878,  0.026511,  0.880857),  (0.345516,  0.310889)
(-0.999878,  0.456208,  0.880857),  (0.186761,  0.310889)
(-0.374741,  0.460427,  1.458093),  (0.184413,  0.019643)
(-0.996672,  0.460427,  0.877631),  (0.184413,  0.310889)
(-0.374741,  0.460427,  1.458093),  (0.184413,  0.019643)
(-0.999878,  0.456208,  0.880857),  (0.186761,  0.310889)
(-0.377947,  0.456208,  1.461318),  (0.186761,  0.019643)
(-0.371412,  0.456208,  1.461200),  (0.355075,  0.020076)
(0.072027,  0.460427,  1.008736),  (0.353131,  0.297807)
(-0.374741,  0.460427,  1.458093),  (0.353131,  0.020076)
(0.072027,  0.460427,  1.008736),  (0.353131,  0.297807)
(-0.371412,  0.456208,  1.461200),  (0.355075,  0.020076)
(0.075356,  0.456208,  1.011842),  (0.355075,  0.297807)
(-0.549904,  0.460427,  0.428274),  (0.928803,  0.380771)
(0.075234,  0.456208,  1.005511),  (0.925944,  0.024737)
(-0.546698,  0.456208,  0.425049),  (0.925944,  0.380771)
(0.075234,  0.456208,  1.005511),  (0.925944,  0.024737)
(-0.549904,  0.460427,  0.428274),  (0.928803,  0.380771)
(0.072027,  0.460427,  1.008736),  (0.928803,  0.024737)
(-1.000000,  0.456208,  0.874525),  (0.154658,  0.324858)
(-0.549904,  0.460427,  0.428274),  (0.153301,  0.131128)
(-0.553233,  0.456208,  0.425167),  (0.154658,  0.131128)
(-0.549904,  0.460427,  0.428274),  (0.153301,  0.131128)
(-1.000000,  0.456208,  0.874525),  (0.154658,  0.324858)
(-0.996672,  0.460427,  0.877631),  (0.153301,  0.324858)
(-0.377947,  0.456208,  1.461318),  (0.355075,  0.022895)
(-0.377947,  0.026511,  1.461318),  (0.152067,  0.022895)
(-0.371412,  0.456208,  1.461200),  (0.355075,  0.020076)
(-0.371412,  0.456208,  1.461200),  (0.355075,  0.020076)
(-0.377947,  0.026511,  1.461318),  (0.152067,  0.022895)
(-0.371412,  0.026511,  1.461200),  (0.152067,  0.020076)
(-1.000000,  0.456208,  0.874525),  (0.154658,  0.324858)
(-1.000000,  0.026511,  0.874525),  (0.013050,  0.324858)
(-0.999878,  0.456208,  0.880857),  (0.154658,  0.322892)
(-0.999878,  0.026511,  0.880857),  (0.013050,  0.322892)
(-0.999878,  0.456208,  0.880857),  (0.154658,  0.322892)
(-1.000000,  0.026511,  0.874525),  (0.013050,  0.324858)
(0.075234,  0.026511,  1.005511),  (0.736111,  0.024737)
(0.075234,  0.456208,  1.005511),  (0.925944,  0.024737)
(0.075356,  0.026511,  1.011842),  (0.736111,  0.027373)
(0.075356,  0.456208,  1.011842),  (0.925944,  0.027373)
(0.075356,  0.026511,  1.011842),  (0.736111,  0.027373)
(0.075234,  0.456208,  1.005511),  (0.925944,  0.024737)
(-0.553233,  0.456208,  0.425167),  (0.154658,  0.131128)
(-0.546698,  0.026511,  0.425049),  (0.013050,  0.133095)
(-0.553233,  0.026511,  0.425167),  (0.013050,  0.131128)
(-0.546698,  0.026511,  0.425049),  (0.013050,  0.133095)
(-0.553233,  0.456208,  0.425167),  (0.154658,  0.131128)
(-0.546698,  0.456208,  0.425049),  (0.154658,  0.133095)
(-0.181725,  0.456208,  0.617136),  (0.154658,  0.133095)
(-0.181725,  0.026511,  0.617136),  (0.013050,  0.133095)
(-0.176226,  0.456208,  0.620559),  (0.154658,  0.131128)
(-0.176226,  0.456208,  0.620559),  (0.154658,  0.131128)
(-0.181725,  0.026511,  0.617136),  (0.013050,  0.133095)
(-0.176225,  0.026511,  0.620559),  (0.013050,  0.131128)
(-0.365475,  0.456208,  -0.200385),  (0.925944,  0.024737)
(-0.361943,  0.026511,  -0.205714),  (0.736111,  0.027373)
(-0.365475,  0.026511,  -0.200385),  (0.736111,  0.024737)
(-0.361943,  0.026511,  -0.205714),  (0.736111,  0.027373)
(-0.365475,  0.456208,  -0.200385),  (0.925944,  0.024737)
(-0.361943,  0.456208,  -0.205714),  (0.925944,  0.027373)
(0.453001,  0.026511,  0.487795),  (0.013050,  0.324858)
(0.456534,  0.456208,  0.482467),  (0.154658,  0.322892)
(0.453001,  0.456208,  0.487795),  (0.154658,  0.324858)
(0.456534,  0.456208,  0.482467),  (0.154658,  0.322892)
(0.453001,  0.026511,  0.487795),  (0.013050,  0.324858)
(0.456534,  0.026511,  0.482467),  (0.013050,  0.322892)
(0.267284,  0.026511,  -0.338477),  (0.152067,  0.020076)
(0.272783,  0.456208,  -0.335054),  (0.355075,  0.022895)
(0.272783,  0.026511,  -0.335054),  (0.152067,  0.022895)
(0.272783,  0.456208,  -0.335054),  (0.355075,  0.022895)
(0.267284,  0.026511,  -0.338477),  (0.152067,  0.020076)
(0.267284,  0.456208,  -0.338477),  (0.355075,  0.020076)
(0.453001,  0.456208,  0.487795),  (0.154658,  0.324858)
(-0.177209,  0.460427,  0.616183),  (0.153301,  0.131128)
(-0.176226,  0.456208,  0.620559),  (0.154658,  0.131128)
(0.452018,  0.460427,  0.483420),  (0.153301,  0.324858)
(-0.177209,  0.460427,  0.616183),  (0.153301,  0.131128)
(0.453001,  0.456208,  0.487795),  (0.154658,  0.324858)
(-0.365475,  0.456208,  -0.200385),  (0.925944,  0.024737)
(-0.181725,  0.456208,  0.617136),  (0.925944,  0.380771)
(-0.360959,  0.460427,  -0.201338),  (0.928803,  0.024737)
(-0.177209,  0.460427,  0.616183),  (0.928803,  0.380771)
(-0.360959,  0.460427,  -0.201338),  (0.928803,  0.024737)
(-0.181725,  0.456208,  0.617136),  (0.925944,  0.380771)
(0.267284,  0.456208,  -0.338477),  (0.355075,  0.020076)
(-0.360959,  0.460427,  -0.201338),  (0.353131,  0.297807)
(0.268267,  0.460427,  -0.334101),  (0.353131,  0.020076)
(-0.360959,  0.460427,  -0.201338),  (0.353131,  0.297807)
(0.267284,  0.456208,  -0.338477),  (0.355075,  0.020076)
(-0.361943,  0.456208,  -0.205714),  (0.355075,  0.297807)
(0.456534,  0.456208,  0.482467),  (0.186761,  0.310889)
(0.268267,  0.460427,  -0.334101),  (0.184413,  0.019643)
(0.452018,  0.460427,  0.483420),  (0.184413,  0.310889)
(0.268267,  0.460427,  -0.334101),  (0.184413,  0.019643)
(0.456534,  0.456208,  0.482467),  (0.186761,  0.310889)
(0.272783,  0.456208,  -0.335054),  (0.186761,  0.019643)
(0.452018,  0.022292,  0.483420),  (0.347864,  0.310889)
(0.268267,  0.022292,  -0.334101),  (0.347864,  0.019643)
(0.456534,  0.026511,  0.482467),  (0.345516,  0.310889)
(0.456534,  0.026511,  0.482467),  (0.345516,  0.310889)
(0.268267,  0.022292,  -0.334101),  (0.347864,  0.019643)
(0.272783,  0.026511,  -0.335054),  (0.345516,  0.019643)
(-0.361943,  0.026511,  -0.205714),  (0.152067,  0.297807)
(0.267284,  0.026511,  -0.338477),  (0.152067,  0.020076)
(-0.360959,  0.022292,  -0.201338),  (0.154012,  0.297807)
(0.268267,  0.022292,  -0.334101),  (0.154012,  0.020076)
(-0.360959,  0.022292,  -0.201338),  (0.154012,  0.297807)
(0.267284,  0.026511,  -0.338477),  (0.152067,  0.020076)
(-0.181725,  0.026511,  0.617136),  (0.736111,  0.380771)
(-0.365475,  0.026511,  -0.200385),  (0.736111,  0.024737)
(-0.177209,  0.022292,  0.616183),  (0.733252,  0.380771)
(-0.177209,  0.022292,  0.616183),  (0.733252,  0.380771)
(-0.365475,  0.026511,  -0.200385),  (0.736111,  0.024737)
(-0.360959,  0.022292,  -0.201338),  (0.733252,  0.024737)
(0.453001,  0.026511,  0.487795),  (0.013050,  0.324858)
(-0.177209,  0.022292,  0.616183),  (0.014406,  0.131128)
(0.452018,  0.022292,  0.483420),  (0.014406,  0.324858)
(-0.177209,  0.022292,  0.616183),  (0.014406,  0.131128)
(0.453001,  0.026511,  0.487795),  (0.013050,  0.324858)
(-0.176225,  0.026511,  0.620559),  (0.013050,  0.131128)
(-0.365475,  0.456208,  -0.200385),  (0.925944,  0.024737)
(-0.360959,  0.460427,  -0.201338),  (0.924373,  0.023076)
(-0.361943,  0.456208,  -0.205714),  (0.923827,  0.026310)
(-0.176226,  0.456208,  0.620559),  (0.154658,  0.131128)
(-0.177209,  0.460427,  0.616183),  (0.153184,  0.129728)
(-0.181725,  0.456208,  0.617136),  (0.152768,  0.132531)
(0.267284,  0.456208,  -0.338477),  (0.355075,  0.020076)
(0.268267,  0.460427,  -0.334101),  (0.353659,  0.018459)
(0.272783,  0.456208,  -0.335054),  (0.353081,  0.021557)
(0.456534,  0.456208,  0.482467),  (0.186761,  0.310889)
(0.452018,  0.460427,  0.483420),  (0.184625,  0.310339)
(0.453001,  0.456208,  0.487795),  (0.184995,  0.312200)
(-0.360959,  0.022292,  -0.201338),  (0.017196,  0.300254)
(-0.365475,  0.026511,  -0.200385),  (0.015017,  0.298823)
(-0.361943,  0.026511,  -0.205714),  (0.015017,  0.301060)
(-0.176225,  0.026511,  0.620559),  (0.013050,  0.131128)
(-0.181725,  0.026511,  0.617136),  (0.011482,  0.129964)
(-0.177209,  0.022292,  0.616183),  (0.011152,  0.131615)
(0.268267,  0.022292,  -0.334101),  (0.137949,  0.300254)
(0.267284,  0.026511,  -0.338477),  (0.135316,  0.298900)
(0.272783,  0.026511,  -0.335054),  (0.135316,  0.300983)
(0.456534,  0.026511,  0.482467),  (0.345516,  0.310889)
(0.453001,  0.026511,  0.487795),  (0.344072,  0.309816)
(0.452018,  0.022292,  0.483420),  (0.344521,  0.312090)
(0.453001,  0.456208,  0.487795),  (0.154658,  0.324858)
(-0.176226,  0.456208,  0.620559),  (0.154658,  0.131128)
(-0.176225,  0.026511,  0.620559),  (0.013050,  0.131128)
(0.453001,  0.456208,  0.487795),  (0.154658,  0.324858)
(-0.176225,  0.026511,  0.620559),  (0.013050,  0.131128)
(0.453001,  0.026511,  0.487795),  (0.013050,  0.324858)
(-0.181725,  0.456208,  0.617136),  (0.925944,  0.380771)
(-0.365475,  0.026511,  -0.200385),  (0.736111,  0.024737)
(-0.181725,  0.026511,  0.617136),  (0.736111,  0.380771)
(-0.365475,  0.026511,  -0.200385),  (0.736111,  0.024737)
(-0.181725,  0.456208,  0.617136),  (0.925944,  0.380771)
(-0.365475,  0.456208,  -0.200385),  (0.925944,  0.024737)
(-0.361943,  0.026511,  -0.205714),  (0.152067,  0.297807)
(-0.361943,  0.456208,  -0.205714),  (0.355075,  0.297807)
(0.267284,  0.026511,  -0.338477),  (0.152067,  0.020076)
(0.267284,  0.026511,  -0.338477),  (0.152067,  0.020076)
(-0.361943,  0.456208,  -0.205714),  (0.355075,  0.297807)
(0.267284,  0.456208,  -0.338477),  (0.355075,  0.020076)
(0.272783,  0.456208,  -0.335054),  (0.186761,  0.019643)
(0.456534,  0.456208,  0.482467),  (0.186761,  0.310889)
(0.456534,  0.026511,  0.482467),  (0.345516,  0.310889)
(0.456534,  0.026511,  0.482467),  (0.345516,  0.310889)
(0.272783,  0.026511,  -0.335054),  (0.345516,  0.019643)
(0.272783,  0.456208,  -0.335054),  (0.186761,  0.019643)
(0.268267,  0.460427,  -0.334101),  (0.064938,  0.321135)
(-0.177209,  0.460427,  0.616183),  (0.304122,  0.000395)
(0.452018,  0.460427,  0.483420),  (0.064938,  0.000395)
(-0.177209,  0.460427,  0.616183),  (0.304122,  0.000395)
(0.268267,  0.460427,  -0.334101),  (0.064938,  0.321135)
(-0.360959,  0.460427,  -0.201338),  (0.304122,  0.321135)
(-0.177209,  0.022292,  0.616183),  (0.017196,  0.138327)
(0.268267,  0.022292,  -0.334101),  (0.137949,  0.300254)
(0.452018,  0.022292,  0.483420),  (0.137949,  0.138327)
(0.268267,  0.022292,  -0.334101),  (0.137949,  0.300254)
(-0.177209,  0.022292,  0.616183),  (0.017196,  0.138327)
(-0.360959,  0.022292,  -0.201338),  (0.017196,  0.300254)
(-0.446521,  0.461865,  0.964054),  (0.025025,  0.780387)
(-0.155271,  0.461865,  0.173677),  (0.283812,  0.780387)
(0.149212,  0.461864,  0.279003),  (0.283812,  0.683794)
(-0.446521,  0.461865,  0.964054),  (0.025025,  0.780387)
(0.149212,  0.461864,  0.279003),  (0.283812,  0.683794)
(-0.142038,  0.461865,  1.069380),  (0.025025,  0.683794)
(-0.142038,  0.900000,  1.069380),  (0.720244,  0.514422)
(0.149212,  0.900000,  0.279003),  (0.720244,  0.953363)
(-0.446521,  0.900000,  0.964054),  (0.884079,  0.514422)
(-0.155271,  0.900000,  0.173677),  (0.884079,  0.953363)
(-0.446521,  0.900000,  0.964054),  (0.884079,  0.514422)
(0.149212,  0.900000,  0.279003),  (0.720244,  0.953363)
(-0.449630,  0.464878,  0.962978),  (0.175245,  0.016209)
(-0.158380,  0.896986,  0.172602),  (0.018727,  0.302620)
(-0.158380,  0.464878,  0.172601),  (0.175245,  0.302620)
(-0.158380,  0.896986,  0.172602),  (0.018727,  0.302620)
(-0.449630,  0.464878,  0.962978),  (0.175245,  0.016209)
(-0.449630,  0.896986,  0.962978),  (0.018727,  0.016209)
(-0.143148,  0.896986,  1.072392),  (0.697247,  0.285293)
(-0.447631,  0.464878,  0.967066),  (0.955704,  0.461821)
(-0.143148,  0.464878,  1.072392),  (0.955704,  0.285293)
(-0.447631,  0.464878,  0.967066),  (0.955704,  0.461821)
(-0.143148,  0.896986,  1.072392),  (0.697247,  0.285293)
(-0.447631,  0.896986,  0.967066),  (0.697247,  0.461821)
(0.165554,  0.896986,  1.175782),  (0.068083,  0.588063)
(0.456804,  0.464878,  0.385405),  (0.363396,  0.749445)
(0.456804,  0.896986,  0.385405),  (0.363396,  0.588063)
(0.456804,  0.464878,  0.385405),  (0.363396,  0.749445)
(0.165554,  0.896986,  1.175782),  (0.068083,  0.588063)
(0.165554,  0.464878,  1.175782),  (0.068083,  0.749445)
(0.454805,  0.464878,  0.381317),  (0.049528,  0.768065)
(0.150322,  0.896986,  0.275991),  (0.167006,  0.596066)
(0.454806,  0.896986,  0.381317),  (0.049528,  0.596066)
(0.150322,  0.896986,  0.275991),  (0.167006,  0.596066)
(0.454805,  0.464878,  0.381317),  (0.049528,  0.768065)
(0.150322,  0.464878,  0.275991),  (0.167006,  0.768065)
(0.149212,  0.461864,  0.279003),  (0.283812,  0.683794)
(0.162445,  0.461864,  1.174706),  (0.025025,  0.587202)
(-0.142038,  0.461865,  1.069380),  (0.025025,  0.683794)
(0.162445,  0.461864,  1.174706),  (0.025025,  0.587202)
(0.149212,  0.461864,  0.279003),  (0.283812,  0.683794)
(0.453696,  0.461865,  0.384330),  (0.283812,  0.587202)
(-0.142038,  0.900000,  1.069380),  (0.720244,  0.953363)
(0.453696,  0.900000,  0.384330),  (0.884079,  0.514422)
(0.149212,  0.900000,  0.279003),  (0.720244,  0.514422)
(0.453696,  0.900000,  0.384330),  (0.884079,  0.514422)
(-0.142038,  0.900000,  1.069380),  (0.720244,  0.953363)
(0.162445,  0.900000,  1.174707),  (0.884079,  0.953363)
(0.161335,  0.896986,  1.177719),  (0.697247,  0.108764)
(-0.143148,  0.464878,  1.072392),  (0.955704,  0.285293)
(0.161335,  0.464878,  1.177719),  (0.955704,  0.108764)
(-0.143148,  0.464878,  1.072392),  (0.955704,  0.285293)
(0.161335,  0.896986,  1.177719),  (0.697247,  0.108764)
(-0.143148,  0.896986,  1.072392),  (0.697247,  0.285293)
(0.150322,  0.464878,  0.275991),  (0.167006,  0.768065)
(-0.154161,  0.896986,  0.170665),  (0.284483,  0.596066)
(0.150322,  0.896986,  0.275991),  (0.167006,  0.596066)
(-0.154161,  0.896986,  0.170665),  (0.284483,  0.596066)
(0.150322,  0.464878,  0.275991),  (0.167006,  0.768065)
(-0.154161,  0.464878,  0.170665),  (0.284483,  0.768065)
(-0.158380,  0.464878,  0.172601),  (0.175245,  0.302620)
(-0.154161,  0.464878,  0.170665),  (0.172878,  0.301335)
(-0.155271,  0.461865,  0.173677),  (0.172878,  0.302880)
(-0.446521,  0.461865,  0.964054),  (0.025025,  0.780387)
(-0.447631,  0.464878,  0.967066),  (0.023596,  0.779244)
(-0.449630,  0.464878,  0.962978),  (0.023290,  0.781480)
(0.453696,  0.461865,  0.384330),  (0.283812,  0.587202)
(0.454805,  0.464878,  0.381317),  (0.282593,  0.586227)
(0.456804,  0.464878,  0.385405),  (0.282916,  0.587550)
(0.165554,  0.464878,  1.175782),  (0.068083,  0.749445)
(0.161335,  0.464878,  1.177719),  (0.066397,  0.747994)
(0.162445,  0.461864,  1.174706),  (0.066397,  0.749839)
(-0.158380,  0.896986,  0.172602),  (0.018727,  0.302620)
(-0.155271,  0.900000,  0.173677),  (0.016998,  0.301173)
(-0.154161,  0.896986,  0.170665),  (0.016998,  0.303042)
(-0.447631,  0.896986,  0.967066),  (0.697247,  0.461821)
(-0.446521,  0.900000,  0.964054),  (0.695566,  0.460476)
(-0.449630,  0.896986,  0.962978),  (0.695001,  0.463312)
(0.454806,  0.896986,  0.381317),  (0.049528,  0.596066)
(0.453696,  0.900000,  0.384330),  (0.048056,  0.594888)
(0.456804,  0.896986,  0.385405),  (0.047683,  0.596484)
(0.165554,  0.896986,  1.175782),  (0.068083,  0.588063)
(0.162445,  0.900000,  1.174707),  (0.066009,  0.587507)
(0.161335,  0.896986,  1.177719),  (0.066009,  0.589676)
(-0.154161,  0.464878,  0.170665),  (0.284483,  0.768065)
(0.150322,  0.464878,  0.275991),  (0.167006,  0.768065)
(-0.155271,  0.461865,  0.173677),  (0.283714,  0.769579)
(-0.155271,  0.461865,  0.173677),  (0.283714,  0.769579)
(0.150322,  0.464878,  0.275991),  (0.167006,  0.768065)
(0.149212,  0.461864,  0.279003),  (0.166082,  0.769621)
(0.456804,  0.464878,  0.385405),  (0.363396,  0.749445)
(0.162445,  0.461864,  1.174706),  (0.068083,  0.750917)
(0.453696,  0.461865,  0.384330),  (0.363396,  0.750917)
(0.162445,  0.461864,  1.174706),  (0.068083,  0.750917)
(0.456804,  0.464878,  0.385405),  (0.363396,  0.749445)
(0.165554,  0.464878,  1.175782),  (0.068083,  0.749445)
(-0.142038,  0.461865,  1.069380),  (0.958042,  0.286681)
(0.162445,  0.461864,  1.174706),  (0.957979,  0.109920)
(-0.143148,  0.464878,  1.072392),  (0.955704,  0.285293)
(-0.143148,  0.464878,  1.072392),  (0.955704,  0.285293)
(0.162445,  0.461864,  1.174706),  (0.957979,  0.109920)
(0.161335,  0.464878,  1.177719),  (0.955704,  0.108764)
(-0.158380,  0.464878,  0.172601),  (0.175245,  0.302620)
(-0.446521,  0.461865,  0.964054),  (0.176672,  0.016209)
(-0.449630,  0.464878,  0.962978),  (0.175245,  0.016209)
(-0.446521,  0.461865,  0.964054),  (0.176672,  0.016209)
(-0.158380,  0.464878,  0.172601),  (0.175245,  0.302620)
(-0.155271,  0.461865,  0.173677),  (0.176672,  0.302620)
(-0.446521,  0.900000,  0.964054),  (0.017300,  0.016209)
(-0.158380,  0.896986,  0.172602),  (0.018727,  0.302620)
(-0.449630,  0.896986,  0.962978),  (0.018727,  0.016209)
(-0.158380,  0.896986,  0.172602),  (0.018727,  0.302620)
(-0.446521,  0.900000,  0.964054),  (0.017300,  0.016209)
(-0.155271,  0.900000,  0.173677),  (0.017300,  0.302620)
(-0.447631,  0.896986,  0.967066),  (0.697247,  0.461821)
(-0.142038,  0.900000,  1.069380),  (0.694908,  0.283905)
(-0.446521,  0.900000,  0.964054),  (0.694972,  0.460665)
(-0.142038,  0.900000,  1.069380),  (0.694908,  0.283905)
(-0.447631,  0.896986,  0.967066),  (0.697247,  0.461821)
(-0.143148,  0.896986,  1.072392),  (0.697247,  0.285293)
(0.165554,  0.896986,  1.175782),  (0.068083,  0.588063)
(0.453696,  0.900000,  0.384330),  (0.363396,  0.586591)
(0.162445,  0.900000,  1.174707),  (0.068083,  0.586591)
(0.453696,  0.900000,  0.384330),  (0.363396,  0.586591)
(0.165554,  0.896986,  1.175782),  (0.068083,  0.588063)
(0.456804,  0.896986,  0.385405),  (0.363396,  0.588063)
(0.454806,  0.896986,  0.381317),  (0.049528,  0.596066)
(0.150322,  0.896986,  0.275991),  (0.167006,  0.596066)
(0.453696,  0.900000,  0.384330),  (0.050297,  0.594551)
(0.149212,  0.900000,  0.279003),  (0.167929,  0.594509)
(0.453696,  0.900000,  0.384330),  (0.050297,  0.594551)
(0.150322,  0.896986,  0.275991),  (0.167006,  0.596066)
(-0.447631,  0.896986,  0.967066),  (0.697247,  0.461821)
(-0.449630,  0.464878,  0.962978),  (0.955704,  0.460217)
(-0.447631,  0.464878,  0.967066),  (0.955704,  0.461821)
(-0.449630,  0.464878,  0.962978),  (0.955704,  0.460217)
(-0.447631,  0.896986,  0.967066),  (0.697247,  0.461821)
(-0.449630,  0.896986,  0.962978),  (0.697247,  0.460217)
(-0.158380,  0.464878,  0.172601),  (0.283415,  0.768065)
(-0.154161,  0.896986,  0.170665),  (0.284483,  0.596066)
(-0.154161,  0.464878,  0.170665),  (0.284483,  0.768065)
(-0.154161,  0.896986,  0.170665),  (0.284483,  0.596066)
(-0.158380,  0.464878,  0.172601),  (0.283415,  0.768065)
(-0.158380,  0.896986,  0.172602),  (0.283415,  0.596066)
(0.161335,  0.896986,  1.177719),  (0.070612,  0.588063)
(0.161335,  0.464878,  1.177719),  (0.070612,  0.749445)
(0.165554,  0.896986,  1.175782),  (0.068083,  0.588063)
(0.165554,  0.896986,  1.175782),  (0.068083,  0.588063)
(0.161335,  0.464878,  1.177719),  (0.070612,  0.749445)
(0.165554,  0.464878,  1.175782),  (0.068083,  0.749445)
(0.454805,  0.464878,  0.381317),  (0.049528,  0.768065)
(0.454806,  0.896986,  0.381317),  (0.049528,  0.596066)
(0.456804,  0.464878,  0.385405),  (0.050596,  0.768065)
(0.456804,  0.896986,  0.385405),  (0.050596,  0.596066)
(0.456804,  0.464878,  0.385405),  (0.050596,  0.768065)
(0.454806,  0.896986,  0.381317),  (0.049528,  0.596066)
(0.150322,  0.464878,  0.275991),  (0.167006,  0.768065)
(0.454805,  0.464878,  0.381317),  (0.049528,  0.768065)
(0.149212,  0.461864,  0.279003),  (0.167929,  0.769621)
(0.149212,  0.461864,  0.279003),  (0.167929,  0.769621)
(0.454805,  0.464878,  0.381317),  (0.049528,  0.768065)
(0.453696,  0.461865,  0.384330),  (0.050297,  0.769579)
(-0.446521,  0.461865,  0.964054),  (0.957979,  0.460665)
(-0.142038,  0.461865,  1.069380),  (0.958042,  0.283905)
(-0.447631,  0.464878,  0.967066),  (0.955704,  0.461821)
(-0.447631,  0.464878,  0.967066),  (0.955704,  0.461821)
(-0.142038,  0.461865,  1.069380),  (0.958042,  0.283905)
(-0.143148,  0.464878,  1.072392),  (0.955704,  0.285293)
(0.161335,  0.896986,  1.177719),  (0.697247,  0.108764)
(-0.142038,  0.900000,  1.069380),  (0.694908,  0.286681)
(-0.143148,  0.896986,  1.072392),  (0.697247,  0.285293)
(-0.142038,  0.900000,  1.069380),  (0.694908,  0.286681)
(0.161335,  0.896986,  1.177719),  (0.697247,  0.108764)
(0.162445,  0.900000,  1.174707),  (0.694972,  0.109920)
(0.150322,  0.896986,  0.275991),  (0.167006,  0.596066)
(-0.154161,  0.896986,  0.170665),  (0.284483,  0.596066)
(0.149212,  0.900000,  0.279003),  (0.166082,  0.594509)
(-0.155271,  0.900000,  0.173677),  (0.283714,  0.594551)
(0.149212,  0.900000,  0.279003),  (0.166082,  0.594509)
(-0.154161,  0.896986,  0.170665),  (0.284483,  0.596066)
(0.007716,  0.460427,  1.150284),  (0.283714,  0.594551)
(0.076949,  0.457413,  0.844286),  (0.167006,  0.596066)
(0.004499,  0.457413,  1.149567),  (0.284483,  0.596066)
(0.076949,  0.457413,  0.844286),  (0.167006,  0.596066)
(0.007716,  0.460427,  1.150284),  (0.283714,  0.594551)
(0.080166,  0.460427,  0.845003),  (0.166082,  0.594509)
(0.927550,  0.457413,  1.033786),  (0.697247,  0.285293)
(0.996783,  0.460427,  0.727789),  (0.694972,  0.109920)
(0.924332,  0.460427,  1.033069),  (0.694908,  0.286681)
(0.996783,  0.460427,  0.727789),  (0.694972,  0.109920)
(0.927550,  0.457413,  1.033786),  (0.697247,  0.285293)
(1.000000,  0.457413,  0.728506),  (0.697247,  0.108764)
(0.927550,  0.025305,  1.033786),  (0.955704,  0.285293)
(0.855099,  0.025305,  1.339066),  (0.955704,  0.461821)
(0.924332,  0.022292,  1.033069),  (0.958042,  0.283905)
(0.851882,  0.022292,  1.338350),  (0.957979,  0.460665)
(0.924332,  0.022292,  1.033069),  (0.958042,  0.283905)
(0.855099,  0.025305,  1.339066),  (0.955704,  0.461821)
(0.149399,  0.025305,  0.539006),  (0.049528,  0.768065)
(0.080166,  0.022292,  0.845003),  (0.167929,  0.769621)
(0.076949,  0.025305,  0.844287),  (0.167006,  0.768065)
(0.080166,  0.022292,  0.845003),  (0.167929,  0.769621)
(0.149399,  0.025305,  0.539006),  (0.049528,  0.768065)
(0.152616,  0.022292,  0.539723),  (0.050297,  0.769579)
(0.149399,  0.025305,  0.539006),  (0.049528,  0.768065)
(0.149399,  0.457413,  0.539006),  (0.049528,  0.596066)
(0.153356,  0.025305,  0.536606),  (0.050596,  0.768065)
(0.153356,  0.025305,  0.536606),  (0.050596,  0.768065)
(0.149399,  0.457413,  0.539006),  (0.049528,  0.596066)
(0.153356,  0.457413,  0.536606),  (0.050596,  0.596066)
(0.997522,  0.025305,  0.724672),  (0.068083,  0.749445)
(0.997522,  0.457413,  0.724672),  (0.068083,  0.588063)
(1.000000,  0.025305,  0.728506),  (0.070612,  0.749445)
(1.000000,  0.457413,  0.728506),  (0.070612,  0.588063)
(1.000000,  0.025305,  0.728506),  (0.070612,  0.749445)
(0.997522,  0.457413,  0.724672),  (0.068083,  0.588063)
(0.004499,  0.457413,  1.149567),  (0.284483,  0.596066)
(0.006976,  0.025305,  1.153401),  (0.283415,  0.768065)
(0.006976,  0.457413,  1.153401),  (0.283415,  0.596066)
(0.006976,  0.025305,  1.153401),  (0.283415,  0.768065)
(0.004499,  0.457413,  1.149567),  (0.284483,  0.596066)
(0.004499,  0.025305,  1.149567),  (0.284483,  0.768065)
(0.851142,  0.457413,  1.341467),  (0.697247,  0.460217)
(0.851142,  0.025305,  1.341467),  (0.955704,  0.460217)
(0.855099,  0.457413,  1.339066),  (0.697247,  0.461821)
(0.855099,  0.457413,  1.339066),  (0.697247,  0.461821)
(0.851142,  0.025305,  1.341467),  (0.955704,  0.460217)
(0.855099,  0.025305,  1.339066),  (0.955704,  0.461821)
(0.080166,  0.460427,  0.845003),  (0.167929,  0.594509)
(0.152616,  0.460427,  0.539723),  (0.050297,  0.594551)
(0.076949,  0.457413,  0.844286),  (0.167006,  0.596066)
(0.076949,  0.457413,  0.844286),  (0.167006,  0.596066)
(0.152616,  0.460427,  0.539723),  (0.050297,  0.594551)
(0.149399,  0.457413,  0.539006),  (0.049528,  0.596066)
(0.997522,  0.457413,  0.724672),  (0.068083,  0.588063)
(0.153356,  0.457413,  0.536606),  (0.363396,  0.588063)
(0.996783,  0.460427,  0.727789),  (0.068083,  0.586591)
(0.152616,  0.460427,  0.539723),  (0.363396,  0.586591)
(0.996783,  0.460427,  0.727789),  (0.068083,  0.586591)
(0.153356,  0.457413,  0.536606),  (0.363396,  0.588063)
(0.855099,  0.457413,  1.339066),  (0.697247,  0.461821)
(0.927550,  0.457413,  1.033786),  (0.697247,  0.285293)
(0.851882,  0.460427,  1.338350),  (0.694972,  0.460665)
(0.851882,  0.460427,  1.338350),  (0.694972,  0.460665)
(0.927550,  0.457413,  1.033786),  (0.697247,  0.285293)
(0.924332,  0.460427,  1.033069),  (0.694908,  0.283905)
(0.851142,  0.457413,  1.341467),  (0.018727,  0.016209)
(0.007716,  0.460427,  1.150284),  (0.017300,  0.302620)
(0.006976,  0.457413,  1.153401),  (0.018727,  0.302620)
(0.007716,  0.460427,  1.150284),  (0.017300,  0.302620)
(0.851142,  0.457413,  1.341467),  (0.018727,  0.016209)
(0.851882,  0.460427,  1.338350),  (0.017300,  0.016209)
(0.006976,  0.025305,  1.153401),  (0.175245,  0.302620)
(0.851882,  0.022292,  1.338350),  (0.176672,  0.016209)
(0.851142,  0.025305,  1.341467),  (0.175245,  0.016209)
(0.007716,  0.022292,  1.150284),  (0.176672,  0.302620)
(0.851882,  0.022292,  1.338350),  (0.176672,  0.016209)
(0.006976,  0.025305,  1.153401),  (0.175245,  0.302620)
(1.000000,  0.025305,  0.728506),  (0.955704,  0.108764)
(0.927550,  0.025305,  1.033786),  (0.955704,  0.285293)
(0.996782,  0.022292,  0.727789),  (0.957979,  0.109920)
(0.924332,  0.022292,  1.033069),  (0.958042,  0.286681)
(0.996782,  0.022292,  0.727789),  (0.957979,  0.109920)
(0.927550,  0.025305,  1.033786),  (0.955704,  0.285293)
(0.153356,  0.025305,  0.536606),  (0.363396,  0.749445)
(0.996782,  0.022292,  0.727789),  (0.068083,  0.750917)
(0.152616,  0.022292,  0.539723),  (0.363396,  0.750917)
(0.996782,  0.022292,  0.727789),  (0.068083,  0.750917)
(0.153356,  0.025305,  0.536606),  (0.363396,  0.749445)
(0.997522,  0.025305,  0.724672),  (0.068083,  0.749445)
(0.076949,  0.025305,  0.844287),  (0.167006,  0.768065)
(0.007716,  0.022292,  1.150284),  (0.283714,  0.769579)
(0.004499,  0.025305,  1.149567),  (0.284483,  0.768065)
(0.007716,  0.022292,  1.150284),  (0.283714,  0.769579)
(0.076949,  0.025305,  0.844287),  (0.167006,  0.768065)
(0.080166,  0.022292,  0.845003),  (0.166082,  0.769621)
(0.997522,  0.457413,  0.724672),  (0.068083,  0.588063)
(0.996783,  0.460427,  0.727789),  (0.066009,  0.587507)
(1.000000,  0.457413,  0.728506),  (0.066009,  0.589676)
(0.149399,  0.457413,  0.539006),  (0.049528,  0.596066)
(0.152616,  0.460427,  0.539723),  (0.048056,  0.594888)
(0.153356,  0.457413,  0.536606),  (0.047683,  0.596484)
(0.855099,  0.457413,  1.339066),  (0.697247,  0.461821)
(0.851882,  0.460427,  1.338350),  (0.695566,  0.460476)
(0.851142,  0.457413,  1.341467),  (0.695001,  0.463312)
(0.006976,  0.457413,  1.153401),  (0.018727,  0.302620)
(0.007716,  0.460427,  1.150284),  (0.016998,  0.301173)
(0.004499,  0.457413,  1.149567),  (0.016998,  0.303042)
(0.997522,  0.025305,  0.724672),  (0.068083,  0.749445)
(1.000000,  0.025305,  0.728506),  (0.066397,  0.747994)
(0.996782,  0.022292,  0.727789),  (0.066397,  0.749839)
(0.152616,  0.022292,  0.539723),  (0.283812,  0.587202)
(0.149399,  0.025305,  0.539006),  (0.282593,  0.586227)
(0.153356,  0.025305,  0.536606),  (0.282916,  0.587550)
(0.851882,  0.022292,  1.338350),  (0.025025,  0.780387)
(0.855099,  0.025305,  1.339066),  (0.023596,  0.779244)
(0.851142,  0.025305,  1.341467),  (0.023290,  0.781480)
(0.006976,  0.025305,  1.153401),  (0.175245,  0.302620)
(0.004499,  0.025305,  1.149567),  (0.172878,  0.301335)
(0.007716,  0.022292,  1.150284),  (0.172878,  0.302880)
(0.004499,  0.457413,  1.149567),  (0.284483,  0.596066)
(0.076949,  0.025305,  0.844287),  (0.167006,  0.768065)
(0.004499,  0.025305,  1.149567),  (0.284483,  0.768065)
(0.076949,  0.025305,  0.844287),  (0.167006,  0.768065)
(0.004499,  0.457413,  1.149567),  (0.284483,  0.596066)
(0.076949,  0.457413,  0.844286),  (0.167006,  0.596066)
(0.927550,  0.025305,  1.033786),  (0.955704,  0.285293)
(1.000000,  0.457413,  0.728506),  (0.697247,  0.108764)
(0.927550,  0.457413,  1.033786),  (0.697247,  0.285293)
(1.000000,  0.457413,  0.728506),  (0.697247,  0.108764)
(0.927550,  0.025305,  1.033786),  (0.955704,  0.285293)
(1.000000,  0.025305,  0.728506),  (0.955704,  0.108764)
(0.996783,  0.460427,  0.727789),  (0.884079,  0.953363)
(0.080166,  0.460427,  0.845003),  (0.720244,  0.514422)
(0.924332,  0.460427,  1.033069),  (0.720244,  0.953363)
(0.080166,  0.460427,  0.845003),  (0.720244,  0.514422)
(0.996783,  0.460427,  0.727789),  (0.884079,  0.953363)
(0.152616,  0.460427,  0.539723),  (0.884079,  0.514422)
(0.080166,  0.022292,  0.845003),  (0.283812,  0.683794)
(0.996782,  0.022292,  0.727789),  (0.025025,  0.587202)
(0.924332,  0.022292,  1.033069),  (0.025025,  0.683794)
(0.996782,  0.022292,  0.727789),  (0.025025,  0.587202)
(0.080166,  0.022292,  0.845003),  (0.283812,  0.683794)
(0.152616,  0.022292,  0.539723),  (0.283812,  0.587202)
(0.076949,  0.457413,  0.844286),  (0.167006,  0.596066)
(0.149399,  0.025305,  0.539006),  (0.049528,  0.768065)
(0.076949,  0.025305,  0.844287),  (0.167006,  0.768065)
(0.149399,  0.025305,  0.539006),  (0.049528,  0.768065)
(0.076949,  0.457413,  0.844286),  (0.167006,  0.596066)
(0.149399,  0.457413,  0.539006),  (0.049528,  0.596066)
(0.153356,  0.025305,  0.536606),  (0.363396,  0.749445)
(0.997522,  0.457413,  0.724672),  (0.068083,  0.588063)
(0.997522,  0.025305,  0.724672),  (0.068083,  0.749445)
(0.997522,  0.457413,  0.724672),  (0.068083,  0.588063)
(0.153356,  0.025305,  0.536606),  (0.363396,  0.749445)
(0.153356,  0.457413,  0.536606),  (0.363396,  0.588063)
(0.855099,  0.025305,  1.339066),  (0.955704,  0.461821)
(0.927550,  0.457413,  1.033786),  (0.697247,  0.285293)
(0.855099,  0.457413,  1.339066),  (0.697247,  0.461821)
(0.927550,  0.457413,  1.033786),  (0.697247,  0.285293)
(0.855099,  0.025305,  1.339066),  (0.955704,  0.461821)
(0.927550,  0.025305,  1.033786),  (0.955704,  0.285293)
(0.006976,  0.457413,  1.153401),  (0.018727,  0.302620)
(0.851142,  0.025305,  1.341467),  (0.175245,  0.016209)
(0.851142,  0.457413,  1.341467),  (0.018727,  0.016209)
(0.851142,  0.025305,  1.341467),  (0.175245,  0.016209)
(0.006976,  0.457413,  1.153401),  (0.018727,  0.302620)
(0.006976,  0.025305,  1.153401),  (0.175245,  0.302620)
(0.007716,  0.460427,  1.150284),  (0.884079,  0.953363)
(0.851882,  0.460427,  1.338350),  (0.884079,  0.514422)
(0.080166,  0.460427,  0.845003),  (0.720244,  0.953363)
(0.851882,  0.460427,  1.338350),  (0.884079,  0.514422)
(0.924332,  0.460427,  1.033069),  (0.720244,  0.514422)
(0.080166,  0.460427,  0.845003),  (0.720244,  0.953363)
(0.851882,  0.022292,  1.338350),  (0.025025,  0.780387)
(0.007716,  0.022292,  1.150284),  (0.283812,  0.780387)
(0.080166,  0.022292,  0.845003),  (0.283812,  0.683794)
(0.080166,  0.022292,  0.845003),  (0.283812,  0.683794)
(0.924332,  0.022292,  1.033069),  (0.025025,  0.683794)
(0.851882,  0.022292,  1.338350),  (0.025025,  0.780387)
(0.702961,  0.002480,  1.645616),  (0.017196,  0.300254)
(0.090252,  0.027792,  1.455457),  (0.137949,  0.300254)
(0.265350,  0.684166,  1.024265),  (0.137949,  0.138327)
(0.265350,  0.684166,  1.024265),  (0.137949,  0.138327)
(0.878060,  0.658853,  1.214424),  (0.017196,  0.138327)
(0.702961,  0.002480,  1.645616),  (0.017196,  0.300254)
(0.874923,  0.665679,  1.224933),  (0.304122,  0.000395)
(0.262214,  0.690992,  1.034774),  (0.064938,  0.000395)
(0.699825,  0.009305,  1.656125),  (0.304122,  0.321135)
(0.262214,  0.690992,  1.034774),  (0.064938,  0.000395)
(0.087116,  0.034618,  1.465966),  (0.064938,  0.321135)
(0.699825,  0.009305,  1.656125),  (0.304122,  0.321135)
(0.090980,  0.027792,  1.459454),  (0.175393,  0.020076)
(0.085380,  0.029007,  1.455683),  (0.152067,  0.022895)
(0.088840,  0.025313,  1.459356),  (0.152067,  0.020076)
(0.085380,  0.029007,  1.455683),  (0.152067,  0.022895)
(0.090980,  0.027792,  1.459454),  (0.175393,  0.020076)
(0.087529,  0.031451,  1.455803),  (0.175268,  0.022895)
(0.699978,  0.002633,  1.648461),  (0.757923,  0.027373)
(0.706884,  0.003331,  1.648571),  (0.736111,  0.024737)
(0.705289,  0.005930,  1.647529),  (0.757807,  0.024737)
(0.706884,  0.003331,  1.648571),  (0.736111,  0.024737)
(0.699978,  0.002633,  1.648461),  (0.757923,  0.027373)
(0.701549,  0.000000,  1.649515),  (0.736111,  0.027373)
(0.879333,  0.658349,  1.218935),  (0.029234,  0.133095)
(0.878522,  0.663399,  1.213707),  (0.013050,  0.131128)
(0.875879,  0.662014,  1.215293),  (0.029321,  0.131128)
(0.878522,  0.663399,  1.213707),  (0.013050,  0.131128)
(0.879333,  0.658349,  1.218935),  (0.029234,  0.133095)
(0.881982,  0.659705,  1.217379),  (0.013050,  0.133095)
(0.260478,  0.685381,  1.024491),  (0.345516,  0.310889)
(0.265812,  0.688712,  1.023548),  (0.344072,  0.309816)
(0.265350,  0.684166,  1.024265),  (0.344521,  0.312090)
(0.090252,  0.027792,  1.455457),  (0.137949,  0.300254)
(0.088840,  0.025313,  1.459356),  (0.135316,  0.298900)
(0.085380,  0.029007,  1.455683),  (0.135316,  0.300983)
(0.878522,  0.663399,  1.213707),  (0.013050,  0.131128)
(0.881982,  0.659705,  1.217379),  (0.011482,  0.129964)
(0.878060,  0.658853,  1.214424),  (0.011152,  0.131615)
(0.702961,  0.002480,  1.645616),  (0.017196,  0.300254)
(0.706884,  0.003331,  1.648571),  (0.015017,  0.298823)
(0.701549,  0.000000,  1.649515),  (0.015017,  0.301060)
(0.258291,  0.690140,  1.031819),  (0.186761,  0.310889)
(0.262214,  0.690992,  1.034774),  (0.184625,  0.310339)
(0.263626,  0.693471,  1.030876),  (0.184995,  0.312200)
(0.086653,  0.030072,  1.466683),  (0.355075,  0.020076)
(0.087116,  0.034618,  1.465966),  (0.353659,  0.018459)
(0.083193,  0.033766,  1.463011),  (0.353081,  0.021557)
(0.876335,  0.668159,  1.221034),  (0.154658,  0.131128)
(0.874923,  0.665679,  1.224933),  (0.153184,  0.129728)
(0.879796,  0.664464,  1.224707),  (0.152768,  0.132531)
(0.704697,  0.008090,  1.655899),  (0.925944,  0.024737)
(0.699825,  0.009305,  1.656125),  (0.924373,  0.023076)
(0.699363,  0.004759,  1.656842),  (0.923827,  0.026310)
(0.265812,  0.688712,  1.023548),  (0.013050,  0.324858)
(0.878060,  0.658853,  1.214424),  (0.014406,  0.131128)
(0.265350,  0.684166,  1.024265),  (0.014406,  0.324858)
(0.878060,  0.658853,  1.214424),  (0.014406,  0.131128)
(0.265812,  0.688712,  1.023548),  (0.013050,  0.324858)
(0.878522,  0.663399,  1.213707),  (0.013050,  0.131128)
(0.881982,  0.659705,  1.217379),  (0.736111,  0.380771)
(0.706884,  0.003331,  1.648571),  (0.736111,  0.024737)
(0.878060,  0.658853,  1.214424),  (0.733252,  0.380771)
(0.702961,  0.002480,  1.645616),  (0.733252,  0.024737)
(0.878060,  0.658853,  1.214424),  (0.733252,  0.380771)
(0.706884,  0.003331,  1.648571),  (0.736111,  0.024737)
(0.090252,  0.027792,  1.455457),  (0.154012,  0.020076)
(0.701549,  0.000000,  1.649515),  (0.152067,  0.297807)
(0.088840,  0.025313,  1.459356),  (0.152067,  0.020076)
(0.701549,  0.000000,  1.649515),  (0.152067,  0.297807)
(0.090252,  0.027792,  1.455457),  (0.154012,  0.020076)
(0.702961,  0.002480,  1.645616),  (0.154012,  0.297807)
(0.085380,  0.029007,  1.455683),  (0.345516,  0.019643)
(0.265350,  0.684166,  1.024265),  (0.347864,  0.310889)
(0.090252,  0.027792,  1.455457),  (0.347864,  0.019643)
(0.265350,  0.684166,  1.024265),  (0.347864,  0.310889)
(0.085380,  0.029007,  1.455683),  (0.345516,  0.019643)
(0.260478,  0.685381,  1.024491),  (0.345516,  0.310889)
(0.258291,  0.690140,  1.031819),  (0.186761,  0.310889)
(0.087116,  0.034618,  1.465966),  (0.184413,  0.019643)
(0.262214,  0.690992,  1.034774),  (0.184413,  0.310889)
(0.087116,  0.034618,  1.465966),  (0.184413,  0.019643)
(0.258291,  0.690140,  1.031819),  (0.186761,  0.310889)
(0.083193,  0.033766,  1.463011),  (0.186761,  0.019643)
(0.086653,  0.030072,  1.466683),  (0.355075,  0.020076)
(0.699363,  0.004759,  1.656842),  (0.355075,  0.297807)
(0.087116,  0.034618,  1.465966),  (0.353131,  0.020076)
(0.699825,  0.009305,  1.656125),  (0.353131,  0.297807)
(0.087116,  0.034618,  1.465966),  (0.353131,  0.020076)
(0.699363,  0.004759,  1.656842),  (0.355075,  0.297807)
(0.874923,  0.665679,  1.224933),  (0.928803,  0.380771)
(0.699825,  0.009305,  1.656125),  (0.928803,  0.024737)
(0.879796,  0.664464,  1.224707),  (0.925944,  0.380771)
(0.879796,  0.664464,  1.224707),  (0.925944,  0.380771)
(0.699825,  0.009305,  1.656125),  (0.928803,  0.024737)
(0.704697,  0.008090,  1.655899),  (0.925944,  0.024737)
(0.876335,  0.668159,  1.221034),  (0.154658,  0.131128)
(0.263626,  0.693471,  1.030876),  (0.154658,  0.324858)
(0.874923,  0.665679,  1.224933),  (0.153301,  0.131128)
(0.262214,  0.690992,  1.034774),  (0.153301,  0.324858)
(0.874923,  0.665679,  1.224933),  (0.153301,  0.131128)
(0.263626,  0.693471,  1.030876),  (0.154658,  0.324858)
(0.085380,  0.029007,  1.455683),  (0.345516,  0.019643)
(0.261573,  0.683870,  1.027209),  (0.327372,  0.310889)
(0.260478,  0.685381,  1.024491),  (0.345516,  0.310889)
(0.261573,  0.683870,  1.027209),  (0.327372,  0.310889)
(0.085380,  0.029007,  1.455683),  (0.345516,  0.019643)
(0.087529,  0.031451,  1.455803),  (0.327372,  0.019643)
(0.265197,  0.690839,  1.031929),  (0.138386,  0.324858)
(0.258291,  0.690140,  1.031819),  (0.154658,  0.322892)
(0.263626,  0.693471,  1.030876),  (0.154658,  0.324858)
(0.258291,  0.690140,  1.031819),  (0.154658,  0.322892)
(0.265197,  0.690839,  1.031929),  (0.138386,  0.324858)
(0.259886,  0.687541,  1.032861),  (0.138473,  0.322892)
(0.701549,  0.000000,  1.649515),  (0.152067,  0.297807)
(0.090980,  0.027792,  1.459454),  (0.175393,  0.020076)
(0.088840,  0.025313,  1.459356),  (0.152067,  0.020076)
(0.090980,  0.027792,  1.459454),  (0.175393,  0.020076)
(0.701549,  0.000000,  1.649515),  (0.152067,  0.297807)
(0.699978,  0.002633,  1.648461),  (0.175393,  0.297807)
(0.881982,  0.659705,  1.217379),  (0.736111,  0.380771)
(0.705289,  0.005930,  1.647529),  (0.757807,  0.024737)
(0.706884,  0.003331,  1.648571),  (0.736111,  0.024737)
(0.705289,  0.005930,  1.647529),  (0.757807,  0.024737)
(0.881982,  0.659705,  1.217379),  (0.736111,  0.380771)
(0.879333,  0.658349,  1.218935),  (0.757807,  0.380771)
(0.265812,  0.688712,  1.023548),  (0.013050,  0.324858)
(0.875879,  0.662014,  1.215293),  (0.029321,  0.131128)
(0.878522,  0.663399,  1.213707),  (0.013050,  0.131128)
(0.875879,  0.662014,  1.215293),  (0.029321,  0.131128)
(0.265812,  0.688712,  1.023548),  (0.013050,  0.324858)
(0.266881,  0.687173,  1.026286),  (0.029321,  0.324858)
(0.879796,  0.664464,  1.224707),  (0.154658,  0.133095)
(0.874195,  0.665679,  1.220936),  (0.138386,  0.131128)
(0.876335,  0.668159,  1.221034),  (0.154658,  0.131128)
(0.874195,  0.665679,  1.220936),  (0.138386,  0.131128)
(0.879796,  0.664464,  1.224707),  (0.154658,  0.133095)
(0.877646,  0.662020,  1.224587),  (0.138473,  0.133095)
(0.699363,  0.004759,  1.656842),  (0.925944,  0.027373)
(0.703602,  0.009601,  1.653181),  (0.904248,  0.024737)
(0.704697,  0.008090,  1.655899),  (0.925944,  0.024737)
(0.703602,  0.009601,  1.653181),  (0.904248,  0.024737)
(0.699363,  0.004759,  1.656842),  (0.925944,  0.027373)
(0.698294,  0.006298,  1.654104),  (0.904131,  0.027373)
(0.265812,  0.688712,  1.023548),  (0.013050,  0.324858)
(0.261573,  0.683870,  1.027209),  (0.029234,  0.322892)
(0.266881,  0.687173,  1.026286),  (0.029321,  0.324858)
(0.261573,  0.683870,  1.027209),  (0.029234,  0.322892)
(0.265812,  0.688712,  1.023548),  (0.013050,  0.324858)
(0.260478,  0.685381,  1.024491),  (0.013050,  0.322892)
(0.263626,  0.693471,  1.030876),  (0.154658,  0.324858)
(0.874195,  0.665679,  1.220936),  (0.138386,  0.131128)
(0.265197,  0.690839,  1.031929),  (0.138386,  0.324858)
(0.874195,  0.665679,  1.220936),  (0.138386,  0.131128)
(0.263626,  0.693471,  1.030876),  (0.154658,  0.324858)
(0.876335,  0.668159,  1.221034),  (0.154658,  0.131128)
(0.879796,  0.664464,  1.224707),  (0.925944,  0.380771)
(0.703602,  0.009601,  1.653181),  (0.904248,  0.024737)
(0.877646,  0.662020,  1.224587),  (0.904248,  0.380771)
(0.879796,  0.664464,  1.224707),  (0.925944,  0.380771)
(0.704697,  0.008090,  1.655899),  (0.925944,  0.024737)
(0.703602,  0.009601,  1.653181),  (0.904248,  0.024737)
(0.699363,  0.004759,  1.656842),  (0.355075,  0.297807)
(0.086653,  0.030072,  1.466683),  (0.355075,  0.020076)
(0.089296,  0.031458,  1.465097),  (0.331749,  0.020076)
(0.699363,  0.004759,  1.656842),  (0.355075,  0.297807)
(0.089296,  0.031458,  1.465097),  (0.331749,  0.020076)
(0.698294,  0.006298,  1.654104),  (0.331749,  0.297807)
(0.083193,  0.033766,  1.463011),  (0.186761,  0.019643)
(0.258291,  0.690140,  1.031819),  (0.186761,  0.310889)
(0.259886,  0.687541,  1.032861),  (0.204905,  0.310889)
(0.083193,  0.033766,  1.463011),  (0.186761,  0.019643)
(0.259886,  0.687541,  1.032861),  (0.204905,  0.310889)
(0.085843,  0.035123,  1.461455),  (0.204905,  0.019643)
(0.877646,  0.662020,  1.224587),  (0.138473,  0.133095)
(0.871717,  0.661164,  1.219147),  (0.083854,  0.131128)
(0.874195,  0.665679,  1.220936),  (0.138386,  0.131128)
(0.871717,  0.661164,  1.219147),  (0.083854,  0.131128)
(0.877646,  0.662020,  1.224587),  (0.138473,  0.133095)
(0.875135,  0.657528,  1.222764),  (0.083854,  0.132821)
(0.875879,  0.662014,  1.215293),  (0.029321,  0.131128)
(0.871717,  0.661164,  1.219147),  (0.083854,  0.131128)
(0.879333,  0.658349,  1.218935),  (0.029234,  0.133095)
(0.871717,  0.661164,  1.219147),  (0.083854,  0.131128)
(0.875135,  0.657528,  1.222764),  (0.083854,  0.132821)
(0.879333,  0.658349,  1.218935),  (0.029234,  0.133095)
(0.698294,  0.006298,  1.654104),  (0.904131,  0.027373)
(0.697304,  0.007361,  1.648650),  (0.831027,  0.027373)
(0.703602,  0.009601,  1.653181),  (0.904248,  0.024737)
(0.703602,  0.009601,  1.653181),  (0.904248,  0.024737)
(0.697304,  0.007361,  1.648650),  (0.831027,  0.027373)
(0.702566,  0.010638,  1.647727),  (0.831027,  0.024921)
(0.697304,  0.007361,  1.648650),  (0.831027,  0.027373)
(0.705289,  0.005930,  1.647529),  (0.757807,  0.024737)
(0.702566,  0.010638,  1.647727),  (0.831027,  0.024921)
(0.705289,  0.005930,  1.647529),  (0.757807,  0.024737)
(0.697304,  0.007361,  1.648650),  (0.831027,  0.027373)
(0.699978,  0.002633,  1.648461),  (0.757923,  0.027373)
(0.267871,  0.686110,  1.031740),  (0.083854,  0.324858)
(0.261573,  0.683870,  1.027209),  (0.029234,  0.322892)
(0.262609,  0.682834,  1.032663),  (0.083854,  0.323166)
(0.261573,  0.683870,  1.027209),  (0.029234,  0.322892)
(0.267871,  0.686110,  1.031740),  (0.083854,  0.324858)
(0.266881,  0.687173,  1.026286),  (0.029321,  0.324858)
(0.265197,  0.690839,  1.031929),  (0.138386,  0.324858)
(0.267871,  0.686110,  1.031740),  (0.083854,  0.324858)
(0.259886,  0.687541,  1.032861),  (0.138473,  0.322892)
(0.267871,  0.686110,  1.031740),  (0.083854,  0.324858)
(0.262609,  0.682834,  1.032663),  (0.083854,  0.323166)
(0.259886,  0.687541,  1.032861),  (0.138473,  0.322892)
(0.093458,  0.032308,  1.461243),  (0.253571,  0.020076)
(0.085843,  0.035123,  1.461455),  (0.331873,  0.022895)
(0.090041,  0.035943,  1.457626),  (0.253571,  0.022502)
(0.085843,  0.035123,  1.461455),  (0.331873,  0.022895)
(0.093458,  0.032308,  1.461243),  (0.253571,  0.020076)
(0.089296,  0.031458,  1.465097),  (0.331749,  0.020076)
(0.090980,  0.027792,  1.459454),  (0.175393,  0.020076)
(0.093458,  0.032308,  1.461243),  (0.253571,  0.020076)
(0.087529,  0.031451,  1.455803),  (0.175268,  0.022895)
(0.093458,  0.032308,  1.461243),  (0.253571,  0.020076)
(0.090041,  0.035943,  1.457626),  (0.253571,  0.022502)
(0.087529,  0.031451,  1.455803),  (0.175268,  0.022895)
(0.874195,  0.665679,  1.220936),  (0.138386,  0.131128)
(0.267871,  0.686110,  1.031740),  (0.083854,  0.324858)
(0.265197,  0.690839,  1.031929),  (0.138386,  0.324858)
(0.267871,  0.686110,  1.031740),  (0.083854,  0.324858)
(0.874195,  0.665679,  1.220936),  (0.138386,  0.131128)
(0.871717,  0.661164,  1.219147),  (0.083854,  0.131128)
(0.266881,  0.687173,  1.026286),  (0.029321,  0.324858)
(0.871717,  0.661164,  1.219147),  (0.083854,  0.131128)
(0.875879,  0.662014,  1.215293),  (0.029321,  0.131128)
(0.871717,  0.661164,  1.219147),  (0.083854,  0.131128)
(0.266881,  0.687173,  1.026286),  (0.029321,  0.324858)
(0.267871,  0.686110,  1.031740),  (0.083854,  0.324858)
(0.702566,  0.010638,  1.647727),  (0.831027,  0.024921)
(0.875135,  0.657528,  1.222764),  (0.831027,  0.380771)
(0.877646,  0.662020,  1.224587),  (0.904248,  0.380771)
(0.877646,  0.662020,  1.224587),  (0.904248,  0.380771)
(0.703602,  0.009601,  1.653181),  (0.904248,  0.024737)
(0.702566,  0.010638,  1.647727),  (0.831027,  0.024921)
(0.879333,  0.658349,  1.218935),  (0.757807,  0.380771)
(0.702566,  0.010638,  1.647727),  (0.831027,  0.024921)
(0.705289,  0.005930,  1.647529),  (0.757807,  0.024737)
(0.702566,  0.010638,  1.647727),  (0.831027,  0.024921)
(0.879333,  0.658349,  1.218935),  (0.757807,  0.380771)
(0.875135,  0.657528,  1.222764),  (0.831027,  0.380771)
(0.093458,  0.032308,  1.461243),  (0.253571,  0.020076)
(0.698294,  0.006298,  1.654104),  (0.331749,  0.297807)
(0.089296,  0.031458,  1.465097),  (0.331749,  0.020076)
(0.698294,  0.006298,  1.654104),  (0.331749,  0.297807)
(0.093458,  0.032308,  1.461243),  (0.253571,  0.020076)
(0.697304,  0.007361,  1.648650),  (0.253571,  0.297807)
(0.090980,  0.027792,  1.459454),  (0.175393,  0.020076)
(0.699978,  0.002633,  1.648461),  (0.175393,  0.297807)
(0.697304,  0.007361,  1.648650),  (0.253571,  0.297807)
(0.697304,  0.007361,  1.648650),  (0.253571,  0.297807)
(0.093458,  0.032308,  1.461243),  (0.253571,  0.020076)
(0.090980,  0.027792,  1.459454),  (0.175393,  0.020076)
(0.262609,  0.682834,  1.032663),  (0.266139,  0.310889)
(0.090041,  0.035943,  1.457626),  (0.266139,  0.019643)
(0.085843,  0.035123,  1.461455),  (0.204905,  0.019643)
(0.085843,  0.035123,  1.461455),  (0.204905,  0.019643)
(0.259886,  0.687541,  1.032861),  (0.204905,  0.310889)
(0.262609,  0.682834,  1.032663),  (0.266139,  0.310889)
(0.087529,  0.031451,  1.455803),  (0.327372,  0.019643)
(0.262609,  0.682834,  1.032663),  (0.266139,  0.310889)
(0.261573,  0.683870,  1.027209),  (0.327372,  0.310889)
(0.262609,  0.682834,  1.032663),  (0.266139,  0.310889)
(0.087529,  0.031451,  1.455803),  (0.327372,  0.019643)
(0.090041,  0.035943,  1.457626),  (0.266139,  0.019643)
(0.085843,  0.035123,  1.461455),  (0.331873,  0.022895)
(0.089296,  0.031458,  1.465097),  (0.331749,  0.020076)
(0.086653,  0.030072,  1.466683),  (0.355075,  0.020076)
(0.085843,  0.035123,  1.461455),  (0.331873,  0.022895)
(0.086653,  0.030072,  1.466683),  (0.355075,  0.020076)
(0.083193,  0.033766,  1.463011),  (0.355075,  0.022895)
(0.660820,  0.002480,  1.649776),  (0.017196,  0.300254)
(0.018068,  0.027792,  1.622311),  (0.137949,  0.300254)
(0.070055,  0.684166,  1.161691),  (0.137949,  0.138327)
(0.660820,  0.002480,  1.649776),  (0.017196,  0.300254)
(0.070055,  0.684166,  1.161691),  (0.137949,  0.138327)
(0.712807,  0.658853,  1.189156),  (0.017196,  0.138327)
(0.712631,  0.665679,  1.200094),  (0.304122,  0.000395)
(0.069880,  0.690992,  1.172630),  (0.064938,  0.000395)
(0.660645,  0.009305,  1.660714),  (0.304122,  0.321135)
(0.069880,  0.690992,  1.172630),  (0.064938,  0.000395)
(0.017893,  0.034618,  1.633250),  (0.064938,  0.321135)
(0.660645,  0.009305,  1.660714),  (0.304122,  0.321135)
(0.019855,  0.027792,  1.625982),  (0.175393,  0.020076)
(0.013429,  0.029007,  1.623770),  (0.152067,  0.022895)
(0.017764,  0.025313,  1.626432),  (0.152067,  0.020076)
(0.013429,  0.029007,  1.623770),  (0.152067,  0.022895)
(0.019855,  0.027792,  1.625982),  (0.175393,  0.020076)
(0.015536,  0.031451,  1.623338),  (0.175268,  0.022895)
(0.665407,  0.003331,  1.651629),  (0.736111,  0.024737)
(0.658714,  0.002633,  1.653280),  (0.757923,  0.027373)
(0.660515,  0.000000,  1.653897),  (0.736111,  0.027373)
(0.658714,  0.002633,  1.653280),  (0.757923,  0.027373)
(0.665407,  0.003331,  1.651629),  (0.736111,  0.024737)
(0.663585,  0.005930,  1.651029),  (0.757807,  0.024737)
(0.713058,  0.663399,  1.188347),  (0.013050,  0.131128)
(0.715258,  0.658349,  1.193184),  (0.029234,  0.133095)
(0.717393,  0.659705,  1.191009),  (0.013050,  0.133095)
(0.715258,  0.658349,  1.193184),  (0.029234,  0.133095)
(0.713058,  0.663399,  1.188347),  (0.013050,  0.131128)
(0.710938,  0.662014,  1.190550),  (0.029321,  0.131128)
(0.065415,  0.685381,  1.163150),  (0.345516,  0.310889)
(0.070307,  0.688712,  1.160882),  (0.344072,  0.309816)
(0.070055,  0.684166,  1.161691),  (0.344521,  0.312090)
(0.018068,  0.027792,  1.622311),  (0.137949,  0.300254)
(0.017764,  0.025313,  1.626432),  (0.135316,  0.298900)
(0.013429,  0.029007,  1.623770),  (0.135316,  0.300983)
(0.713058,  0.663399,  1.188347),  (0.013050,  0.131128)
(0.717393,  0.659705,  1.191009),  (0.011482,  0.129964)
(0.712807,  0.658853,  1.189156),  (0.011152,  0.131615)
(0.660820,  0.002480,  1.649776),  (0.017196,  0.300254)
(0.665407,  0.003331,  1.651629),  (0.015017,  0.298823)
(0.660515,  0.000000,  1.653897),  (0.015017,  0.301060)
(0.065293,  0.690140,  1.170777),  (0.186761,  0.310889)
(0.069880,  0.690992,  1.172630),  (0.184625,  0.310339)
(0.070184,  0.693471,  1.168509),  (0.184995,  0.312200)
(0.017641,  0.030072,  1.634059),  (0.355075,  0.020076)
(0.017893,  0.034618,  1.633250),  (0.353659,  0.018459)
(0.013307,  0.033766,  1.631396),  (0.353081,  0.021557)
(0.712936,  0.668159,  1.195973),  (0.154658,  0.131128)
(0.712631,  0.665679,  1.200094),  (0.153184,  0.129728)
(0.717271,  0.664464,  1.198635),  (0.152768,  0.132531)
(0.665284,  0.008090,  1.659255),  (0.925944,  0.024737)
(0.660645,  0.009305,  1.660714),  (0.924373,  0.023076)
(0.660393,  0.004759,  1.661523),  (0.923827,  0.026310)
(0.070307,  0.688712,  1.160882),  (0.013050,  0.324858)
(0.712807,  0.658853,  1.189156),  (0.014406,  0.131128)
(0.070055,  0.684166,  1.161691),  (0.014406,  0.324858)
(0.712807,  0.658853,  1.189156),  (0.014406,  0.131128)
(0.070307,  0.688712,  1.160882),  (0.013050,  0.324858)
(0.713058,  0.663399,  1.188347),  (0.013050,  0.131128)
(0.717393,  0.659705,  1.191009),  (0.736111,  0.380771)
(0.665407,  0.003331,  1.651629),  (0.736111,  0.024737)
(0.712807,  0.658853,  1.189156),  (0.733252,  0.380771)
(0.660820,  0.002480,  1.649776),  (0.733252,  0.024737)
(0.712807,  0.658853,  1.189156),  (0.733252,  0.380771)
(0.665407,  0.003331,  1.651629),  (0.736111,  0.024737)
(0.660515,  0.000000,  1.653897),  (0.152067,  0.297807)
(0.018068,  0.027792,  1.622311),  (0.154012,  0.020076)
(0.660820,  0.002480,  1.649776),  (0.154012,  0.297807)
(0.018068,  0.027792,  1.622311),  (0.154012,  0.020076)
(0.660515,  0.000000,  1.653897),  (0.152067,  0.297807)
(0.017764,  0.025313,  1.626432),  (0.152067,  0.020076)
(0.013429,  0.029007,  1.623770),  (0.345516,  0.019643)
(0.070055,  0.684166,  1.161691),  (0.347864,  0.310889)
(0.018068,  0.027792,  1.622311),  (0.347864,  0.019643)
(0.070055,  0.684166,  1.161691),  (0.347864,  0.310889)
(0.013429,  0.029007,  1.623770),  (0.345516,  0.019643)
(0.065415,  0.685381,  1.163150),  (0.345516,  0.310889)
(0.065293,  0.690140,  1.170777),  (0.186761,  0.310889)
(0.017893,  0.034618,  1.633250),  (0.184413,  0.019643)
(0.069880,  0.690992,  1.172630),  (0.184413,  0.310889)
(0.017893,  0.034618,  1.633250),  (0.184413,  0.019643)
(0.065293,  0.690140,  1.170777),  (0.186761,  0.310889)
(0.013307,  0.033766,  1.631396),  (0.186761,  0.019643)
(0.017641,  0.030072,  1.634059),  (0.355075,  0.020076)
(0.660393,  0.004759,  1.661523),  (0.355075,  0.297807)
(0.017893,  0.034618,  1.633250),  (0.353131,  0.020076)
(0.660645,  0.009305,  1.660714),  (0.353131,  0.297807)
(0.017893,  0.034618,  1.633250),  (0.353131,  0.020076)
(0.660393,  0.004759,  1.661523),  (0.355075,  0.297807)
(0.712631,  0.665679,  1.200094),  (0.928803,  0.380771)
(0.660645,  0.009305,  1.660714),  (0.928803,  0.024737)
(0.717271,  0.664464,  1.198635),  (0.925944,  0.380771)
(0.717271,  0.664464,  1.198635),  (0.925944,  0.380771)
(0.660645,  0.009305,  1.660714),  (0.928803,  0.024737)
(0.665284,  0.008090,  1.659255),  (0.925944,  0.024737)
(0.712936,  0.668159,  1.195973),  (0.154658,  0.131128)
(0.070184,  0.693471,  1.168509),  (0.154658,  0.324858)
(0.712631,  0.665679,  1.200094),  (0.153301,  0.131128)
(0.069880,  0.690992,  1.172630),  (0.153301,  0.324858)
(0.712631,  0.665679,  1.200094),  (0.153301,  0.131128)
(0.070184,  0.693471,  1.168509),  (0.154658,  0.324858)
(0.065415,  0.685381,  1.163150),  (0.345516,  0.310889)
(0.013429,  0.029007,  1.623770),  (0.345516,  0.019643)
(0.015536,  0.031451,  1.623338),  (0.327372,  0.019643)
(0.065415,  0.685381,  1.163150),  (0.345516,  0.310889)
(0.015536,  0.031451,  1.623338),  (0.327372,  0.019643)
(0.067209,  0.683870,  1.165493),  (0.327372,  0.310889)
(0.071986,  0.690839,  1.169125),  (0.138386,  0.324858)
(0.065293,  0.690140,  1.170777),  (0.154658,  0.322892)
(0.070184,  0.693471,  1.168509),  (0.154658,  0.324858)
(0.065293,  0.690140,  1.170777),  (0.154658,  0.322892)
(0.071986,  0.690839,  1.169125),  (0.138386,  0.324858)
(0.067114,  0.687541,  1.171377),  (0.138473,  0.322892)
(0.660515,  0.000000,  1.653897),  (0.152067,  0.297807)
(0.019855,  0.027792,  1.625982),  (0.175393,  0.020076)
(0.017764,  0.025313,  1.626432),  (0.152067,  0.020076)
(0.019855,  0.027792,  1.625982),  (0.175393,  0.020076)
(0.660515,  0.000000,  1.653897),  (0.152067,  0.297807)
(0.658714,  0.002633,  1.653280),  (0.175393,  0.297807)
(0.717393,  0.659705,  1.191009),  (0.736111,  0.380771)
(0.663585,  0.005930,  1.651029),  (0.757807,  0.024737)
(0.665407,  0.003331,  1.651629),  (0.736111,  0.024737)
(0.663585,  0.005930,  1.651029),  (0.757807,  0.024737)
(0.717393,  0.659705,  1.191009),  (0.736111,  0.380771)
(0.715258,  0.658349,  1.193184),  (0.757807,  0.380771)
(0.070307,  0.688712,  1.160882),  (0.013050,  0.324858)
(0.710938,  0.662014,  1.190550),  (0.029321,  0.131128)
(0.713058,  0.663399,  1.188347),  (0.013050,  0.131128)
(0.710938,  0.662014,  1.190550),  (0.029321,  0.131128)
(0.070307,  0.688712,  1.160882),  (0.013050,  0.324858)
(0.072080,  0.687173,  1.163252),  (0.029321,  0.324858)
(0.717271,  0.664464,  1.198635),  (0.154658,  0.133095)
(0.710844,  0.665679,  1.196424),  (0.138386,  0.131128)
(0.712936,  0.668159,  1.195973),  (0.154658,  0.131128)
(0.710844,  0.665679,  1.196424),  (0.138386,  0.131128)
(0.717271,  0.664464,  1.198635),  (0.154658,  0.133095)
(0.715164,  0.662020,  1.199067),  (0.138473,  0.133095)
(0.663491,  0.009601,  1.656912),  (0.904248,  0.024737)
(0.660393,  0.004759,  1.661523),  (0.925944,  0.027373)
(0.658620,  0.006298,  1.659154),  (0.904131,  0.027373)
(0.660393,  0.004759,  1.661523),  (0.925944,  0.027373)
(0.663491,  0.009601,  1.656912),  (0.904248,  0.024737)
(0.665284,  0.008090,  1.659255),  (0.925944,  0.024737)
(0.070307,  0.688712,  1.160882),  (0.013050,  0.324858)
(0.067209,  0.683870,  1.165493),  (0.029234,  0.322892)
(0.072080,  0.687173,  1.163252),  (0.029321,  0.324858)
(0.067209,  0.683870,  1.165493),  (0.029234,  0.322892)
(0.070307,  0.688712,  1.160882),  (0.013050,  0.324858)
(0.065415,  0.685381,  1.163150),  (0.013050,  0.322892)
(0.070184,  0.693471,  1.168509),  (0.154658,  0.324858)
(0.710844,  0.665679,  1.196424),  (0.138386,  0.131128)
(0.071986,  0.690839,  1.169125),  (0.138386,  0.324858)
(0.710844,  0.665679,  1.196424),  (0.138386,  0.131128)
(0.070184,  0.693471,  1.168509),  (0.154658,  0.324858)
(0.712936,  0.668159,  1.195973),  (0.154658,  0.131128)
(0.665284,  0.008090,  1.659255),  (0.925944,  0.024737)
(0.715164,  0.662020,  1.199067),  (0.904248,  0.380771)
(0.717271,  0.664464,  1.198635),  (0.925944,  0.380771)
(0.715164,  0.662020,  1.199067),  (0.904248,  0.380771)
(0.665284,  0.008090,  1.659255),  (0.925944,  0.024737)
(0.663491,  0.009601,  1.656912),  (0.904248,  0.024737)
(0.660393,  0.004759,  1.661523),  (0.355075,  0.297807)
(0.017641,  0.030072,  1.634059),  (0.355075,  0.020076)
(0.019761,  0.031458,  1.631856),  (0.331749,  0.020076)
(0.660393,  0.004759,  1.661523),  (0.355075,  0.297807)
(0.019761,  0.031458,  1.631856),  (0.331749,  0.020076)
(0.658620,  0.006298,  1.659154),  (0.331749,  0.297807)
(0.013307,  0.033766,  1.631396),  (0.186761,  0.019643)
(0.065293,  0.690140,  1.170777),  (0.186761,  0.310889)
(0.067114,  0.687541,  1.171377),  (0.204905,  0.310889)
(0.013307,  0.033766,  1.631396),  (0.186761,  0.019643)
(0.067114,  0.687541,  1.171377),  (0.204905,  0.310889)
(0.015441,  0.035123,  1.629221),  (0.204905,  0.019643)
(0.715164,  0.662020,  1.199067),  (0.138473,  0.133095)
(0.707968,  0.661164,  1.195328),  (0.083854,  0.131128)
(0.710844,  0.665679,  1.196424),  (0.138386,  0.131128)
(0.707968,  0.661164,  1.195328),  (0.083854,  0.131128)
(0.715164,  0.662020,  1.199067),  (0.138473,  0.133095)
(0.712247,  0.657528,  1.197948),  (0.083854,  0.132821)
(0.710938,  0.662014,  1.190550),  (0.029321,  0.131128)
(0.707968,  0.661164,  1.195328),  (0.083854,  0.131128)
(0.715258,  0.658349,  1.193184),  (0.029234,  0.133095)
(0.707968,  0.661164,  1.195328),  (0.083854,  0.131128)
(0.712247,  0.657528,  1.197948),  (0.083854,  0.132821)
(0.715258,  0.658349,  1.193184),  (0.029234,  0.133095)
(0.661011,  0.010638,  1.651913),  (0.831027,  0.024921)
(0.663491,  0.009601,  1.656912),  (0.904248,  0.024737)
(0.656185,  0.007361,  1.654144),  (0.831027,  0.027373)
(0.663491,  0.009601,  1.656912),  (0.904248,  0.024737)
(0.658620,  0.006298,  1.659154),  (0.904131,  0.027373)
(0.656185,  0.007361,  1.654144),  (0.831027,  0.027373)
(0.656185,  0.007361,  1.654144),  (0.831027,  0.027373)
(0.663585,  0.005930,  1.651029),  (0.757807,  0.024737)
(0.661011,  0.010638,  1.651913),  (0.831027,  0.024921)
(0.663585,  0.005930,  1.651029),  (0.757807,  0.024737)
(0.656185,  0.007361,  1.654144),  (0.831027,  0.027373)
(0.658714,  0.002633,  1.653280),  (0.757923,  0.027373)
(0.074514,  0.686110,  1.168261),  (0.083854,  0.324858)
(0.067209,  0.683870,  1.165493),  (0.029234,  0.322892)
(0.069688,  0.682834,  1.170492),  (0.083854,  0.323166)
(0.067209,  0.683870,  1.165493),  (0.029234,  0.322892)
(0.074514,  0.686110,  1.168261),  (0.083854,  0.324858)
(0.072080,  0.687173,  1.163252),  (0.029321,  0.324858)
(0.071986,  0.690839,  1.169125),  (0.138386,  0.324858)
(0.074514,  0.686110,  1.168261),  (0.083854,  0.324858)
(0.067114,  0.687541,  1.171377),  (0.138473,  0.322892)
(0.074514,  0.686110,  1.168261),  (0.083854,  0.324858)
(0.069688,  0.682834,  1.170492),  (0.083854,  0.323166)
(0.067114,  0.687541,  1.171377),  (0.138473,  0.322892)
(0.015441,  0.035123,  1.629221),  (0.331873,  0.022895)
(0.022732,  0.032308,  1.627077),  (0.253571,  0.020076)
(0.019761,  0.031458,  1.631856),  (0.331749,  0.020076)
(0.022732,  0.032308,  1.627077),  (0.253571,  0.020076)
(0.015441,  0.035123,  1.629221),  (0.331873,  0.022895)
(0.018453,  0.035943,  1.624457),  (0.253571,  0.022502)
(0.019855,  0.027792,  1.625982),  (0.175393,  0.020076)
(0.022732,  0.032308,  1.627077),  (0.253571,  0.020076)
(0.015536,  0.031451,  1.623338),  (0.175268,  0.022895)
(0.022732,  0.032308,  1.627077),  (0.253571,  0.020076)
(0.018453,  0.035943,  1.624457),  (0.253571,  0.022502)
(0.015536,  0.031451,  1.623338),  (0.175268,  0.022895)
(0.710844,  0.665679,  1.196424),  (0.138386,  0.131128)
(0.074514,  0.686110,  1.168261),  (0.083854,  0.324858)
(0.071986,  0.690839,  1.169125),  (0.138386,  0.324858)
(0.074514,  0.686110,  1.168261),  (0.083854,  0.324858)
(0.710844,  0.665679,  1.196424),  (0.138386,  0.131128)
(0.707968,  0.661164,  1.195328),  (0.083854,  0.131128)
(0.072080,  0.687173,  1.163252),  (0.029321,  0.324858)
(0.707968,  0.661164,  1.195328),  (0.083854,  0.131128)
(0.710938,  0.662014,  1.190550),  (0.029321,  0.131128)
(0.707968,  0.661164,  1.195328),  (0.083854,  0.131128)
(0.072080,  0.687173,  1.163252),  (0.029321,  0.324858)
(0.074514,  0.686110,  1.168261),  (0.083854,  0.324858)
(0.715164,  0.662020,  1.199067),  (0.904248,  0.380771)
(0.663491,  0.009601,  1.656912),  (0.904248,  0.024737)
(0.661011,  0.010638,  1.651913),  (0.831027,  0.024921)
(0.715164,  0.662020,  1.199067),  (0.904248,  0.380771)
(0.661011,  0.010638,  1.651913),  (0.831027,  0.024921)
(0.712247,  0.657528,  1.197948),  (0.831027,  0.380771)
(0.715258,  0.658349,  1.193184),  (0.757807,  0.380771)
(0.661011,  0.010638,  1.651913),  (0.831027,  0.024921)
(0.663585,  0.005930,  1.651029),  (0.757807,  0.024737)
(0.661011,  0.010638,  1.651913),  (0.831027,  0.024921)
(0.715258,  0.658349,  1.193184),  (0.757807,  0.380771)
(0.712247,  0.657528,  1.197948),  (0.831027,  0.380771)
(0.022732,  0.032308,  1.627077),  (0.253571,  0.020076)
(0.658620,  0.006298,  1.659154),  (0.331749,  0.297807)
(0.019761,  0.031458,  1.631856),  (0.331749,  0.020076)
(0.658620,  0.006298,  1.659154),  (0.331749,  0.297807)
(0.022732,  0.032308,  1.627077),  (0.253571,  0.020076)
(0.656185,  0.007361,  1.654144),  (0.253571,  0.297807)
(0.019855,  0.027792,  1.625982),  (0.175393,  0.020076)
(0.658714,  0.002633,  1.653280),  (0.175393,  0.297807)
(0.656185,  0.007361,  1.654144),  (0.253571,  0.297807)
(0.656185,  0.007361,  1.654144),  (0.253571,  0.297807)
(0.022732,  0.032308,  1.627077),  (0.253571,  0.020076)
(0.019855,  0.027792,  1.625982),  (0.175393,  0.020076)
(0.015441,  0.035123,  1.629221),  (0.204905,  0.019643)
(0.067114,  0.687541,  1.171377),  (0.204905,  0.310889)
(0.069688,  0.682834,  1.170492),  (0.266139,  0.310889)
(0.015441,  0.035123,  1.629221),  (0.204905,  0.019643)
(0.069688,  0.682834,  1.170492),  (0.266139,  0.310889)
(0.018453,  0.035943,  1.624457),  (0.266139,  0.019643)
(0.015536,  0.031451,  1.623338),  (0.327372,  0.019643)
(0.069688,  0.682834,  1.170492),  (0.266139,  0.310889)
(0.067209,  0.683870,  1.165493),  (0.327372,  0.310889)
(0.069688,  0.682834,  1.170492),  (0.266139,  0.310889)
(0.015536,  0.031451,  1.623338),  (0.327372,  0.019643)
(0.018453,  0.035943,  1.624457),  (0.266139,  0.019643)
(0.013307,  0.033766,  1.631396),  (0.355075,  0.022895)
(0.015441,  0.035123,  1.629221),  (0.331873,  0.022895)
(0.017641,  0.030072,  1.634059),  (0.355075,  0.020076)
(0.015441,  0.035123,  1.629221),  (0.331873,  0.022895)
(0.019761,  0.031458,  1.631856),  (0.331749,  0.020076)
(0.017641,  0.030072,  1.634059),  (0.355075,  0.020076)
