(0.166667,  0.086731,  -0.444444),  (0.625000,  0.750000)
(0.166667,  0.086731,  0.444444),  (0.625000,  0.500000)
(-0.166667,  0.086731,  0.444444),  (0.375000,  0.500000)
(-0.166667,  0.086731,  0.444444),  (0.375000,  0.500000)
(-0.166667,  0.086731,  -0.444444),  (0.375000,  0.750000)
(0.166667,  0.086731,  -0.444444),  (0.625000,  0.750000)
(-0.166667,  0.086731,  0.444444),  (0.125000,  0.750000)
(-0.166667,  0.201888,  0.444444),  (0.125000,  0.750000)
(-0.166667,  0.216828,  0.409487),  (0.134832,  0.750000)
(-0.166667,  0.216828,  0.409487),  (0.134832,  0.750000)
(-0.166667,  0.216828,  -0.409487),  (0.365168,  0.750000)
(-0.166667,  0.201888,  -0.444444),  (0.375000,  0.750000)
(-0.166667,  0.086731,  0.444444),  (0.125000,  0.750000)
(-0.166667,  0.216828,  0.409487),  (0.134832,  0.750000)
(-0.166667,  0.201888,  -0.444444),  (0.375000,  0.750000)
(-0.166667,  0.086731,  -0.444444),  (0.375000,  0.750000)
(-0.166667,  0.086731,  0.444444),  (0.125000,  0.750000)
(-0.166667,  0.201888,  -0.444444),  (0.375000,  0.750000)
(-0.166667,  0.086731,  -0.444444),  (0.375000,  0.750000)
(-0.166667,  0.086731,  -0.480163),  (0.375000,  0.750000)
(0.166667,  0.086731,  -0.480163),  (0.625000,  0.750000)
(0.166667,  0.086731,  -0.480163),  (0.625000,  0.750000)
(0.166667,  0.086731,  -0.444444),  (0.625000,  0.750000)
(-0.166667,  0.086731,  -0.444444),  (0.375000,  0.750000)
(0.166667,  0.086731,  -0.444444),  (0.625000,  0.750000)
(0.166667,  0.201888,  -0.444444),  (0.625000,  0.750000)
(0.166667,  0.216828,  -0.409487),  (0.634832,  0.750000)
(0.166667,  0.216828,  -0.409487),  (0.634832,  0.750000)
(0.166667,  0.216828,  0.409487),  (0.865168,  0.750000)
(0.166667,  0.201888,  0.444444),  (0.875000,  0.750000)
(0.166667,  0.086731,  -0.444444),  (0.625000,  0.750000)
(0.166667,  0.216828,  -0.409487),  (0.634832,  0.750000)
(0.166667,  0.201888,  0.444444),  (0.875000,  0.750000)
(0.166667,  0.086731,  0.444444),  (0.875000,  0.750000)
(0.166667,  0.086731,  -0.444444),  (0.625000,  0.750000)
(0.166667,  0.201888,  0.444444),  (0.875000,  0.750000)
(0.166667,  0.086731,  0.444444),  (0.625000,  0.750000)
(0.166667,  0.086731,  0.480163),  (0.625000,  0.750000)
(-0.166667,  0.086731,  0.480163),  (0.625000,  0.750000)
(-0.166667,  0.086731,  0.480163),  (0.625000,  0.750000)
(-0.166667,  0.086731,  0.444444),  (0.625000,  0.750000)
(0.166667,  0.086731,  0.444444),  (0.625000,  0.750000)
(-0.166667,  0.201888,  -0.444444),  (0.125000,  0.750000)
(-0.166667,  0.201888,  -0.480163),  (0.125000,  0.750000)
(-0.166667,  0.086731,  -0.480163),  (0.125000,  1.000000)
(-0.166667,  0.086731,  -0.480163),  (0.125000,  1.000000)
(-0.166667,  0.086731,  -0.444444),  (0.125000,  1.000000)
(-0.166667,  0.201888,  -0.444444),  (0.125000,  0.750000)
(-0.166667,  0.086731,  0.444444),  (0.375000,  0.750000)
(-0.166667,  0.086731,  0.480163),  (0.375000,  0.750000)
(-0.166667,  0.201888,  0.480163),  (0.375000,  0.750000)
(-0.166667,  0.201888,  0.480163),  (0.375000,  0.750000)
(-0.166667,  0.201888,  0.444444),  (0.375000,  0.750000)
(-0.166667,  0.086731,  0.444444),  (0.375000,  0.750000)
(-0.166667,  0.201888,  0.444444),  (0.125000,  0.750000)
(-0.172613,  0.216828,  0.434206),  (0.125000,  0.750000)
(-0.166667,  0.216828,  0.409487),  (0.134832,  0.750000)
(-0.166667,  0.216828,  0.409487),  (0.134832,  0.750000)
(-0.166667,  0.479746,  0.135659),  (0.153310,  0.750000)
(-0.166667,  0.346925,  0.077778),  (0.219878,  0.750000)
(-0.166667,  0.216828,  0.409487),  (0.134832,  0.750000)
(-0.166667,  0.346925,  0.077778),  (0.219878,  0.750000)
(-0.166667,  0.328164,  0.073971),  (0.223467,  0.750000)
(-0.166667,  0.216828,  0.409487),  (0.134832,  0.750000)
(-0.166667,  0.328164,  0.073971),  (0.223467,  0.750000)
(-0.166667,  0.311239,  0.062924),  (0.229136,  0.750000)
(-0.166667,  0.216828,  0.409487),  (0.134832,  0.750000)
(-0.166667,  0.311239,  0.062924),  (0.229136,  0.750000)
(-0.166667,  0.297808,  0.045717),  (0.236174,  0.750000)
(-0.166667,  0.216828,  0.409487),  (0.134832,  0.750000)
(-0.166667,  0.297808,  0.045717),  (0.236174,  0.750000)
(-0.166667,  0.289184,  0.024035),  (0.244078,  0.750000)
(-0.166667,  0.216828,  -0.409487),  (0.365168,  0.750000)
(-0.166667,  0.216828,  0.409487),  (0.134832,  0.750000)
(-0.166667,  0.289184,  0.024035),  (0.244078,  0.750000)
(-0.166667,  0.216828,  -0.409487),  (0.365168,  0.750000)
(-0.166667,  0.289184,  0.024035),  (0.244078,  0.750000)
(-0.166667,  0.286213,  -0.000000),  (0.252492,  0.750000)
(-0.166667,  0.216828,  -0.409487),  (0.365168,  0.750000)
(-0.166667,  0.286213,  -0.000000),  (0.252492,  0.750000)
(-0.166667,  0.289184,  -0.024035),  (0.261119,  0.750000)
(-0.166667,  0.216828,  -0.409487),  (0.365168,  0.750000)
(-0.166667,  0.289184,  -0.024035),  (0.261119,  0.750000)
(-0.166667,  0.297808,  -0.045717),  (0.269643,  0.750000)
(-0.166667,  0.216828,  -0.409487),  (0.365168,  0.750000)
(-0.166667,  0.297808,  -0.045717),  (0.269643,  0.750000)
(-0.166667,  0.311239,  -0.062924),  (0.277645,  0.750000)
(-0.166667,  0.216828,  -0.409487),  (0.365168,  0.750000)
(-0.166667,  0.311239,  -0.062924),  (0.277645,  0.750000)
(-0.166667,  0.328164,  -0.073971),  (0.284530,  0.750000)
(-0.166667,  0.479746,  -0.135659),  (0.365575,  0.750000)
(-0.166667,  0.216828,  -0.409487),  (0.365168,  0.750000)
(-0.166667,  0.328164,  -0.073971),  (0.284530,  0.750000)
(-0.166667,  0.479746,  -0.135659),  (0.365575,  0.750000)
(-0.166667,  0.328164,  -0.073971),  (0.284530,  0.750000)
(-0.166667,  0.346925,  -0.077778),  (0.289467,  0.750000)
(-0.166667,  0.479746,  -0.135659),  (0.365575,  0.750000)
(-0.166667,  0.346925,  -0.077778),  (0.289467,  0.750000)
(-0.166667,  0.365686,  -0.073971),  (0.291421,  0.750000)
(-0.166667,  0.479746,  -0.135659),  (0.365575,  0.750000)
(-0.166667,  0.365686,  -0.073971),  (0.291421,  0.750000)
(-0.166667,  0.382610,  -0.062924),  (0.289311,  0.750000)
(-0.166667,  0.479746,  -0.135659),  (0.365575,  0.750000)
(-0.166667,  0.382610,  -0.062924),  (0.289311,  0.750000)
(-0.166667,  0.396042,  -0.045717),  (0.282417,  0.750000)
(-0.166667,  0.365686,  0.073971),  (0.219271,  0.750000)
(-0.166667,  0.346925,  0.077778),  (0.219878,  0.750000)
(-0.166667,  0.479746,  0.135659),  (0.153310,  0.750000)
(-0.166667,  0.382610,  0.062924),  (0.222597,  0.750000)
(-0.166667,  0.365686,  0.073971),  (0.219271,  0.750000)
(-0.166667,  0.479746,  0.135659),  (0.153310,  0.750000)
(-0.166667,  0.396042,  0.045717),  (0.230456,  0.750000)
(-0.166667,  0.382610,  0.062924),  (0.222597,  0.750000)
(-0.166667,  0.479746,  0.135659),  (0.153310,  0.750000)
(-0.166667,  0.404665,  0.024035),  (0.242455,  0.750000)
(-0.166667,  0.396042,  0.045717),  (0.230456,  0.750000)
(-0.166667,  0.479746,  0.135659),  (0.153310,  0.750000)
(-0.166667,  0.407637,  -0.000000),  (0.256853,  0.750000)
(-0.166667,  0.404665,  0.024035),  (0.242455,  0.750000)
(-0.166667,  0.479746,  0.135659),  (0.153310,  0.750000)
(-0.166667,  0.404665,  -0.024035),  (0.271038,  0.750000)
(-0.166667,  0.407637,  -0.000000),  (0.256853,  0.750000)
(-0.166667,  0.479746,  0.135659),  (0.153310,  0.750000)
(-0.166667,  0.396042,  -0.045717),  (0.282417,  0.750000)
(-0.166667,  0.404665,  -0.024035),  (0.271038,  0.750000)
(-0.166667,  0.479746,  0.135659),  (0.153310,  0.750000)
(-0.166667,  0.479746,  -0.135659),  (0.365575,  0.750000)
(-0.166667,  0.396042,  -0.045717),  (0.282417,  0.750000)
(-0.166667,  0.479746,  0.135659),  (0.153310,  0.750000)
(-0.166667,  0.201888,  -0.444444),  (0.375000,  0.750000)
(-0.166667,  0.216828,  -0.409487),  (0.365168,  0.750000)
(-0.172613,  0.216828,  -0.434206),  (0.375000,  0.750000)
(0.166667,  0.086731,  -0.444444),  (0.125000,  1.000000)
(0.166667,  0.086731,  -0.480163),  (0.125000,  1.000000)
(0.166667,  0.201888,  -0.480163),  (0.125000,  1.000000)
(0.166667,  0.201888,  -0.480163),  (0.125000,  1.000000)
(0.166667,  0.201888,  -0.444444),  (0.125000,  1.000000)
(0.166667,  0.086731,  -0.444444),  (0.125000,  1.000000)
(0.166667,  0.086731,  -0.480163),  (0.625000,  0.750000)
(-0.166667,  0.086731,  -0.480163),  (0.375000,  0.750000)
(-0.181545,  0.071246,  -0.500000),  (0.375000,  0.794634)
(-0.181545,  0.071246,  -0.500000),  (0.375000,  0.794634)
(0.181545,  0.071246,  -0.500000),  (0.625000,  0.794634)
(0.166667,  0.086731,  -0.480163),  (0.625000,  0.750000)
(0.166667,  0.201888,  0.444444),  (0.125000,  0.750000)
(0.166667,  0.201888,  0.480163),  (0.125000,  0.750000)
(0.166667,  0.086731,  0.480163),  (0.125000,  0.750000)
(0.166667,  0.086731,  0.480163),  (0.125000,  0.750000)
(0.166667,  0.086731,  0.444444),  (0.125000,  0.750000)
(0.166667,  0.201888,  0.444444),  (0.125000,  0.750000)
(0.166667,  0.201888,  -0.444444),  (0.625000,  0.750000)
(0.172613,  0.216828,  -0.434206),  (0.625000,  0.750000)
(0.166667,  0.216828,  -0.409487),  (0.634832,  0.750000)
(0.166667,  0.479746,  0.135659),  (0.865575,  0.750000)
(0.166667,  0.346925,  0.077778),  (0.789467,  0.750000)
(0.166667,  0.365686,  0.073971),  (0.791421,  0.750000)
(0.166667,  0.479746,  0.135659),  (0.865575,  0.750000)
(0.166667,  0.365686,  0.073971),  (0.791421,  0.750000)
(0.166667,  0.382610,  0.062924),  (0.789311,  0.750000)
(0.166667,  0.479746,  0.135659),  (0.865575,  0.750000)
(0.166667,  0.382610,  0.062924),  (0.789311,  0.750000)
(0.166667,  0.396042,  0.045717),  (0.782417,  0.750000)
(0.166667,  0.365686,  -0.073971),  (0.719271,  0.750000)
(0.166667,  0.346925,  -0.077778),  (0.719878,  0.750000)
(0.166667,  0.216828,  -0.409487),  (0.634832,  0.750000)
(0.166667,  0.382610,  -0.062924),  (0.722597,  0.750000)
(0.166667,  0.365686,  -0.073971),  (0.719271,  0.750000)
(0.166667,  0.216828,  -0.409487),  (0.634832,  0.750000)
(0.166667,  0.396042,  -0.045717),  (0.730456,  0.750000)
(0.166667,  0.382610,  -0.062924),  (0.722597,  0.750000)
(0.166667,  0.216828,  -0.409487),  (0.634832,  0.750000)
(0.166667,  0.396042,  -0.045717),  (0.730456,  0.750000)
(0.166667,  0.216828,  -0.409487),  (0.634832,  0.750000)
(0.166667,  0.479746,  -0.135659),  (0.653310,  0.750000)
(0.166667,  0.404665,  -0.024035),  (0.742455,  0.750000)
(0.166667,  0.396042,  -0.045717),  (0.730456,  0.750000)
(0.166667,  0.479746,  -0.135659),  (0.653310,  0.750000)
(0.166667,  0.407637,  -0.000000),  (0.756853,  0.750000)
(0.166667,  0.404665,  -0.024035),  (0.742455,  0.750000)
(0.166667,  0.479746,  -0.135659),  (0.653310,  0.750000)
(0.166667,  0.404665,  0.024035),  (0.771038,  0.750000)
(0.166667,  0.407637,  -0.000000),  (0.756853,  0.750000)
(0.166667,  0.479746,  -0.135659),  (0.653310,  0.750000)
(0.166667,  0.396042,  0.045717),  (0.782417,  0.750000)
(0.166667,  0.404665,  0.024035),  (0.771038,  0.750000)
(0.166667,  0.479746,  -0.135659),  (0.653310,  0.750000)
(0.166667,  0.479746,  0.135659),  (0.865575,  0.750000)
(0.166667,  0.396042,  0.045717),  (0.782417,  0.750000)
(0.166667,  0.479746,  -0.135659),  (0.653310,  0.750000)
(0.166667,  0.328164,  0.073971),  (0.784530,  0.750000)
(0.166667,  0.346925,  0.077778),  (0.789467,  0.750000)
(0.166667,  0.479746,  0.135659),  (0.865575,  0.750000)
(0.166667,  0.328164,  0.073971),  (0.784530,  0.750000)
(0.166667,  0.479746,  0.135659),  (0.865575,  0.750000)
(0.166667,  0.216828,  0.409487),  (0.865168,  0.750000)
(0.166667,  0.311239,  0.062924),  (0.777645,  0.750000)
(0.166667,  0.328164,  0.073971),  (0.784530,  0.750000)
(0.166667,  0.216828,  0.409487),  (0.865168,  0.750000)
(0.166667,  0.297808,  0.045717),  (0.769643,  0.750000)
(0.166667,  0.311239,  0.062924),  (0.777645,  0.750000)
(0.166667,  0.216828,  0.409487),  (0.865168,  0.750000)
(0.166667,  0.289184,  0.024035),  (0.761119,  0.750000)
(0.166667,  0.297808,  0.045717),  (0.769643,  0.750000)
(0.166667,  0.216828,  0.409487),  (0.865168,  0.750000)
(0.166667,  0.286213,  -0.000000),  (0.752492,  0.750000)
(0.166667,  0.289184,  0.024035),  (0.761119,  0.750000)
(0.166667,  0.216828,  0.409487),  (0.865168,  0.750000)
(0.166667,  0.289184,  -0.024035),  (0.744078,  0.750000)
(0.166667,  0.286213,  -0.000000),  (0.752492,  0.750000)
(0.166667,  0.216828,  0.409487),  (0.865168,  0.750000)
(0.166667,  0.289184,  -0.024035),  (0.744078,  0.750000)
(0.166667,  0.216828,  0.409487),  (0.865168,  0.750000)
(0.166667,  0.216828,  -0.409487),  (0.634832,  0.750000)
(0.166667,  0.297808,  -0.045717),  (0.736174,  0.750000)
(0.166667,  0.289184,  -0.024035),  (0.744078,  0.750000)
(0.166667,  0.216828,  -0.409487),  (0.634832,  0.750000)
(0.166667,  0.311239,  -0.062924),  (0.729136,  0.750000)
(0.166667,  0.297808,  -0.045717),  (0.736174,  0.750000)
(0.166667,  0.216828,  -0.409487),  (0.634832,  0.750000)
(0.166667,  0.328164,  -0.073971),  (0.723467,  0.750000)
(0.166667,  0.311239,  -0.062924),  (0.729136,  0.750000)
(0.166667,  0.216828,  -0.409487),  (0.634832,  0.750000)
(0.166667,  0.346925,  -0.077778),  (0.719878,  0.750000)
(0.166667,  0.328164,  -0.073971),  (0.723467,  0.750000)
(0.166667,  0.216828,  -0.409487),  (0.634832,  0.750000)
(0.166667,  0.201888,  0.444444),  (0.875000,  0.750000)
(0.166667,  0.216828,  0.409487),  (0.865168,  0.750000)
(0.172613,  0.216828,  0.434206),  (0.875000,  0.750000)
(-0.166667,  0.086731,  0.480163),  (0.375000,  0.500000)
(0.166667,  0.086731,  0.480163),  (0.625000,  0.500000)
(0.181545,  0.071246,  0.500000),  (0.625000,  0.446591)
(0.181545,  0.071246,  0.500000),  (0.625000,  0.446591)
(-0.181545,  0.071246,  0.500000),  (0.375000,  0.457273)
(-0.166667,  0.086731,  0.480163),  (0.375000,  0.500000)
(-0.186967,  0.216828,  -0.444444),  (0.625000,  0.750000)
(-0.186967,  0.216828,  -0.480163),  (0.625000,  0.750000)
(-0.166667,  0.201888,  -0.480163),  (0.625000,  0.750000)
(-0.166667,  0.201888,  -0.480163),  (0.625000,  0.750000)
(-0.166667,  0.201888,  -0.444444),  (0.625000,  0.750000)
(-0.186967,  0.216828,  -0.444444),  (0.625000,  0.750000)
(-0.166667,  0.086731,  -0.480163),  (0.375000,  0.750000)
(-0.166667,  0.201888,  -0.480163),  (0.375000,  0.750000)
(-0.181545,  0.193872,  -0.500000),  (0.375000,  0.750000)
(-0.181545,  0.193872,  -0.500000),  (0.375000,  0.750000)
(-0.181545,  0.071246,  -0.500000),  (0.375000,  0.794634)
(-0.166667,  0.086731,  -0.480163),  (0.375000,  0.750000)
(-0.166667,  0.201888,  0.444444),  (0.375000,  0.750000)
(-0.166667,  0.201888,  0.480163),  (0.375000,  0.750000)
(-0.186967,  0.216828,  0.480163),  (0.375000,  0.750000)
(-0.186967,  0.216828,  0.480163),  (0.375000,  0.750000)
(-0.186967,  0.216828,  0.444444),  (0.375000,  0.750000)
(-0.166667,  0.201888,  0.444444),  (0.375000,  0.750000)
(-0.166667,  0.086731,  0.480163),  (0.125000,  0.750000)
(-0.181545,  0.071246,  0.500000),  (0.125000,  0.750000)
(-0.181545,  0.193872,  0.500000),  (0.125000,  0.750000)
(-0.181545,  0.193872,  0.500000),  (0.125000,  0.750000)
(-0.166667,  0.201888,  0.480163),  (0.125000,  0.750000)
(-0.166667,  0.086731,  0.480163),  (0.125000,  0.750000)
(-0.166667,  0.201888,  0.444444),  (0.125000,  0.750000)
(-0.186967,  0.216828,  0.444444),  (0.125000,  0.750000)
(-0.172613,  0.216828,  0.434206),  (0.125000,  0.750000)
(-0.166667,  0.216828,  0.409487),  (0.134832,  0.750000)
(-0.172613,  0.216828,  0.434206),  (0.125000,  0.750000)
(-0.172573,  0.483260,  0.154368),  (0.141986,  0.750000)
(-0.172573,  0.483260,  0.154368),  (0.141986,  0.750000)
(-0.166667,  0.479746,  0.135659),  (0.153310,  0.750000)
(-0.166667,  0.216828,  0.409487),  (0.134832,  0.750000)
(-0.166667,  0.479746,  -0.135659),  (0.365575,  0.750000)
(-0.166667,  0.479746,  0.135659),  (0.153310,  0.750000)
(-0.172576,  0.493286,  0.127317),  (0.142946,  0.750000)
(-0.172576,  0.493286,  0.127317),  (0.142946,  0.750000)
(-0.172576,  0.493286,  -0.127317),  (0.357807,  0.750000)
(-0.166667,  0.479746,  -0.135659),  (0.365575,  0.750000)
(-0.166667,  0.216828,  -0.409487),  (0.365168,  0.750000)
(-0.166667,  0.479746,  -0.135659),  (0.365575,  0.750000)
(-0.172573,  0.483260,  -0.154368),  (0.369305,  0.750000)
(-0.172573,  0.483260,  -0.154368),  (0.369305,  0.750000)
(-0.172613,  0.216828,  -0.434206),  (0.375000,  0.750000)
(-0.166667,  0.216828,  -0.409487),  (0.365168,  0.750000)
(-0.166667,  0.201888,  -0.444444),  (0.375000,  0.750000)
(-0.172613,  0.216828,  -0.434206),  (0.375000,  0.750000)
(-0.186967,  0.216828,  -0.444444),  (0.375000,  0.750000)
(0.166667,  0.201888,  -0.444444),  (0.375000,  1.000000)
(0.166667,  0.201888,  -0.480163),  (0.375000,  1.000000)
(0.186967,  0.216828,  -0.480163),  (0.375000,  1.000000)
(0.186967,  0.216828,  -0.480163),  (0.375000,  1.000000)
(0.186967,  0.216828,  -0.444444),  (0.375000,  1.000000)
(0.166667,  0.201888,  -0.444444),  (0.375000,  1.000000)
(0.166667,  0.086731,  -0.480163),  (0.625000,  0.750000)
(0.181545,  0.071246,  -0.500000),  (0.625000,  0.794634)
(0.181545,  0.193872,  -0.500000),  (0.625000,  0.750000)
(0.181545,  0.193872,  -0.500000),  (0.625000,  0.750000)
(0.166667,  0.201888,  -0.480163),  (0.625000,  0.750000)
(0.166667,  0.086731,  -0.480163),  (0.625000,  0.750000)
(0.166667,  0.015485,  -0.500000),  (0.625000,  0.955366)
(0.181545,  0.071246,  -0.500000),  (0.625000,  0.794634)
(-0.181545,  0.071246,  -0.500000),  (0.375000,  0.794634)
(-0.181545,  0.071246,  -0.500000),  (0.375000,  0.794634)
(-0.166667,  0.015485,  -0.500000),  (0.375000,  0.955366)
(0.166667,  0.015485,  -0.500000),  (0.625000,  0.955366)
(0.186967,  0.216828,  0.444444),  (0.125000,  0.750000)
(0.186967,  0.216828,  0.480163),  (0.125000,  0.750000)
(0.166667,  0.201888,  0.480163),  (0.125000,  0.750000)
(0.166667,  0.201888,  0.480163),  (0.125000,  0.750000)
(0.166667,  0.201888,  0.444444),  (0.125000,  0.750000)
(0.186967,  0.216828,  0.444444),  (0.125000,  0.750000)
(0.166667,  0.086731,  0.480163),  (0.875000,  0.750000)
(0.166667,  0.201888,  0.480163),  (0.875000,  0.750000)
(0.181545,  0.193872,  0.500000),  (0.875000,  0.750000)
(0.181545,  0.193872,  0.500000),  (0.875000,  0.750000)
(0.181545,  0.071246,  0.500000),  (0.875000,  0.750000)
(0.166667,  0.086731,  0.480163),  (0.875000,  0.750000)
(0.166667,  0.201888,  -0.444444),  (0.625000,  0.750000)
(0.186967,  0.216828,  -0.444444),  (0.625000,  0.750000)
(0.172613,  0.216828,  -0.434206),  (0.625000,  0.750000)
(0.166667,  0.216828,  -0.409487),  (0.634832,  0.750000)
(0.172613,  0.216828,  -0.434206),  (0.625000,  0.750000)
(0.172573,  0.483260,  -0.154368),  (0.641986,  0.750000)
(0.172573,  0.483260,  -0.154368),  (0.641986,  0.750000)
(0.166667,  0.479746,  -0.135659),  (0.653310,  0.750000)
(0.166667,  0.216828,  -0.409487),  (0.634832,  0.750000)
(0.172576,  0.493286,  -0.127317),  (0.642946,  0.750000)
(0.172576,  0.493286,  0.127317),  (0.857807,  0.750000)
(0.166667,  0.479746,  0.135659),  (0.865575,  0.750000)
(0.166667,  0.479746,  0.135659),  (0.865575,  0.750000)
(0.166667,  0.479746,  -0.135659),  (0.653310,  0.750000)
(0.172576,  0.493286,  -0.127317),  (0.642946,  0.750000)
(0.166667,  0.216828,  0.409487),  (0.865168,  0.750000)
(0.166667,  0.479746,  0.135659),  (0.865575,  0.750000)
(0.172573,  0.483260,  0.154368),  (0.869305,  0.750000)
(0.172573,  0.483260,  0.154368),  (0.869305,  0.750000)
(0.172613,  0.216828,  0.434206),  (0.875000,  0.750000)
(0.166667,  0.216828,  0.409487),  (0.865168,  0.750000)
(0.166667,  0.201888,  0.444444),  (0.875000,  0.750000)
(0.172613,  0.216828,  0.434206),  (0.875000,  0.750000)
(0.186967,  0.216828,  0.444444),  (0.875000,  0.750000)
(0.181545,  0.071246,  0.500000),  (0.625000,  0.446591)
(0.166667,  0.015485,  0.500000),  (0.625000,  0.294634)
(-0.166667,  0.015485,  0.500000),  (0.375000,  0.294634)
(-0.166667,  0.015485,  0.500000),  (0.375000,  0.294634)
(-0.181545,  0.071246,  0.500000),  (0.375000,  0.457273)
(0.181545,  0.071246,  0.500000),  (0.625000,  0.446591)
(-0.229699,  0.216828,  -0.444444),  (0.625000,  0.750000)
(-0.229699,  0.216828,  -0.480163),  (0.625000,  0.750000)
(-0.186967,  0.216828,  -0.480163),  (0.625000,  0.750000)
(-0.186967,  0.216828,  -0.480163),  (0.625000,  0.750000)
(-0.186967,  0.216828,  -0.444444),  (0.625000,  0.750000)
(-0.229699,  0.216828,  -0.444444),  (0.625000,  0.750000)
(-0.181545,  0.193872,  -0.500000),  (0.375000,  0.750000)
(-0.166667,  0.201888,  -0.480163),  (0.375000,  0.750000)
(-0.186967,  0.216828,  -0.480163),  (0.375000,  0.750000)
(-0.186967,  0.216828,  -0.480163),  (0.375000,  0.750000)
(-0.191696,  0.201343,  -0.500000),  (0.375000,  0.750000)
(-0.181545,  0.193872,  -0.500000),  (0.375000,  0.750000)
(-0.181545,  0.071246,  -0.500000),  (0.375000,  0.794634)
(-0.181545,  0.193872,  -0.500000),  (0.375000,  0.750000)
(-0.191696,  0.201343,  -0.500000),  (0.375000,  0.750000)
(-0.191696,  0.201343,  -0.500000),  (0.375000,  0.750000)
(-0.224971,  0.201343,  -0.500000),  (0.375000,  0.750000)
(-0.235122,  0.193872,  -0.500000),  (0.375000,  0.750000)
(-0.181545,  0.071246,  -0.500000),  (0.375000,  0.794634)
(-0.191696,  0.201343,  -0.500000),  (0.375000,  0.750000)
(-0.235122,  0.193872,  -0.500000),  (0.375000,  0.750000)
(-0.235122,  0.086731,  -0.500000),  (0.375000,  0.750000)
(-0.181545,  0.071246,  -0.500000),  (0.375000,  0.794634)
(-0.235122,  0.193872,  -0.500000),  (0.375000,  0.750000)
(-0.186967,  0.216828,  0.444444),  (0.375000,  0.750000)
(-0.186967,  0.216828,  0.480163),  (0.375000,  0.750000)
(-0.229699,  0.216828,  0.480163),  (0.375000,  0.750000)
(-0.229699,  0.216828,  0.480163),  (0.375000,  0.750000)
(-0.229699,  0.216828,  0.444444),  (0.375000,  0.750000)
(-0.186967,  0.216828,  0.444444),  (0.375000,  0.750000)
(-0.186967,  0.216828,  0.480163),  (0.125000,  0.750000)
(-0.166667,  0.201888,  0.480163),  (0.125000,  0.750000)
(-0.181545,  0.193872,  0.500000),  (0.125000,  0.750000)
(-0.181545,  0.193872,  0.500000),  (0.125000,  0.750000)
(-0.191696,  0.201343,  0.500000),  (0.125000,  0.750000)
(-0.186967,  0.216828,  0.480163),  (0.125000,  0.750000)
(-0.235122,  0.086731,  0.500000),  (0.125000,  0.750000)
(-0.235122,  0.193872,  0.500000),  (0.125000,  0.750000)
(-0.224971,  0.201343,  0.500000),  (0.125000,  0.750000)
(-0.224971,  0.201343,  0.500000),  (0.125000,  0.750000)
(-0.191696,  0.201343,  0.500000),  (0.125000,  0.750000)
(-0.181545,  0.193872,  0.500000),  (0.125000,  0.750000)
(-0.235122,  0.086731,  0.500000),  (0.125000,  0.750000)
(-0.224971,  0.201343,  0.500000),  (0.125000,  0.750000)
(-0.181545,  0.193872,  0.500000),  (0.125000,  0.750000)
(-0.181545,  0.071246,  0.500000),  (0.125000,  0.750000)
(-0.235122,  0.086731,  0.500000),  (0.125000,  0.750000)
(-0.181545,  0.193872,  0.500000),  (0.125000,  0.750000)
(-0.172613,  0.216828,  0.434206),  (0.125000,  0.750000)
(-0.186967,  0.216828,  0.444444),  (0.125000,  0.750000)
(-0.187498,  0.486862,  0.161718),  (0.125000,  0.750000)
(-0.187498,  0.486862,  0.161718),  (0.125000,  0.750000)
(-0.172573,  0.483260,  0.154368),  (0.141986,  0.750000)
(-0.172613,  0.216828,  0.434206),  (0.125000,  0.750000)
(-0.172576,  0.493286,  -0.127317),  (0.357807,  0.750000)
(-0.172576,  0.493286,  0.127317),  (0.142946,  0.750000)
(-0.187498,  0.500000,  0.126227),  (0.143363,  0.750000)
(-0.187498,  0.500000,  0.126227),  (0.143363,  0.750000)
(-0.187498,  0.500000,  -0.126227),  (0.356637,  0.750000)
(-0.172576,  0.493286,  -0.127317),  (0.357807,  0.750000)
(-0.166667,  0.479746,  -0.135659),  (0.365575,  0.750000)
(-0.172576,  0.493286,  -0.127317),  (0.357807,  0.750000)
(-0.175270,  0.492712,  -0.143528),  (0.375000,  0.750000)
(-0.175270,  0.492712,  -0.143528),  (0.375000,  0.750000)
(-0.172573,  0.483260,  -0.154368),  (0.369305,  0.750000)
(-0.166667,  0.479746,  -0.135659),  (0.365575,  0.750000)
(-0.166667,  0.479746,  0.135659),  (0.153310,  0.750000)
(-0.172573,  0.483260,  0.154368),  (0.141986,  0.750000)
(-0.175270,  0.492712,  0.143528),  (0.125000,  0.750000)
(-0.175270,  0.492712,  0.143528),  (0.125000,  0.750000)
(-0.172576,  0.493286,  0.127317),  (0.142946,  0.750000)
(-0.166667,  0.479746,  0.135659),  (0.153310,  0.750000)
(-0.172613,  0.216828,  -0.434206),  (0.375000,  0.750000)
(-0.172573,  0.483260,  -0.154368),  (0.369305,  0.750000)
(-0.187498,  0.486862,  -0.161718),  (0.375000,  0.750000)
(-0.187498,  0.486862,  -0.161718),  (0.375000,  0.750000)
(-0.186967,  0.216828,  -0.444444),  (0.375000,  0.750000)
(-0.172613,  0.216828,  -0.434206),  (0.375000,  0.750000)
(0.186967,  0.216828,  -0.444444),  (0.375000,  1.000000)
(0.186967,  0.216828,  -0.480163),  (0.375000,  1.000000)
(0.229699,  0.216828,  -0.480163),  (0.375000,  0.750000)
(0.229699,  0.216828,  -0.480163),  (0.375000,  0.750000)
(0.229699,  0.216828,  -0.444444),  (0.375000,  0.750000)
(0.186967,  0.216828,  -0.444444),  (0.375000,  1.000000)
(0.186967,  0.216828,  -0.480163),  (0.625000,  0.750000)
(0.166667,  0.201888,  -0.480163),  (0.625000,  0.750000)
(0.181545,  0.193872,  -0.500000),  (0.625000,  0.750000)
(0.181545,  0.193872,  -0.500000),  (0.625000,  0.750000)
(0.191696,  0.201343,  -0.500000),  (0.625000,  0.750000)
(0.186967,  0.216828,  -0.480163),  (0.625000,  0.750000)
(0.235122,  0.086731,  -0.500000),  (0.625000,  0.750000)
(0.235122,  0.193872,  -0.500000),  (0.625000,  0.750000)
(0.224971,  0.201343,  -0.500000),  (0.625000,  0.750000)
(0.224971,  0.201343,  -0.500000),  (0.625000,  0.750000)
(0.191696,  0.201343,  -0.500000),  (0.625000,  0.750000)
(0.181545,  0.193872,  -0.500000),  (0.625000,  0.750000)
(0.235122,  0.086731,  -0.500000),  (0.625000,  0.750000)
(0.224971,  0.201343,  -0.500000),  (0.625000,  0.750000)
(0.181545,  0.193872,  -0.500000),  (0.625000,  0.750000)
(0.181545,  0.071246,  -0.500000),  (0.625000,  0.794634)
(0.235122,  0.086731,  -0.500000),  (0.625000,  0.750000)
(0.181545,  0.193872,  -0.500000),  (0.625000,  0.750000)
(-0.181545,  0.071246,  -0.500000),  (0.375000,  0.794634)
(-0.235122,  0.086731,  -0.500000),  (0.375000,  0.750000)
(-0.235122,  0.015485,  -0.500000),  (0.375000,  0.955366)
(-0.235122,  0.015485,  -0.500000),  (0.375000,  0.955366)
(-0.166667,  0.015485,  -0.500000),  (0.375000,  0.955366)
(-0.181545,  0.071246,  -0.500000),  (0.375000,  0.794634)
(-0.166667,  0.000000,  -0.480163),  (0.375000,  1.000000)
(0.166667,  0.000000,  -0.480163),  (0.625000,  1.000000)
(0.166667,  0.015485,  -0.500000),  (0.625000,  0.955366)
(0.166667,  0.015485,  -0.500000),  (0.625000,  0.955366)
(-0.166667,  0.015485,  -0.500000),  (0.375000,  0.955366)
(-0.166667,  0.000000,  -0.480163),  (0.375000,  1.000000)
(0.181545,  0.071246,  -0.500000),  (0.625000,  0.794634)
(0.166667,  0.015485,  -0.500000),  (0.625000,  0.955366)
(0.235122,  0.015485,  -0.500000),  (0.625000,  0.955366)
(0.235122,  0.015485,  -0.500000),  (0.625000,  0.955366)
(0.235122,  0.086731,  -0.500000),  (0.625000,  0.750000)
(0.181545,  0.071246,  -0.500000),  (0.625000,  0.794634)
(0.229699,  0.216828,  0.444444),  (0.125000,  0.750000)
(0.229699,  0.216828,  0.480163),  (0.125000,  0.750000)
(0.186967,  0.216828,  0.480163),  (0.125000,  0.750000)
(0.186967,  0.216828,  0.480163),  (0.125000,  0.750000)
(0.186967,  0.216828,  0.444444),  (0.125000,  0.750000)
(0.229699,  0.216828,  0.444444),  (0.125000,  0.750000)
(0.181545,  0.193872,  0.500000),  (0.875000,  0.750000)
(0.166667,  0.201888,  0.480163),  (0.875000,  0.750000)
(0.186967,  0.216828,  0.480163),  (0.875000,  0.750000)
(0.186967,  0.216828,  0.480163),  (0.875000,  0.750000)
(0.191696,  0.201343,  0.500000),  (0.875000,  0.750000)
(0.181545,  0.193872,  0.500000),  (0.875000,  0.750000)
(0.181545,  0.071246,  0.500000),  (0.875000,  0.750000)
(0.181545,  0.193872,  0.500000),  (0.875000,  0.750000)
(0.191696,  0.201343,  0.500000),  (0.875000,  0.750000)
(0.191696,  0.201343,  0.500000),  (0.875000,  0.750000)
(0.224971,  0.201343,  0.500000),  (0.875000,  0.750000)
(0.235122,  0.193872,  0.500000),  (0.875000,  0.750000)
(0.181545,  0.071246,  0.500000),  (0.875000,  0.750000)
(0.191696,  0.201343,  0.500000),  (0.875000,  0.750000)
(0.235122,  0.193872,  0.500000),  (0.875000,  0.750000)
(0.235122,  0.086731,  0.500000),  (0.875000,  0.750000)
(0.181545,  0.071246,  0.500000),  (0.875000,  0.750000)
(0.235122,  0.193872,  0.500000),  (0.875000,  0.750000)
(0.172613,  0.216828,  -0.434206),  (0.625000,  0.750000)
(0.186967,  0.216828,  -0.444444),  (0.625000,  0.750000)
(0.187498,  0.486862,  -0.161718),  (0.625000,  0.750000)
(0.187498,  0.486862,  -0.161718),  (0.625000,  0.750000)
(0.172573,  0.483260,  -0.154368),  (0.641986,  0.750000)
(0.172613,  0.216828,  -0.434206),  (0.625000,  0.750000)
(0.166667,  0.479746,  -0.135659),  (0.653310,  0.750000)
(0.172573,  0.483260,  -0.154368),  (0.641986,  0.750000)
(0.175270,  0.492712,  -0.143528),  (0.625000,  0.750000)
(0.175270,  0.492712,  -0.143528),  (0.625000,  0.750000)
(0.172576,  0.493286,  -0.127317),  (0.642946,  0.750000)
(0.166667,  0.479746,  -0.135659),  (0.653310,  0.750000)
(0.187498,  0.500000,  -0.126227),  (0.643363,  0.750000)
(0.187498,  0.500000,  0.126227),  (0.856637,  0.750000)
(0.172576,  0.493286,  0.127317),  (0.857807,  0.750000)
(0.172576,  0.493286,  0.127317),  (0.857807,  0.750000)
(0.172576,  0.493286,  -0.127317),  (0.642946,  0.750000)
(0.187498,  0.500000,  -0.126227),  (0.643363,  0.750000)
(0.166667,  0.479746,  0.135659),  (0.865575,  0.750000)
(0.172576,  0.493286,  0.127317),  (0.857807,  0.750000)
(0.175270,  0.492712,  0.143528),  (0.875000,  0.750000)
(0.175270,  0.492712,  0.143528),  (0.875000,  0.750000)
(0.172573,  0.483260,  0.154368),  (0.869305,  0.750000)
(0.166667,  0.479746,  0.135659),  (0.865575,  0.750000)
(0.172613,  0.216828,  0.434206),  (0.875000,  0.750000)
(0.172573,  0.483260,  0.154368),  (0.869305,  0.750000)
(0.187498,  0.486862,  0.161718),  (0.875000,  0.750000)
(0.187498,  0.486862,  0.161718),  (0.875000,  0.750000)
(0.186967,  0.216828,  0.444444),  (0.875000,  0.750000)
(0.172613,  0.216828,  0.434206),  (0.875000,  0.750000)
(-0.181545,  0.071246,  0.500000),  (0.125000,  0.794634)
(-0.166667,  0.015485,  0.500000),  (0.125000,  0.955366)
(-0.235122,  0.015485,  0.500000),  (0.125000,  0.955366)
(-0.235122,  0.015485,  0.500000),  (0.125000,  0.955366)
(-0.235122,  0.086731,  0.500000),  (0.125000,  0.750000)
(-0.181545,  0.071246,  0.500000),  (0.125000,  0.794634)
(0.181545,  0.071246,  0.500000),  (0.875000,  0.794634)
(0.235122,  0.086731,  0.500000),  (0.875000,  0.750000)
(0.235122,  0.015485,  0.500000),  (0.875000,  0.955366)
(0.235122,  0.015485,  0.500000),  (0.875000,  0.955366)
(0.166667,  0.015485,  0.500000),  (0.875000,  0.955366)
(0.181545,  0.071246,  0.500000),  (0.875000,  0.794634)
(0.166667,  0.000000,  0.480163),  (0.625000,  0.250000)
(-0.166667,  0.000000,  0.480163),  (0.375000,  0.250000)
(-0.166667,  0.015485,  0.500000),  (0.375000,  0.294634)
(-0.166667,  0.015485,  0.500000),  (0.375000,  0.294634)
(0.166667,  0.015485,  0.500000),  (0.625000,  0.294634)
(0.166667,  0.000000,  0.480163),  (0.625000,  0.250000)
(-0.229699,  0.216828,  -0.444444),  (0.375000,  0.750000)
(-0.186967,  0.216828,  -0.444444),  (0.375000,  0.750000)
(-0.187498,  0.486862,  -0.161718),  (0.375000,  0.750000)
(-0.187498,  0.486862,  -0.161718),  (0.375000,  0.750000)
(-0.229169,  0.486862,  -0.161718),  (0.375000,  0.750000)
(-0.229699,  0.216828,  -0.444444),  (0.375000,  0.750000)
(-0.250000,  0.201888,  -0.444444),  (0.625000,  0.750000)
(-0.250000,  0.201888,  -0.480163),  (0.625000,  0.750000)
(-0.229699,  0.216828,  -0.480163),  (0.625000,  0.750000)
(-0.229699,  0.216828,  -0.480163),  (0.625000,  0.750000)
(-0.229699,  0.216828,  -0.444444),  (0.625000,  0.750000)
(-0.250000,  0.201888,  -0.444444),  (0.625000,  0.750000)
(-0.186967,  0.216828,  -0.480163),  (0.375000,  0.750000)
(-0.229699,  0.216828,  -0.480163),  (0.375000,  0.750000)
(-0.224971,  0.201343,  -0.500000),  (0.375000,  0.750000)
(-0.224971,  0.201343,  -0.500000),  (0.375000,  0.750000)
(-0.191696,  0.201343,  -0.500000),  (0.375000,  0.750000)
(-0.186967,  0.216828,  -0.480163),  (0.375000,  0.750000)
(-0.250000,  0.086731,  -0.480163),  (0.375000,  0.750000)
(-0.235122,  0.086731,  -0.500000),  (0.375000,  0.750000)
(-0.235122,  0.193872,  -0.500000),  (0.375000,  0.750000)
(-0.235122,  0.193872,  -0.500000),  (0.375000,  0.750000)
(-0.250000,  0.201888,  -0.480163),  (0.375000,  0.750000)
(-0.250000,  0.086731,  -0.480163),  (0.375000,  0.750000)
(-0.229699,  0.216828,  -0.480163),  (0.375000,  0.750000)
(-0.250000,  0.201888,  -0.480163),  (0.375000,  0.750000)
(-0.235122,  0.193872,  -0.500000),  (0.375000,  0.750000)
(-0.235122,  0.193872,  -0.500000),  (0.375000,  0.750000)
(-0.224971,  0.201343,  -0.500000),  (0.375000,  0.750000)
(-0.229699,  0.216828,  -0.480163),  (0.375000,  0.750000)
(-0.229699,  0.216828,  0.444444),  (0.375000,  0.750000)
(-0.229699,  0.216828,  0.480163),  (0.375000,  0.750000)
(-0.250000,  0.201888,  0.480163),  (0.375000,  0.750000)
(-0.250000,  0.201888,  0.480163),  (0.375000,  0.750000)
(-0.250000,  0.201888,  0.444444),  (0.375000,  0.750000)
(-0.229699,  0.216828,  0.444444),  (0.375000,  0.750000)
(-0.186967,  0.216828,  0.444444),  (0.125000,  0.750000)
(-0.229699,  0.216828,  0.444444),  (0.125000,  0.750000)
(-0.229169,  0.486862,  0.161718),  (0.125000,  0.750000)
(-0.229169,  0.486862,  0.161718),  (0.125000,  0.750000)
(-0.187498,  0.486862,  0.161718),  (0.125000,  0.750000)
(-0.186967,  0.216828,  0.444444),  (0.125000,  0.750000)
(-0.229699,  0.216828,  0.480163),  (0.125000,  0.750000)
(-0.186967,  0.216828,  0.480163),  (0.125000,  0.750000)
(-0.191696,  0.201343,  0.500000),  (0.125000,  0.750000)
(-0.191696,  0.201343,  0.500000),  (0.125000,  0.750000)
(-0.224971,  0.201343,  0.500000),  (0.125000,  0.750000)
(-0.229699,  0.216828,  0.480163),  (0.125000,  0.750000)
(-0.250000,  0.086731,  0.480163),  (0.125000,  0.750000)
(-0.250000,  0.201888,  0.480163),  (0.125000,  0.750000)
(-0.235122,  0.193872,  0.500000),  (0.125000,  0.750000)
(-0.235122,  0.193872,  0.500000),  (0.125000,  0.750000)
(-0.235122,  0.086731,  0.500000),  (0.125000,  0.750000)
(-0.250000,  0.086731,  0.480163),  (0.125000,  0.750000)
(-0.235122,  0.193872,  0.500000),  (0.125000,  0.750000)
(-0.250000,  0.201888,  0.480163),  (0.125000,  0.750000)
(-0.229699,  0.216828,  0.480163),  (0.125000,  0.750000)
(-0.229699,  0.216828,  0.480163),  (0.125000,  0.750000)
(-0.224971,  0.201343,  0.500000),  (0.125000,  0.750000)
(-0.235122,  0.193872,  0.500000),  (0.125000,  0.750000)
(-0.187498,  0.500000,  0.126227),  (0.143363,  0.750000)
(-0.229169,  0.500000,  0.126227),  (0.143363,  0.750000)
(-0.229169,  0.500000,  -0.126227),  (0.356637,  0.750000)
(-0.229169,  0.500000,  -0.126227),  (0.356637,  0.750000)
(-0.187498,  0.500000,  -0.126227),  (0.356637,  0.750000)
(-0.187498,  0.500000,  0.126227),  (0.143363,  0.750000)
(-0.187498,  0.500000,  -0.126227),  (0.356637,  0.750000)
(-0.187504,  0.496549,  -0.145867),  (0.365072,  0.750000)
(-0.175270,  0.492712,  -0.143528),  (0.375000,  0.750000)
(-0.175270,  0.492712,  -0.143528),  (0.375000,  0.750000)
(-0.172576,  0.493286,  -0.127317),  (0.357807,  0.750000)
(-0.187498,  0.500000,  -0.126227),  (0.356637,  0.750000)
(-0.187498,  0.500000,  0.126227),  (0.143363,  0.750000)
(-0.172576,  0.493286,  0.127317),  (0.142946,  0.750000)
(-0.175270,  0.492712,  0.143528),  (0.125000,  0.750000)
(-0.175270,  0.492712,  0.143528),  (0.125000,  0.750000)
(-0.187504,  0.496549,  0.145867),  (0.134928,  0.750000)
(-0.187498,  0.500000,  0.126227),  (0.143363,  0.750000)
(0.229699,  0.216828,  -0.444444),  (0.625000,  0.750000)
(0.229699,  0.216828,  -0.480163),  (0.625000,  0.750000)
(0.250000,  0.201888,  -0.480163),  (0.625000,  1.000000)
(0.250000,  0.201888,  -0.480163),  (0.625000,  1.000000)
(0.250000,  0.201888,  -0.444444),  (0.625000,  1.000000)
(0.229699,  0.216828,  -0.444444),  (0.625000,  0.750000)
(0.186967,  0.216828,  -0.444444),  (0.625000,  0.750000)
(0.229699,  0.216828,  -0.444444),  (0.625000,  0.750000)
(0.229169,  0.486862,  -0.161718),  (0.625000,  0.750000)
(0.229169,  0.486862,  -0.161718),  (0.625000,  0.750000)
(0.187498,  0.486862,  -0.161718),  (0.625000,  0.750000)
(0.186967,  0.216828,  -0.444444),  (0.625000,  0.750000)
(0.229699,  0.216828,  -0.480163),  (0.625000,  0.750000)
(0.186967,  0.216828,  -0.480163),  (0.625000,  0.750000)
(0.191696,  0.201343,  -0.500000),  (0.625000,  0.750000)
(0.191696,  0.201343,  -0.500000),  (0.625000,  0.750000)
(0.224971,  0.201343,  -0.500000),  (0.625000,  0.750000)
(0.229699,  0.216828,  -0.480163),  (0.625000,  0.750000)
(0.250000,  0.086731,  -0.480163),  (0.625000,  0.750000)
(0.250000,  0.201888,  -0.480163),  (0.625000,  0.750000)
(0.235122,  0.193872,  -0.500000),  (0.625000,  0.750000)
(0.235122,  0.193872,  -0.500000),  (0.625000,  0.750000)
(0.235122,  0.086731,  -0.500000),  (0.625000,  0.750000)
(0.250000,  0.086731,  -0.480163),  (0.625000,  0.750000)
(0.235122,  0.193872,  -0.500000),  (0.625000,  0.750000)
(0.250000,  0.201888,  -0.480163),  (0.625000,  0.750000)
(0.229699,  0.216828,  -0.480163),  (0.625000,  0.750000)
(0.229699,  0.216828,  -0.480163),  (0.625000,  0.750000)
(0.224971,  0.201343,  -0.500000),  (0.625000,  0.750000)
(0.235122,  0.193872,  -0.500000),  (0.625000,  0.750000)
(-0.166667,  0.000000,  -0.480163),  (0.375000,  1.000000)
(-0.166667,  0.015485,  -0.500000),  (0.375000,  0.955366)
(-0.235122,  0.015485,  -0.500000),  (0.375000,  0.955366)
(-0.235122,  0.015485,  -0.500000),  (0.375000,  0.955366)
(-0.250000,  0.000000,  -0.480163),  (0.375000,  1.000000)
(-0.166667,  0.000000,  -0.480163),  (0.375000,  1.000000)
(-0.250000,  0.086731,  -0.480163),  (0.375000,  0.750000)
(-0.250000,  0.000000,  -0.480163),  (0.375000,  1.000000)
(-0.235122,  0.015485,  -0.500000),  (0.375000,  0.955366)
(-0.235122,  0.015485,  -0.500000),  (0.375000,  0.955366)
(-0.235122,  0.086731,  -0.500000),  (0.375000,  0.750000)
(-0.250000,  0.086731,  -0.480163),  (0.375000,  0.750000)
(0.166667,  0.000000,  -0.444444),  (0.625000,  1.000000)
(0.166667,  0.000000,  -0.480163),  (0.625000,  1.000000)
(-0.166667,  0.000000,  -0.480163),  (0.375000,  1.000000)
(-0.166667,  0.000000,  -0.480163),  (0.375000,  1.000000)
(-0.166667,  0.000000,  -0.444444),  (0.375000,  1.000000)
(0.166667,  0.000000,  -0.444444),  (0.625000,  1.000000)
(0.166667,  0.000000,  -0.480163),  (0.625000,  1.000000)
(0.250000,  0.000000,  -0.480163),  (0.625000,  1.000000)
(0.235122,  0.015485,  -0.500000),  (0.625000,  0.955366)
(0.235122,  0.015485,  -0.500000),  (0.625000,  0.955366)
(0.166667,  0.015485,  -0.500000),  (0.625000,  0.955366)
(0.166667,  0.000000,  -0.480163),  (0.625000,  1.000000)
(0.235122,  0.015485,  -0.500000),  (0.625000,  0.955366)
(0.250000,  0.000000,  -0.480163),  (0.625000,  1.000000)
(0.250000,  0.086731,  -0.480163),  (0.625000,  0.750000)
(0.250000,  0.086731,  -0.480163),  (0.625000,  0.750000)
(0.235122,  0.086731,  -0.500000),  (0.625000,  0.750000)
(0.235122,  0.015485,  -0.500000),  (0.625000,  0.955366)
(0.229699,  0.216828,  0.444444),  (0.875000,  0.750000)
(0.186967,  0.216828,  0.444444),  (0.875000,  0.750000)
(0.187498,  0.486862,  0.161718),  (0.875000,  0.750000)
(0.187498,  0.486862,  0.161718),  (0.875000,  0.750000)
(0.229169,  0.486862,  0.161718),  (0.875000,  0.750000)
(0.229699,  0.216828,  0.444444),  (0.875000,  0.750000)
(0.250000,  0.201888,  0.444444),  (0.125000,  0.750000)
(0.250000,  0.201888,  0.480163),  (0.125000,  0.750000)
(0.229699,  0.216828,  0.480163),  (0.125000,  0.750000)
(0.229699,  0.216828,  0.480163),  (0.125000,  0.750000)
(0.229699,  0.216828,  0.444444),  (0.125000,  0.750000)
(0.250000,  0.201888,  0.444444),  (0.125000,  0.750000)
(0.186967,  0.216828,  0.480163),  (0.875000,  0.750000)
(0.229699,  0.216828,  0.480163),  (0.875000,  0.750000)
(0.224971,  0.201343,  0.500000),  (0.875000,  0.750000)
(0.224971,  0.201343,  0.500000),  (0.875000,  0.750000)
(0.191696,  0.201343,  0.500000),  (0.875000,  0.750000)
(0.186967,  0.216828,  0.480163),  (0.875000,  0.750000)
(0.250000,  0.086731,  0.480163),  (0.875000,  0.750000)
(0.235122,  0.086731,  0.500000),  (0.875000,  0.750000)
(0.235122,  0.193872,  0.500000),  (0.875000,  0.750000)
(0.235122,  0.193872,  0.500000),  (0.875000,  0.750000)
(0.250000,  0.201888,  0.480163),  (0.875000,  0.750000)
(0.250000,  0.086731,  0.480163),  (0.875000,  0.750000)
(0.229699,  0.216828,  0.480163),  (0.875000,  0.750000)
(0.250000,  0.201888,  0.480163),  (0.875000,  0.750000)
(0.235122,  0.193872,  0.500000),  (0.875000,  0.750000)
(0.235122,  0.193872,  0.500000),  (0.875000,  0.750000)
(0.224971,  0.201343,  0.500000),  (0.875000,  0.750000)
(0.229699,  0.216828,  0.480163),  (0.875000,  0.750000)
(0.187498,  0.500000,  -0.126227),  (0.643363,  0.750000)
(0.172576,  0.493286,  -0.127317),  (0.642946,  0.750000)
(0.175270,  0.492712,  -0.143528),  (0.625000,  0.750000)
(0.175270,  0.492712,  -0.143528),  (0.625000,  0.750000)
(0.187504,  0.496549,  -0.145867),  (0.634928,  0.750000)
(0.187498,  0.500000,  -0.126227),  (0.643363,  0.750000)
(0.187498,  0.500000,  -0.126227),  (0.643363,  0.750000)
(0.229169,  0.500000,  -0.126227),  (0.643363,  0.750000)
(0.229169,  0.500000,  0.126227),  (0.856637,  0.750000)
(0.229169,  0.500000,  0.126227),  (0.856637,  0.750000)
(0.187498,  0.500000,  0.126227),  (0.856637,  0.750000)
(0.187498,  0.500000,  -0.126227),  (0.643363,  0.750000)
(0.187498,  0.500000,  0.126227),  (0.856637,  0.750000)
(0.187504,  0.496549,  0.145867),  (0.865072,  0.750000)
(0.175270,  0.492712,  0.143528),  (0.875000,  0.750000)
(0.175270,  0.492712,  0.143528),  (0.875000,  0.750000)
(0.172576,  0.493286,  0.127317),  (0.857807,  0.750000)
(0.187498,  0.500000,  0.126227),  (0.856637,  0.750000)
(-0.166667,  0.000000,  0.480163),  (0.125000,  1.000000)
(-0.250000,  0.000000,  0.480163),  (0.125000,  1.000000)
(-0.235122,  0.015485,  0.500000),  (0.125000,  0.955366)
(-0.235122,  0.015485,  0.500000),  (0.125000,  0.955366)
(-0.166667,  0.015485,  0.500000),  (0.125000,  0.955366)
(-0.166667,  0.000000,  0.480163),  (0.125000,  1.000000)
(-0.235122,  0.015485,  0.500000),  (0.125000,  0.955366)
(-0.250000,  0.000000,  0.480163),  (0.125000,  1.000000)
(-0.250000,  0.086731,  0.480163),  (0.125000,  0.750000)
(-0.250000,  0.086731,  0.480163),  (0.125000,  0.750000)
(-0.235122,  0.086731,  0.500000),  (0.125000,  0.750000)
(-0.235122,  0.015485,  0.500000),  (0.125000,  0.955366)
(0.166667,  0.000000,  0.480163),  (0.875000,  1.000000)
(0.166667,  0.015485,  0.500000),  (0.875000,  0.955366)
(0.235122,  0.015485,  0.500000),  (0.875000,  0.955366)
(0.235122,  0.015485,  0.500000),  (0.875000,  0.955366)
(0.250000,  0.000000,  0.480163),  (0.875000,  1.000000)
(0.166667,  0.000000,  0.480163),  (0.875000,  1.000000)
(0.250000,  0.086731,  0.480163),  (0.875000,  0.750000)
(0.250000,  0.000000,  0.480163),  (0.875000,  1.000000)
(0.235122,  0.015485,  0.500000),  (0.875000,  0.955366)
(0.235122,  0.015485,  0.500000),  (0.875000,  0.955366)
(0.235122,  0.086731,  0.500000),  (0.875000,  0.750000)
(0.250000,  0.086731,  0.480163),  (0.875000,  0.750000)
(-0.166667,  0.000000,  0.444444),  (0.875000,  0.750000)
(-0.166667,  0.000000,  0.480163),  (0.875000,  0.750000)
(0.166667,  0.000000,  0.480163),  (0.875000,  0.750000)
(0.166667,  0.000000,  0.480163),  (0.875000,  0.750000)
(0.166667,  0.000000,  0.444444),  (0.875000,  0.750000)
(-0.166667,  0.000000,  0.444444),  (0.875000,  0.750000)
(-0.187504,  0.496549,  -0.145867),  (0.365072,  0.750000)
(-0.229163,  0.496549,  -0.145867),  (0.365072,  0.750000)
(-0.229169,  0.486862,  -0.161718),  (0.375000,  0.750000)
(-0.229169,  0.486862,  -0.161718),  (0.375000,  0.750000)
(-0.187498,  0.486862,  -0.161718),  (0.375000,  0.750000)
(-0.187504,  0.496549,  -0.145867),  (0.365072,  0.750000)
(-0.229169,  0.486862,  -0.161718),  (0.375000,  0.750000)
(-0.244094,  0.483260,  -0.154368),  (0.358014,  0.750000)
(-0.244054,  0.216828,  -0.434206),  (0.375000,  0.750000)
(-0.244054,  0.216828,  -0.434206),  (0.375000,  0.750000)
(-0.229699,  0.216828,  -0.444444),  (0.375000,  0.750000)
(-0.229169,  0.486862,  -0.161718),  (0.375000,  0.750000)
(-0.250000,  0.201888,  -0.444444),  (0.375000,  0.750000)
(-0.229699,  0.216828,  -0.444444),  (0.375000,  0.750000)
(-0.244054,  0.216828,  -0.434206),  (0.375000,  0.750000)
(-0.250000,  0.086731,  -0.444444),  (0.625000,  0.750000)
(-0.250000,  0.086731,  -0.480163),  (0.625000,  0.750000)
(-0.250000,  0.201888,  -0.480163),  (0.625000,  0.750000)
(-0.250000,  0.201888,  -0.480163),  (0.625000,  0.750000)
(-0.250000,  0.201888,  -0.444444),  (0.625000,  0.750000)
(-0.250000,  0.086731,  -0.444444),  (0.625000,  0.750000)
(-0.250000,  0.201888,  0.444444),  (0.375000,  0.750000)
(-0.250000,  0.201888,  0.480163),  (0.375000,  0.750000)
(-0.250000,  0.086731,  0.480163),  (0.375000,  0.750000)
(-0.250000,  0.086731,  0.480163),  (0.375000,  0.750000)
(-0.250000,  0.086731,  0.444444),  (0.375000,  0.750000)
(-0.250000,  0.201888,  0.444444),  (0.375000,  0.750000)
(-0.250000,  0.201888,  0.444444),  (0.125000,  0.750000)
(-0.244054,  0.216828,  0.434206),  (0.125000,  0.750000)
(-0.229699,  0.216828,  0.444444),  (0.125000,  0.750000)
(-0.187498,  0.486862,  0.161718),  (0.125000,  0.750000)
(-0.229169,  0.486862,  0.161718),  (0.125000,  0.750000)
(-0.229163,  0.496549,  0.145867),  (0.134928,  0.750000)
(-0.229163,  0.496549,  0.145867),  (0.134928,  0.750000)
(-0.187504,  0.496549,  0.145867),  (0.134928,  0.750000)
(-0.187498,  0.486862,  0.161718),  (0.125000,  0.750000)
(-0.229169,  0.486862,  0.161718),  (0.125000,  0.750000)
(-0.229699,  0.216828,  0.444444),  (0.125000,  0.750000)
(-0.244054,  0.216828,  0.434206),  (0.125000,  0.750000)
(-0.244054,  0.216828,  0.434206),  (0.125000,  0.750000)
(-0.244094,  0.483260,  0.154368),  (0.130695,  0.750000)
(-0.229169,  0.486862,  0.161718),  (0.125000,  0.750000)
(-0.175270,  0.492712,  0.143528),  (0.125000,  0.750000)
(-0.172573,  0.483260,  0.154368),  (0.141986,  0.750000)
(-0.187498,  0.486862,  0.161718),  (0.125000,  0.750000)
(-0.187498,  0.486862,  0.161718),  (0.125000,  0.750000)
(-0.187504,  0.496549,  0.145867),  (0.134928,  0.750000)
(-0.175270,  0.492712,  0.143528),  (0.125000,  0.750000)
(-0.187498,  0.500000,  -0.126227),  (0.356637,  0.750000)
(-0.229169,  0.500000,  -0.126227),  (0.356637,  0.750000)
(-0.229163,  0.496549,  -0.145867),  (0.365072,  0.750000)
(-0.229163,  0.496549,  -0.145867),  (0.365072,  0.750000)
(-0.187504,  0.496549,  -0.145867),  (0.365072,  0.750000)
(-0.187498,  0.500000,  -0.126227),  (0.356637,  0.750000)
(-0.187504,  0.496549,  0.145867),  (0.134928,  0.750000)
(-0.229163,  0.496549,  0.145867),  (0.134928,  0.750000)
(-0.229169,  0.500000,  0.126227),  (0.143363,  0.750000)
(-0.229169,  0.500000,  0.126227),  (0.143363,  0.750000)
(-0.187498,  0.500000,  0.126227),  (0.143363,  0.750000)
(-0.187504,  0.496549,  0.145867),  (0.134928,  0.750000)
(-0.244091,  0.493286,  0.127317),  (0.142193,  0.750000)
(-0.244091,  0.493286,  -0.127317),  (0.357054,  0.750000)
(-0.229169,  0.500000,  -0.126227),  (0.356637,  0.750000)
(-0.229169,  0.500000,  -0.126227),  (0.356637,  0.750000)
(-0.229169,  0.500000,  0.126227),  (0.143363,  0.750000)
(-0.244091,  0.493286,  0.127317),  (0.142193,  0.750000)
(-0.187498,  0.486862,  -0.161718),  (0.375000,  0.750000)
(-0.172573,  0.483260,  -0.154368),  (0.369305,  0.750000)
(-0.175270,  0.492712,  -0.143528),  (0.375000,  0.750000)
(-0.175270,  0.492712,  -0.143528),  (0.375000,  0.750000)
(-0.187504,  0.496549,  -0.145867),  (0.365072,  0.750000)
(-0.187498,  0.486862,  -0.161718),  (0.375000,  0.750000)
(0.250000,  0.201888,  -0.444444),  (0.625000,  1.000000)
(0.250000,  0.201888,  -0.480163),  (0.625000,  1.000000)
(0.250000,  0.086731,  -0.480163),  (0.625000,  1.000000)
(0.250000,  0.086731,  -0.480163),  (0.625000,  1.000000)
(0.250000,  0.086731,  -0.444444),  (0.625000,  1.000000)
(0.250000,  0.201888,  -0.444444),  (0.625000,  1.000000)
(0.250000,  0.201888,  -0.444444),  (0.625000,  0.750000)
(0.244054,  0.216828,  -0.434206),  (0.625000,  0.750000)
(0.229699,  0.216828,  -0.444444),  (0.625000,  0.750000)
(0.187498,  0.486862,  -0.161718),  (0.625000,  0.750000)
(0.229169,  0.486862,  -0.161718),  (0.625000,  0.750000)
(0.229163,  0.496549,  -0.145867),  (0.634928,  0.750000)
(0.229163,  0.496549,  -0.145867),  (0.634928,  0.750000)
(0.187504,  0.496549,  -0.145867),  (0.634928,  0.750000)
(0.187498,  0.486862,  -0.161718),  (0.625000,  0.750000)
(0.229169,  0.486862,  -0.161718),  (0.625000,  0.750000)
(0.229699,  0.216828,  -0.444444),  (0.625000,  0.750000)
(0.244054,  0.216828,  -0.434206),  (0.625000,  0.750000)
(0.244054,  0.216828,  -0.434206),  (0.625000,  0.750000)
(0.244094,  0.483260,  -0.154368),  (0.630695,  0.750000)
(0.229169,  0.486862,  -0.161718),  (0.625000,  0.750000)
(-0.166667,  0.000000,  -0.444444),  (0.875000,  1.000000)
(-0.166667,  0.000000,  -0.480163),  (0.875000,  1.000000)
(-0.250000,  0.000000,  -0.480163),  (0.875000,  1.000000)
(-0.250000,  0.000000,  -0.480163),  (0.875000,  1.000000)
(-0.250000,  0.000000,  -0.444444),  (0.875000,  1.000000)
(-0.166667,  0.000000,  -0.444444),  (0.875000,  1.000000)
(-0.250000,  0.000000,  -0.444444),  (0.875000,  1.000000)
(-0.250000,  0.000000,  -0.480163),  (0.875000,  1.000000)
(-0.250000,  0.086731,  -0.480163),  (0.875000,  0.750000)
(-0.250000,  0.086731,  -0.480163),  (0.875000,  0.750000)
(-0.250000,  0.086731,  -0.444444),  (0.875000,  0.750000)
(-0.250000,  0.000000,  -0.444444),  (0.875000,  1.000000)
(0.166667,  0.000000,  0.444444),  (0.625000,  0.250000)
(0.166667,  0.000000,  -0.444444),  (0.625000,  0.000000)
(-0.166667,  0.000000,  -0.444444),  (0.375000,  0.000000)
(-0.166667,  0.000000,  -0.444444),  (0.375000,  0.000000)
(-0.166667,  0.000000,  0.444444),  (0.375000,  0.250000)
(0.166667,  0.000000,  0.444444),  (0.625000,  0.250000)
(0.250000,  0.000000,  -0.444444),  (0.625000,  0.500000)
(0.250000,  0.000000,  -0.480163),  (0.625000,  0.500000)
(0.166667,  0.000000,  -0.480163),  (0.375000,  0.500000)
(0.166667,  0.000000,  -0.480163),  (0.375000,  0.500000)
(0.166667,  0.000000,  -0.444444),  (0.375000,  0.500000)
(0.250000,  0.000000,  -0.444444),  (0.625000,  0.500000)
(0.250000,  0.086731,  -0.444444),  (0.375000,  0.250000)
(0.250000,  0.086731,  -0.480163),  (0.375000,  0.250000)
(0.250000,  0.000000,  -0.480163),  (0.625000,  0.250000)
(0.250000,  0.000000,  -0.480163),  (0.625000,  0.250000)
(0.250000,  0.000000,  -0.444444),  (0.625000,  0.250000)
(0.250000,  0.086731,  -0.444444),  (0.375000,  0.250000)
(0.187504,  0.496549,  0.145867),  (0.865072,  0.750000)
(0.229163,  0.496549,  0.145867),  (0.865072,  0.750000)
(0.229169,  0.486862,  0.161718),  (0.875000,  0.750000)
(0.229169,  0.486862,  0.161718),  (0.875000,  0.750000)
(0.187498,  0.486862,  0.161718),  (0.875000,  0.750000)
(0.187504,  0.496549,  0.145867),  (0.865072,  0.750000)
(0.229169,  0.486862,  0.161718),  (0.875000,  0.750000)
(0.244094,  0.483260,  0.154368),  (0.858014,  0.750000)
(0.244054,  0.216828,  0.434206),  (0.875000,  0.750000)
(0.244054,  0.216828,  0.434206),  (0.875000,  0.750000)
(0.229699,  0.216828,  0.444444),  (0.875000,  0.750000)
(0.229169,  0.486862,  0.161718),  (0.875000,  0.750000)
(0.250000,  0.201888,  0.444444),  (0.875000,  0.750000)
(0.229699,  0.216828,  0.444444),  (0.875000,  0.750000)
(0.244054,  0.216828,  0.434206),  (0.875000,  0.750000)
(0.250000,  0.086731,  0.444444),  (0.125000,  0.750000)
(0.250000,  0.086731,  0.480163),  (0.125000,  0.750000)
(0.250000,  0.201888,  0.480163),  (0.125000,  0.750000)
(0.250000,  0.201888,  0.480163),  (0.125000,  0.750000)
(0.250000,  0.201888,  0.444444),  (0.125000,  0.750000)
(0.250000,  0.086731,  0.444444),  (0.125000,  0.750000)
(0.175270,  0.492712,  -0.143528),  (0.625000,  0.750000)
(0.172573,  0.483260,  -0.154368),  (0.641986,  0.750000)
(0.187498,  0.486862,  -0.161718),  (0.625000,  0.750000)
(0.187498,  0.486862,  -0.161718),  (0.625000,  0.750000)
(0.187504,  0.496549,  -0.145867),  (0.634928,  0.750000)
(0.175270,  0.492712,  -0.143528),  (0.625000,  0.750000)
(0.187504,  0.496549,  -0.145867),  (0.634928,  0.750000)
(0.229163,  0.496549,  -0.145867),  (0.634928,  0.750000)
(0.229169,  0.500000,  -0.126227),  (0.643363,  0.750000)
(0.229169,  0.500000,  -0.126227),  (0.643363,  0.750000)
(0.187498,  0.500000,  -0.126227),  (0.643363,  0.750000)
(0.187504,  0.496549,  -0.145867),  (0.634928,  0.750000)
(0.187498,  0.500000,  0.126227),  (0.856637,  0.750000)
(0.229169,  0.500000,  0.126227),  (0.856637,  0.750000)
(0.229163,  0.496549,  0.145867),  (0.865072,  0.750000)
(0.229163,  0.496549,  0.145867),  (0.865072,  0.750000)
(0.187504,  0.496549,  0.145867),  (0.865072,  0.750000)
(0.187498,  0.500000,  0.126227),  (0.856637,  0.750000)
(0.244091,  0.493286,  -0.127317),  (0.642193,  0.750000)
(0.244091,  0.493286,  0.127317),  (0.857054,  0.750000)
(0.229169,  0.500000,  0.126227),  (0.856637,  0.750000)
(0.229169,  0.500000,  0.126227),  (0.856637,  0.750000)
(0.229169,  0.500000,  -0.126227),  (0.643363,  0.750000)
(0.244091,  0.493286,  -0.127317),  (0.642193,  0.750000)
(0.187498,  0.486862,  0.161718),  (0.875000,  0.750000)
(0.172573,  0.483260,  0.154368),  (0.869305,  0.750000)
(0.175270,  0.492712,  0.143528),  (0.875000,  0.750000)
(0.175270,  0.492712,  0.143528),  (0.875000,  0.750000)
(0.187504,  0.496549,  0.145867),  (0.865072,  0.750000)
(0.187498,  0.486862,  0.161718),  (0.875000,  0.750000)
(-0.250000,  0.000000,  0.444444),  (0.875000,  0.750000)
(-0.250000,  0.000000,  0.480163),  (0.875000,  0.750000)
(-0.166667,  0.000000,  0.480163),  (0.875000,  0.750000)
(-0.166667,  0.000000,  0.480163),  (0.875000,  0.750000)
(-0.166667,  0.000000,  0.444444),  (0.875000,  0.750000)
(-0.250000,  0.000000,  0.444444),  (0.875000,  0.750000)
(-0.250000,  0.086731,  0.444444),  (0.875000,  0.750000)
(-0.250000,  0.086731,  0.480163),  (0.875000,  0.750000)
(-0.250000,  0.000000,  0.480163),  (0.875000,  0.750000)
(-0.250000,  0.000000,  0.480163),  (0.875000,  0.750000)
(-0.250000,  0.000000,  0.444444),  (0.875000,  0.750000)
(-0.250000,  0.086731,  0.444444),  (0.875000,  0.750000)
(0.166667,  0.000000,  0.444444),  (0.875000,  0.750000)
(0.166667,  0.000000,  0.480163),  (0.875000,  0.750000)
(0.250000,  0.000000,  0.480163),  (0.875000,  0.750000)
(0.250000,  0.000000,  0.480163),  (0.875000,  0.750000)
(0.250000,  0.000000,  0.444444),  (0.875000,  0.750000)
(0.166667,  0.000000,  0.444444),  (0.875000,  0.750000)
(0.250000,  0.000000,  0.444444),  (0.875000,  0.750000)
(0.250000,  0.000000,  0.480163),  (0.875000,  0.750000)
(0.250000,  0.086731,  0.480163),  (0.875000,  0.750000)
(0.250000,  0.086731,  0.480163),  (0.875000,  0.750000)
(0.250000,  0.086731,  0.444444),  (0.875000,  0.750000)
(0.250000,  0.000000,  0.444444),  (0.875000,  0.750000)
(-0.229169,  0.486862,  -0.161718),  (0.375000,  0.750000)
(-0.229163,  0.496549,  -0.145867),  (0.365072,  0.750000)
(-0.241397,  0.492712,  -0.143528),  (0.375000,  0.750000)
(-0.241397,  0.492712,  -0.143528),  (0.375000,  0.750000)
(-0.244094,  0.483260,  -0.154368),  (0.358014,  0.750000)
(-0.229169,  0.486862,  -0.161718),  (0.375000,  0.750000)
(-0.250000,  0.201888,  -0.444444),  (0.375000,  0.750000)
(-0.244054,  0.216828,  -0.434206),  (0.375000,  0.750000)
(-0.250000,  0.216828,  -0.409487),  (0.365168,  0.750000)
(-0.250000,  0.086731,  -0.444444),  (0.375000,  0.750000)
(-0.250000,  0.201888,  -0.444444),  (0.375000,  0.750000)
(-0.250000,  0.216828,  -0.409487),  (0.365168,  0.750000)
(-0.250000,  0.216828,  -0.409487),  (0.365168,  0.750000)
(-0.250000,  0.216828,  0.409487),  (0.134831,  0.750000)
(-0.250000,  0.201888,  0.444444),  (0.125000,  0.750000)
(-0.250000,  0.086731,  -0.444444),  (0.375000,  0.750000)
(-0.250000,  0.216828,  -0.409487),  (0.365168,  0.750000)
(-0.250000,  0.201888,  0.444444),  (0.125000,  0.750000)
(-0.250000,  0.086731,  0.444444),  (0.125000,  0.750000)
(-0.250000,  0.086731,  -0.444444),  (0.375000,  0.750000)
(-0.250000,  0.201888,  0.444444),  (0.125000,  0.750000)
(-0.250000,  0.201888,  0.444444),  (0.125000,  0.750000)
(-0.250000,  0.216828,  0.409487),  (0.134831,  0.750000)
(-0.244054,  0.216828,  0.434206),  (0.125000,  0.750000)
(-0.241397,  0.492712,  0.143528),  (0.125000,  0.750000)
(-0.229163,  0.496549,  0.145867),  (0.134928,  0.750000)
(-0.229169,  0.486862,  0.161718),  (0.125000,  0.750000)
(-0.229169,  0.486862,  0.161718),  (0.125000,  0.750000)
(-0.244094,  0.483260,  0.154368),  (0.130695,  0.750000)
(-0.241397,  0.492712,  0.143528),  (0.125000,  0.750000)
(-0.229169,  0.500000,  -0.126227),  (0.356637,  0.750000)
(-0.244091,  0.493286,  -0.127317),  (0.357054,  0.750000)
(-0.241397,  0.492712,  -0.143528),  (0.375000,  0.750000)
(-0.241397,  0.492712,  -0.143528),  (0.375000,  0.750000)
(-0.229163,  0.496549,  -0.145867),  (0.365072,  0.750000)
(-0.229169,  0.500000,  -0.126227),  (0.356637,  0.750000)
(-0.229169,  0.500000,  0.126227),  (0.143363,  0.750000)
(-0.229163,  0.496549,  0.145867),  (0.134928,  0.750000)
(-0.241397,  0.492712,  0.143528),  (0.125000,  0.750000)
(-0.241397,  0.492712,  0.143528),  (0.125000,  0.750000)
(-0.244091,  0.493286,  0.127317),  (0.142193,  0.750000)
(-0.229169,  0.500000,  0.126227),  (0.143363,  0.750000)
(-0.250000,  0.479746,  0.135659),  (0.134425,  0.750000)
(-0.250000,  0.479746,  -0.135659),  (0.346690,  0.750000)
(-0.244091,  0.493286,  -0.127317),  (0.357054,  0.750000)
(-0.244091,  0.493286,  -0.127317),  (0.357054,  0.750000)
(-0.244091,  0.493286,  0.127317),  (0.142193,  0.750000)
(-0.250000,  0.479746,  0.135659),  (0.134425,  0.750000)
(0.250000,  0.086731,  0.444444),  (0.875000,  0.750000)
(0.250000,  0.201888,  0.444444),  (0.875000,  0.750000)
(0.250000,  0.216828,  0.409487),  (0.865168,  0.750000)
(0.250000,  0.216828,  0.409487),  (0.865168,  0.750000)
(0.250000,  0.216828,  -0.409487),  (0.634831,  0.750000)
(0.250000,  0.201888,  -0.444444),  (0.625000,  0.750000)
(0.250000,  0.086731,  0.444444),  (0.875000,  0.750000)
(0.250000,  0.216828,  0.409487),  (0.865168,  0.750000)
(0.250000,  0.201888,  -0.444444),  (0.625000,  0.750000)
(0.250000,  0.086731,  -0.444444),  (0.625000,  0.750000)
(0.250000,  0.086731,  0.444444),  (0.875000,  0.750000)
(0.250000,  0.201888,  -0.444444),  (0.625000,  0.750000)
(0.250000,  0.201888,  -0.444444),  (0.625000,  0.750000)
(0.250000,  0.216828,  -0.409487),  (0.634831,  0.750000)
(0.244054,  0.216828,  -0.434206),  (0.625000,  0.750000)
(0.241397,  0.492712,  -0.143528),  (0.625000,  0.750000)
(0.229163,  0.496549,  -0.145867),  (0.634928,  0.750000)
(0.229169,  0.486862,  -0.161718),  (0.625000,  0.750000)
(0.229169,  0.486862,  -0.161718),  (0.625000,  0.750000)
(0.244094,  0.483260,  -0.154368),  (0.630695,  0.750000)
(0.241397,  0.492712,  -0.143528),  (0.625000,  0.750000)
(-0.166667,  0.000000,  -0.444444),  (0.375000,  1.000000)
(-0.250000,  0.000000,  -0.444444),  (0.375000,  1.000000)
(-0.250000,  0.000000,  0.444444),  (0.125000,  1.000000)
(-0.250000,  0.000000,  0.444444),  (0.125000,  1.000000)
(-0.166667,  0.000000,  0.444444),  (0.125000,  1.000000)
(-0.166667,  0.000000,  -0.444444),  (0.375000,  1.000000)
(-0.250000,  0.000000,  -0.444444),  (0.375000,  1.000000)
(-0.250000,  0.086731,  -0.444444),  (0.375000,  0.750000)
(-0.250000,  0.086731,  0.444444),  (0.125000,  0.750000)
(-0.250000,  0.086731,  0.444444),  (0.125000,  0.750000)
(-0.250000,  0.000000,  0.444444),  (0.125000,  1.000000)
(-0.250000,  0.000000,  -0.444444),  (0.375000,  1.000000)
(0.166667,  0.000000,  0.444444),  (0.875000,  1.000000)
(0.250000,  0.000000,  0.444444),  (0.875000,  1.000000)
(0.250000,  0.000000,  -0.444444),  (0.625000,  1.000000)
(0.250000,  0.000000,  -0.444444),  (0.625000,  1.000000)
(0.166667,  0.000000,  -0.444444),  (0.625000,  1.000000)
(0.166667,  0.000000,  0.444444),  (0.875000,  1.000000)
(0.250000,  0.000000,  0.444444),  (0.875000,  1.000000)
(0.250000,  0.086731,  0.444444),  (0.875000,  0.750000)
(0.250000,  0.086731,  -0.444444),  (0.625000,  0.750000)
(0.250000,  0.086731,  -0.444444),  (0.625000,  0.750000)
(0.250000,  0.000000,  -0.444444),  (0.625000,  1.000000)
(0.250000,  0.000000,  0.444444),  (0.875000,  1.000000)
(0.229169,  0.486862,  0.161718),  (0.875000,  0.750000)
(0.229163,  0.496549,  0.145867),  (0.865072,  0.750000)
(0.241397,  0.492712,  0.143528),  (0.875000,  0.750000)
(0.241397,  0.492712,  0.143528),  (0.875000,  0.750000)
(0.244094,  0.483260,  0.154368),  (0.858014,  0.750000)
(0.229169,  0.486862,  0.161718),  (0.875000,  0.750000)
(0.250000,  0.201888,  0.444444),  (0.875000,  0.750000)
(0.244054,  0.216828,  0.434206),  (0.875000,  0.750000)
(0.250000,  0.216828,  0.409487),  (0.865168,  0.750000)
(0.229169,  0.500000,  -0.126227),  (0.643363,  0.750000)
(0.229163,  0.496549,  -0.145867),  (0.634928,  0.750000)
(0.241397,  0.492712,  -0.143528),  (0.625000,  0.750000)
(0.241397,  0.492712,  -0.143528),  (0.625000,  0.750000)
(0.244091,  0.493286,  -0.127317),  (0.642193,  0.750000)
(0.229169,  0.500000,  -0.126227),  (0.643363,  0.750000)
(0.229169,  0.500000,  0.126227),  (0.856637,  0.750000)
(0.244091,  0.493286,  0.127317),  (0.857054,  0.750000)
(0.241397,  0.492712,  0.143528),  (0.875000,  0.750000)
(0.241397,  0.492712,  0.143528),  (0.875000,  0.750000)
(0.229163,  0.496549,  0.145867),  (0.865072,  0.750000)
(0.229169,  0.500000,  0.126227),  (0.856637,  0.750000)
(0.250000,  0.479746,  -0.135659),  (0.634425,  0.750000)
(0.250000,  0.479746,  0.135659),  (0.846690,  0.750000)
(0.244091,  0.493286,  0.127317),  (0.857054,  0.750000)
(0.244091,  0.493286,  0.127317),  (0.857054,  0.750000)
(0.244091,  0.493286,  -0.127317),  (0.642193,  0.750000)
(0.250000,  0.479746,  -0.135659),  (0.634425,  0.750000)
(-0.241397,  0.492712,  -0.143528),  (0.375000,  0.750000)
(-0.244091,  0.493286,  -0.127317),  (0.357054,  0.750000)
(-0.250000,  0.479746,  -0.135659),  (0.346690,  0.750000)
(-0.250000,  0.479746,  -0.135659),  (0.346690,  0.750000)
(-0.244094,  0.483260,  -0.154368),  (0.358014,  0.750000)
(-0.241397,  0.492712,  -0.143528),  (0.375000,  0.750000)
(-0.244094,  0.483260,  -0.154368),  (0.358014,  0.750000)
(-0.250000,  0.479746,  -0.135659),  (0.346690,  0.750000)
(-0.250000,  0.216828,  -0.409487),  (0.365168,  0.750000)
(-0.250000,  0.216828,  -0.409487),  (0.365168,  0.750000)
(-0.244054,  0.216828,  -0.434206),  (0.375000,  0.750000)
(-0.244094,  0.483260,  -0.154368),  (0.358014,  0.750000)
(-0.250000,  0.479746,  0.135659),  (0.134425,  0.750000)
(-0.250000,  0.346925,  0.077778),  (0.210533,  0.750000)
(-0.250000,  0.365686,  0.073971),  (0.208579,  0.750000)
(-0.250000,  0.479746,  0.135659),  (0.134425,  0.750000)
(-0.250000,  0.365686,  0.073971),  (0.208579,  0.750000)
(-0.250000,  0.382610,  0.062924),  (0.210689,  0.750000)
(-0.250000,  0.479746,  0.135659),  (0.134425,  0.750000)
(-0.250000,  0.382610,  0.062924),  (0.210689,  0.750000)
(-0.250000,  0.396042,  0.045717),  (0.217583,  0.750000)
(-0.250000,  0.365686,  -0.073971),  (0.280729,  0.750000)
(-0.250000,  0.346925,  -0.077778),  (0.280122,  0.750000)
(-0.250000,  0.216828,  -0.409487),  (0.365168,  0.750000)
(-0.250000,  0.382610,  -0.062924),  (0.277403,  0.750000)
(-0.250000,  0.365686,  -0.073971),  (0.280729,  0.750000)
(-0.250000,  0.216828,  -0.409487),  (0.365168,  0.750000)
(-0.250000,  0.396042,  -0.045717),  (0.269544,  0.750000)
(-0.250000,  0.382610,  -0.062924),  (0.277403,  0.750000)
(-0.250000,  0.216828,  -0.409487),  (0.365168,  0.750000)
(-0.250000,  0.396042,  -0.045717),  (0.269544,  0.750000)
(-0.250000,  0.216828,  -0.409487),  (0.365168,  0.750000)
(-0.250000,  0.479746,  -0.135659),  (0.346690,  0.750000)
(-0.250000,  0.404665,  -0.024035),  (0.257545,  0.750000)
(-0.250000,  0.396042,  -0.045717),  (0.269544,  0.750000)
(-0.250000,  0.479746,  -0.135659),  (0.346690,  0.750000)
(-0.250000,  0.407637,  -0.000000),  (0.243147,  0.750000)
(-0.250000,  0.404665,  -0.024035),  (0.257545,  0.750000)
(-0.250000,  0.479746,  -0.135659),  (0.346690,  0.750000)
(-0.250000,  0.404665,  0.024035),  (0.228962,  0.750000)
(-0.250000,  0.407637,  -0.000000),  (0.243147,  0.750000)
(-0.250000,  0.479746,  -0.135659),  (0.346690,  0.750000)
(-0.250000,  0.396042,  0.045717),  (0.217583,  0.750000)
(-0.250000,  0.404665,  0.024035),  (0.228962,  0.750000)
(-0.250000,  0.479746,  -0.135659),  (0.346690,  0.750000)
(-0.250000,  0.479746,  0.135659),  (0.134425,  0.750000)
(-0.250000,  0.396042,  0.045717),  (0.217583,  0.750000)
(-0.250000,  0.479746,  -0.135659),  (0.346690,  0.750000)
(-0.250000,  0.328164,  0.073971),  (0.215470,  0.750000)
(-0.250000,  0.346925,  0.077778),  (0.210533,  0.750000)
(-0.250000,  0.479746,  0.135659),  (0.134425,  0.750000)
(-0.250000,  0.328164,  0.073971),  (0.215470,  0.750000)
(-0.250000,  0.479746,  0.135659),  (0.134425,  0.750000)
(-0.250000,  0.216828,  0.409487),  (0.134831,  0.750000)
(-0.250000,  0.311239,  0.062924),  (0.222354,  0.750000)
(-0.250000,  0.328164,  0.073971),  (0.215470,  0.750000)
(-0.250000,  0.216828,  0.409487),  (0.134831,  0.750000)
(-0.250000,  0.297808,  0.045717),  (0.230357,  0.750000)
(-0.250000,  0.311239,  0.062924),  (0.222354,  0.750000)
(-0.250000,  0.216828,  0.409487),  (0.134831,  0.750000)
(-0.250000,  0.289184,  0.024035),  (0.238880,  0.750000)
(-0.250000,  0.297808,  0.045717),  (0.230357,  0.750000)
(-0.250000,  0.216828,  0.409487),  (0.134831,  0.750000)
(-0.250000,  0.286213,  -0.000000),  (0.247508,  0.750000)
(-0.250000,  0.289184,  0.024035),  (0.238880,  0.750000)
(-0.250000,  0.216828,  0.409487),  (0.134831,  0.750000)
(-0.250000,  0.289184,  -0.024035),  (0.255922,  0.750000)
(-0.250000,  0.286213,  -0.000000),  (0.247508,  0.750000)
(-0.250000,  0.216828,  0.409487),  (0.134831,  0.750000)
(-0.250000,  0.289184,  -0.024035),  (0.255922,  0.750000)
(-0.250000,  0.216828,  0.409487),  (0.134831,  0.750000)
(-0.250000,  0.216828,  -0.409487),  (0.365168,  0.750000)
(-0.250000,  0.297808,  -0.045717),  (0.263826,  0.750000)
(-0.250000,  0.289184,  -0.024035),  (0.255922,  0.750000)
(-0.250000,  0.216828,  -0.409487),  (0.365168,  0.750000)
(-0.250000,  0.311239,  -0.062924),  (0.270864,  0.750000)
(-0.250000,  0.297808,  -0.045717),  (0.263826,  0.750000)
(-0.250000,  0.216828,  -0.409487),  (0.365168,  0.750000)
(-0.250000,  0.328164,  -0.073971),  (0.276533,  0.750000)
(-0.250000,  0.311239,  -0.062924),  (0.270864,  0.750000)
(-0.250000,  0.216828,  -0.409487),  (0.365168,  0.750000)
(-0.250000,  0.346925,  -0.077778),  (0.280122,  0.750000)
(-0.250000,  0.328164,  -0.073971),  (0.276533,  0.750000)
(-0.250000,  0.216828,  -0.409487),  (0.365168,  0.750000)
(-0.250000,  0.216828,  0.409487),  (0.134831,  0.750000)
(-0.250000,  0.479746,  0.135659),  (0.134425,  0.750000)
(-0.244094,  0.483260,  0.154368),  (0.130695,  0.750000)
(-0.244094,  0.483260,  0.154368),  (0.130695,  0.750000)
(-0.244054,  0.216828,  0.434206),  (0.125000,  0.750000)
(-0.250000,  0.216828,  0.409487),  (0.134831,  0.750000)
(-0.241397,  0.492712,  0.143528),  (0.125000,  0.750000)
(-0.244094,  0.483260,  0.154368),  (0.130695,  0.750000)
(-0.250000,  0.479746,  0.135659),  (0.134425,  0.750000)
(-0.250000,  0.479746,  0.135659),  (0.134425,  0.750000)
(-0.244091,  0.493286,  0.127317),  (0.142193,  0.750000)
(-0.241397,  0.492712,  0.143528),  (0.125000,  0.750000)
(0.250000,  0.216828,  0.409487),  (0.865168,  0.750000)
(0.250000,  0.479746,  0.135659),  (0.846690,  0.750000)
(0.250000,  0.346925,  0.077778),  (0.780122,  0.750000)
(0.250000,  0.216828,  0.409487),  (0.865168,  0.750000)
(0.250000,  0.346925,  0.077778),  (0.780122,  0.750000)
(0.250000,  0.328164,  0.073971),  (0.776533,  0.750000)
(0.250000,  0.216828,  0.409487),  (0.865168,  0.750000)
(0.250000,  0.328164,  0.073971),  (0.776533,  0.750000)
(0.250000,  0.311239,  0.062924),  (0.770864,  0.750000)
(0.250000,  0.216828,  0.409487),  (0.865168,  0.750000)
(0.250000,  0.311239,  0.062924),  (0.770864,  0.750000)
(0.250000,  0.297808,  0.045717),  (0.763826,  0.750000)
(0.250000,  0.216828,  0.409487),  (0.865168,  0.750000)
(0.250000,  0.297808,  0.045717),  (0.763826,  0.750000)
(0.250000,  0.289184,  0.024035),  (0.755922,  0.750000)
(0.250000,  0.216828,  -0.409487),  (0.634831,  0.750000)
(0.250000,  0.216828,  0.409487),  (0.865168,  0.750000)
(0.250000,  0.289184,  0.024035),  (0.755922,  0.750000)
(0.250000,  0.216828,  -0.409487),  (0.634831,  0.750000)
(0.250000,  0.289184,  0.024035),  (0.755922,  0.750000)
(0.250000,  0.286213,  -0.000000),  (0.747508,  0.750000)
(0.250000,  0.216828,  -0.409487),  (0.634831,  0.750000)
(0.250000,  0.286213,  -0.000000),  (0.747508,  0.750000)
(0.250000,  0.289184,  -0.024035),  (0.738880,  0.750000)
(0.250000,  0.216828,  -0.409487),  (0.634831,  0.750000)
(0.250000,  0.289184,  -0.024035),  (0.738880,  0.750000)
(0.250000,  0.297808,  -0.045717),  (0.730357,  0.750000)
(0.250000,  0.216828,  -0.409487),  (0.634831,  0.750000)
(0.250000,  0.297808,  -0.045717),  (0.730357,  0.750000)
(0.250000,  0.311239,  -0.062924),  (0.722355,  0.750000)
(0.250000,  0.216828,  -0.409487),  (0.634831,  0.750000)
(0.250000,  0.311239,  -0.062924),  (0.722355,  0.750000)
(0.250000,  0.328164,  -0.073971),  (0.715470,  0.750000)
(0.250000,  0.479746,  -0.135659),  (0.634425,  0.750000)
(0.250000,  0.216828,  -0.409487),  (0.634831,  0.750000)
(0.250000,  0.328164,  -0.073971),  (0.715470,  0.750000)
(0.250000,  0.479746,  -0.135659),  (0.634425,  0.750000)
(0.250000,  0.328164,  -0.073971),  (0.715470,  0.750000)
(0.250000,  0.346925,  -0.077778),  (0.710533,  0.750000)
(0.250000,  0.479746,  -0.135659),  (0.634425,  0.750000)
(0.250000,  0.346925,  -0.077778),  (0.710533,  0.750000)
(0.250000,  0.365686,  -0.073971),  (0.708579,  0.750000)
(0.250000,  0.479746,  -0.135659),  (0.634425,  0.750000)
(0.250000,  0.365686,  -0.073971),  (0.708579,  0.750000)
(0.250000,  0.382610,  -0.062924),  (0.710688,  0.750000)
(0.250000,  0.479746,  -0.135659),  (0.634425,  0.750000)
(0.250000,  0.382610,  -0.062924),  (0.710688,  0.750000)
(0.250000,  0.396042,  -0.045717),  (0.717583,  0.750000)
(0.250000,  0.365686,  0.073971),  (0.780729,  0.750000)
(0.250000,  0.346925,  0.077778),  (0.780122,  0.750000)
(0.250000,  0.479746,  0.135659),  (0.846690,  0.750000)
(0.250000,  0.382610,  0.062924),  (0.777403,  0.750000)
(0.250000,  0.365686,  0.073971),  (0.780729,  0.750000)
(0.250000,  0.479746,  0.135659),  (0.846690,  0.750000)
(0.250000,  0.396042,  0.045717),  (0.769544,  0.750000)
(0.250000,  0.382610,  0.062924),  (0.777403,  0.750000)
(0.250000,  0.479746,  0.135659),  (0.846690,  0.750000)
(0.250000,  0.404665,  0.024035),  (0.757545,  0.750000)
(0.250000,  0.396042,  0.045717),  (0.769544,  0.750000)
(0.250000,  0.479746,  0.135659),  (0.846690,  0.750000)
(0.250000,  0.407637,  -0.000000),  (0.743147,  0.750000)
(0.250000,  0.404665,  0.024035),  (0.757545,  0.750000)
(0.250000,  0.479746,  0.135659),  (0.846690,  0.750000)
(0.250000,  0.404665,  -0.024035),  (0.728962,  0.750000)
(0.250000,  0.407637,  -0.000000),  (0.743147,  0.750000)
(0.250000,  0.479746,  0.135659),  (0.846690,  0.750000)
(0.250000,  0.396042,  -0.045717),  (0.717583,  0.750000)
(0.250000,  0.404665,  -0.024035),  (0.728962,  0.750000)
(0.250000,  0.479746,  0.135659),  (0.846690,  0.750000)
(0.250000,  0.479746,  -0.135659),  (0.634425,  0.750000)
(0.250000,  0.396042,  -0.045717),  (0.717583,  0.750000)
(0.250000,  0.479746,  0.135659),  (0.846690,  0.750000)
(0.250000,  0.216828,  -0.409487),  (0.634831,  0.750000)
(0.250000,  0.479746,  -0.135659),  (0.634425,  0.750000)
(0.244094,  0.483260,  -0.154368),  (0.630695,  0.750000)
(0.244094,  0.483260,  -0.154368),  (0.630695,  0.750000)
(0.244054,  0.216828,  -0.434206),  (0.625000,  0.750000)
(0.250000,  0.216828,  -0.409487),  (0.634831,  0.750000)
(0.241397,  0.492712,  -0.143528),  (0.625000,  0.750000)
(0.244094,  0.483260,  -0.154368),  (0.630695,  0.750000)
(0.250000,  0.479746,  -0.135659),  (0.634425,  0.750000)
(0.250000,  0.479746,  -0.135659),  (0.634425,  0.750000)
(0.244091,  0.493286,  -0.127317),  (0.642193,  0.750000)
(0.241397,  0.492712,  -0.143528),  (0.625000,  0.750000)
(0.241397,  0.492712,  0.143528),  (0.875000,  0.750000)
(0.244091,  0.493286,  0.127317),  (0.857054,  0.750000)
(0.250000,  0.479746,  0.135659),  (0.846690,  0.750000)
(0.250000,  0.479746,  0.135659),  (0.846690,  0.750000)
(0.244094,  0.483260,  0.154368),  (0.858014,  0.750000)
(0.241397,  0.492712,  0.143528),  (0.875000,  0.750000)
(0.244094,  0.483260,  0.154368),  (0.858014,  0.750000)
(0.250000,  0.479746,  0.135659),  (0.846690,  0.750000)
(0.250000,  0.216828,  0.409487),  (0.865168,  0.750000)
(0.250000,  0.216828,  0.409487),  (0.865168,  0.750000)
(0.244054,  0.216828,  0.434206),  (0.875000,  0.750000)
(0.244094,  0.483260,  0.154368),  (0.858014,  0.750000)
(0.250000,  0.404665,  0.024035),  (0.375000,  0.681436)
(0.166667,  0.404665,  0.024035),  (0.375000,  0.620801)
(0.166667,  0.396042,  0.045717),  (0.387500,  0.620801)
(0.166667,  0.396042,  0.045717),  (0.387500,  0.620801)
(0.250000,  0.396042,  0.045717),  (0.387500,  0.681436)
(0.250000,  0.404665,  0.024035),  (0.375000,  0.681436)
(0.250000,  0.396042,  0.045717),  (0.387500,  0.681436)
(0.166667,  0.396042,  0.045717),  (0.387500,  0.620801)
(0.166667,  0.382610,  0.062924),  (0.400000,  0.620801)
(0.166667,  0.382610,  0.062924),  (0.400000,  0.620801)
(0.250000,  0.382610,  0.062924),  (0.400000,  0.681436)
(0.250000,  0.396042,  0.045717),  (0.387500,  0.681436)
(0.250000,  0.407637,  -0.000000),  (0.612500,  0.681436)
(0.166667,  0.407637,  -0.000000),  (0.612500,  0.620801)
(0.166667,  0.404665,  0.024035),  (0.625000,  0.620801)
(0.166667,  0.404665,  0.024035),  (0.625000,  0.620801)
(0.250000,  0.404665,  0.024035),  (0.625000,  0.681436)
(0.250000,  0.407637,  -0.000000),  (0.612500,  0.681436)
(0.250000,  0.382610,  0.062924),  (0.400000,  0.681436)
(0.166667,  0.382610,  0.062924),  (0.400000,  0.620801)
(0.166667,  0.365686,  0.073971),  (0.412500,  0.620801)
(0.166667,  0.365686,  0.073971),  (0.412500,  0.620801)
(0.250000,  0.365686,  0.073971),  (0.412500,  0.681436)
(0.250000,  0.382610,  0.062924),  (0.400000,  0.681436)
(0.250000,  0.404665,  -0.024035),  (0.600000,  0.681436)
(0.166667,  0.404665,  -0.024035),  (0.600000,  0.620801)
(0.166667,  0.407637,  -0.000000),  (0.612500,  0.620801)
(0.166667,  0.407637,  -0.000000),  (0.612500,  0.620801)
(0.250000,  0.407637,  -0.000000),  (0.612500,  0.681436)
(0.250000,  0.404665,  -0.024035),  (0.600000,  0.681436)
(0.250000,  0.365686,  0.073971),  (0.412500,  0.681436)
(0.166667,  0.365686,  0.073971),  (0.412500,  0.620801)
(0.166667,  0.346925,  0.077778),  (0.425000,  0.620801)
(0.166667,  0.346925,  0.077778),  (0.425000,  0.620801)
(0.250000,  0.346925,  0.077778),  (0.425000,  0.681436)
(0.250000,  0.365686,  0.073971),  (0.412500,  0.681436)
(0.250000,  0.396042,  -0.045717),  (0.587500,  0.681436)
(0.166667,  0.396042,  -0.045717),  (0.587500,  0.620801)
(0.166667,  0.404665,  -0.024035),  (0.600000,  0.620801)
(0.166667,  0.404665,  -0.024035),  (0.600000,  0.620801)
(0.250000,  0.404665,  -0.024035),  (0.600000,  0.681436)
(0.250000,  0.396042,  -0.045717),  (0.587500,  0.681436)
(0.250000,  0.346925,  0.077778),  (0.425000,  0.681436)
(0.166667,  0.346925,  0.077778),  (0.425000,  0.620801)
(0.166667,  0.328164,  0.073971),  (0.437500,  0.620801)
(0.166667,  0.328164,  0.073971),  (0.437500,  0.620801)
(0.250000,  0.328164,  0.073971),  (0.437500,  0.681436)
(0.250000,  0.346925,  0.077778),  (0.425000,  0.681436)
(0.250000,  0.382610,  -0.062924),  (0.575000,  0.681436)
(0.166667,  0.382610,  -0.062924),  (0.575000,  0.620801)
(0.166667,  0.396042,  -0.045717),  (0.587500,  0.620801)
(0.166667,  0.396042,  -0.045717),  (0.587500,  0.620801)
(0.250000,  0.396042,  -0.045717),  (0.587500,  0.681436)
(0.250000,  0.382610,  -0.062924),  (0.575000,  0.681436)
(0.250000,  0.328164,  0.073971),  (0.437500,  0.681436)
(0.166667,  0.328164,  0.073971),  (0.437500,  0.620801)
(0.166667,  0.311239,  0.062924),  (0.450000,  0.620801)
(0.166667,  0.311239,  0.062924),  (0.450000,  0.620801)
(0.250000,  0.311239,  0.062924),  (0.450000,  0.681436)
(0.250000,  0.328164,  0.073971),  (0.437500,  0.681436)
(0.250000,  0.365686,  -0.073971),  (0.562500,  0.681436)
(0.166667,  0.365686,  -0.073971),  (0.562500,  0.620801)
(0.166667,  0.382610,  -0.062924),  (0.575000,  0.620801)
(0.166667,  0.382610,  -0.062924),  (0.575000,  0.620801)
(0.250000,  0.382610,  -0.062924),  (0.575000,  0.681436)
(0.250000,  0.365686,  -0.073971),  (0.562500,  0.681436)
(0.250000,  0.311239,  0.062924),  (0.450000,  0.681436)
(0.166667,  0.311239,  0.062924),  (0.450000,  0.620801)
(0.166667,  0.297808,  0.045717),  (0.462500,  0.620801)
(0.166667,  0.297808,  0.045717),  (0.462500,  0.620801)
(0.250000,  0.297808,  0.045717),  (0.462500,  0.681436)
(0.250000,  0.311239,  0.062924),  (0.450000,  0.681436)
(0.250000,  0.346925,  -0.077778),  (0.550000,  0.681436)
(0.166667,  0.346925,  -0.077778),  (0.550000,  0.620801)
(0.166667,  0.365686,  -0.073971),  (0.562500,  0.620801)
(0.166667,  0.365686,  -0.073971),  (0.562500,  0.620801)
(0.250000,  0.365686,  -0.073971),  (0.562500,  0.681436)
(0.250000,  0.346925,  -0.077778),  (0.550000,  0.681436)
(0.250000,  0.297808,  0.045717),  (0.462500,  0.681436)
(0.166667,  0.297808,  0.045717),  (0.462500,  0.620801)
(0.166667,  0.289184,  0.024035),  (0.475000,  0.620801)
(0.166667,  0.289184,  0.024035),  (0.475000,  0.620801)
(0.250000,  0.289184,  0.024035),  (0.475000,  0.681436)
(0.250000,  0.297808,  0.045717),  (0.462500,  0.681436)
(0.250000,  0.328164,  -0.073971),  (0.537500,  0.681436)
(0.166667,  0.328164,  -0.073971),  (0.537500,  0.620801)
(0.166667,  0.346925,  -0.077778),  (0.550000,  0.620801)
(0.166667,  0.346925,  -0.077778),  (0.550000,  0.620801)
(0.250000,  0.346925,  -0.077778),  (0.550000,  0.681436)
(0.250000,  0.328164,  -0.073971),  (0.537500,  0.681436)
(0.250000,  0.289184,  0.024035),  (0.475000,  0.681436)
(0.166667,  0.289184,  0.024035),  (0.475000,  0.620801)
(0.166667,  0.286213,  -0.000000),  (0.487500,  0.620801)
(0.166667,  0.286213,  -0.000000),  (0.487500,  0.620801)
(0.250000,  0.286213,  -0.000000),  (0.487500,  0.681436)
(0.250000,  0.289184,  0.024035),  (0.475000,  0.681436)
(0.250000,  0.311239,  -0.062924),  (0.525000,  0.681436)
(0.166667,  0.311239,  -0.062924),  (0.525000,  0.620801)
(0.166667,  0.328164,  -0.073971),  (0.537500,  0.620801)
(0.166667,  0.328164,  -0.073971),  (0.537500,  0.620801)
(0.250000,  0.328164,  -0.073971),  (0.537500,  0.681436)
(0.250000,  0.311239,  -0.062924),  (0.525000,  0.681436)
(0.250000,  0.286213,  -0.000000),  (0.487500,  0.681436)
(0.166667,  0.286213,  -0.000000),  (0.487500,  0.620801)
(0.166667,  0.289184,  -0.024035),  (0.500000,  0.620801)
(0.166667,  0.289184,  -0.024035),  (0.500000,  0.620801)
(0.250000,  0.289184,  -0.024035),  (0.500000,  0.681436)
(0.250000,  0.286213,  -0.000000),  (0.487500,  0.681436)
(0.250000,  0.297808,  -0.045717),  (0.512500,  0.681436)
(0.166667,  0.297808,  -0.045717),  (0.512500,  0.620801)
(0.166667,  0.311239,  -0.062924),  (0.525000,  0.620801)
(0.166667,  0.311239,  -0.062924),  (0.525000,  0.620801)
(0.250000,  0.311239,  -0.062924),  (0.525000,  0.681436)
(0.250000,  0.297808,  -0.045717),  (0.512500,  0.681436)
(0.250000,  0.289184,  -0.024035),  (0.500000,  0.681436)
(0.166667,  0.289184,  -0.024035),  (0.500000,  0.620801)
(0.166667,  0.297808,  -0.045717),  (0.512500,  0.620801)
(0.166667,  0.297808,  -0.045717),  (0.512500,  0.620801)
(0.250000,  0.297808,  -0.045717),  (0.512500,  0.681436)
(0.250000,  0.289184,  -0.024035),  (0.500000,  0.681436)
(-0.166667,  0.404665,  0.024035),  (0.375000,  0.378259)
(-0.250000,  0.404665,  0.024035),  (0.375000,  0.317624)
(-0.250000,  0.396042,  0.045717),  (0.387500,  0.317624)
(-0.250000,  0.396042,  0.045717),  (0.387500,  0.317624)
(-0.166667,  0.396042,  0.045717),  (0.387500,  0.378259)
(-0.166667,  0.404665,  0.024035),  (0.375000,  0.378259)
(-0.166667,  0.396042,  0.045717),  (0.387500,  0.378259)
(-0.250000,  0.396042,  0.045717),  (0.387500,  0.317624)
(-0.250000,  0.382610,  0.062924),  (0.400000,  0.317624)
(-0.250000,  0.382610,  0.062924),  (0.400000,  0.317624)
(-0.166667,  0.382610,  0.062924),  (0.400000,  0.378259)
(-0.166667,  0.396042,  0.045717),  (0.387500,  0.378259)
(-0.166667,  0.407637,  -0.000000),  (0.612500,  0.378259)
(-0.250000,  0.407637,  -0.000000),  (0.612500,  0.317624)
(-0.250000,  0.404665,  0.024035),  (0.625000,  0.317624)
(-0.250000,  0.404665,  0.024035),  (0.625000,  0.317624)
(-0.166667,  0.404665,  0.024035),  (0.625000,  0.378259)
(-0.166667,  0.407637,  -0.000000),  (0.612500,  0.378259)
(-0.166667,  0.382610,  0.062924),  (0.400000,  0.378259)
(-0.250000,  0.382610,  0.062924),  (0.400000,  0.317624)
(-0.250000,  0.365686,  0.073971),  (0.412500,  0.317624)
(-0.250000,  0.365686,  0.073971),  (0.412500,  0.317624)
(-0.166667,  0.365686,  0.073971),  (0.412500,  0.378259)
(-0.166667,  0.382610,  0.062924),  (0.400000,  0.378259)
(-0.166667,  0.404665,  -0.024035),  (0.600000,  0.378259)
(-0.250000,  0.404665,  -0.024035),  (0.600000,  0.317624)
(-0.250000,  0.407637,  -0.000000),  (0.612500,  0.317624)
(-0.250000,  0.407637,  -0.000000),  (0.612500,  0.317624)
(-0.166667,  0.407637,  -0.000000),  (0.612500,  0.378259)
(-0.166667,  0.404665,  -0.024035),  (0.600000,  0.378259)
(-0.166667,  0.365686,  0.073971),  (0.412500,  0.378259)
(-0.250000,  0.365686,  0.073971),  (0.412500,  0.317624)
(-0.250000,  0.346925,  0.077778),  (0.425000,  0.317624)
(-0.250000,  0.346925,  0.077778),  (0.425000,  0.317624)
(-0.166667,  0.346925,  0.077778),  (0.425000,  0.378259)
(-0.166667,  0.365686,  0.073971),  (0.412500,  0.378259)
(-0.166667,  0.396042,  -0.045717),  (0.587500,  0.378259)
(-0.250000,  0.396042,  -0.045717),  (0.587500,  0.317624)
(-0.250000,  0.404665,  -0.024035),  (0.600000,  0.317624)
(-0.250000,  0.404665,  -0.024035),  (0.600000,  0.317624)
(-0.166667,  0.404665,  -0.024035),  (0.600000,  0.378259)
(-0.166667,  0.396042,  -0.045717),  (0.587500,  0.378259)
(-0.166667,  0.346925,  0.077778),  (0.425000,  0.378259)
(-0.250000,  0.346925,  0.077778),  (0.425000,  0.317624)
(-0.250000,  0.328164,  0.073971),  (0.437500,  0.317624)
(-0.250000,  0.328164,  0.073971),  (0.437500,  0.317624)
(-0.166667,  0.328164,  0.073971),  (0.437500,  0.378259)
(-0.166667,  0.346925,  0.077778),  (0.425000,  0.378259)
(-0.166667,  0.382610,  -0.062924),  (0.575000,  0.378259)
(-0.250000,  0.382610,  -0.062924),  (0.575000,  0.317624)
(-0.250000,  0.396042,  -0.045717),  (0.587500,  0.317624)
(-0.250000,  0.396042,  -0.045717),  (0.587500,  0.317624)
(-0.166667,  0.396042,  -0.045717),  (0.587500,  0.378259)
(-0.166667,  0.382610,  -0.062924),  (0.575000,  0.378259)
(-0.166667,  0.328164,  0.073971),  (0.437500,  0.378259)
(-0.250000,  0.328164,  0.073971),  (0.437500,  0.317624)
(-0.250000,  0.311239,  0.062924),  (0.450000,  0.317624)
(-0.250000,  0.311239,  0.062924),  (0.450000,  0.317624)
(-0.166667,  0.311239,  0.062924),  (0.450000,  0.378259)
(-0.166667,  0.328164,  0.073971),  (0.437500,  0.378259)
(-0.166667,  0.365686,  -0.073971),  (0.562500,  0.378259)
(-0.250000,  0.365686,  -0.073971),  (0.562500,  0.317624)
(-0.250000,  0.382610,  -0.062924),  (0.575000,  0.317624)
(-0.250000,  0.382610,  -0.062924),  (0.575000,  0.317624)
(-0.166667,  0.382610,  -0.062924),  (0.575000,  0.378259)
(-0.166667,  0.365686,  -0.073971),  (0.562500,  0.378259)
(-0.166667,  0.311239,  0.062924),  (0.450000,  0.378259)
(-0.250000,  0.311239,  0.062924),  (0.450000,  0.317624)
(-0.250000,  0.297808,  0.045717),  (0.462500,  0.317624)
(-0.250000,  0.297808,  0.045717),  (0.462500,  0.317624)
(-0.166667,  0.297808,  0.045717),  (0.462500,  0.378259)
(-0.166667,  0.311239,  0.062924),  (0.450000,  0.378259)
(-0.166667,  0.346925,  -0.077778),  (0.550000,  0.378259)
(-0.250000,  0.346925,  -0.077778),  (0.550000,  0.317624)
(-0.250000,  0.365686,  -0.073971),  (0.562500,  0.317624)
(-0.250000,  0.365686,  -0.073971),  (0.562500,  0.317624)
(-0.166667,  0.365686,  -0.073971),  (0.562500,  0.378259)
(-0.166667,  0.346925,  -0.077778),  (0.550000,  0.378259)
(-0.166667,  0.297808,  0.045717),  (0.462500,  0.378259)
(-0.250000,  0.297808,  0.045717),  (0.462500,  0.317624)
(-0.250000,  0.289184,  0.024035),  (0.475000,  0.317624)
(-0.250000,  0.289184,  0.024035),  (0.475000,  0.317624)
(-0.166667,  0.289184,  0.024035),  (0.475000,  0.378259)
(-0.166667,  0.297808,  0.045717),  (0.462500,  0.378259)
(-0.166667,  0.328164,  -0.073971),  (0.537500,  0.378259)
(-0.250000,  0.328164,  -0.073971),  (0.537500,  0.317624)
(-0.250000,  0.346925,  -0.077778),  (0.550000,  0.317624)
(-0.250000,  0.346925,  -0.077778),  (0.550000,  0.317624)
(-0.166667,  0.346925,  -0.077778),  (0.550000,  0.378259)
(-0.166667,  0.328164,  -0.073971),  (0.537500,  0.378259)
(-0.166667,  0.289184,  0.024035),  (0.475000,  0.378259)
(-0.250000,  0.289184,  0.024035),  (0.475000,  0.317624)
(-0.250000,  0.286213,  -0.000000),  (0.487500,  0.317624)
(-0.250000,  0.286213,  -0.000000),  (0.487500,  0.317624)
(-0.166667,  0.286213,  -0.000000),  (0.487500,  0.378259)
(-0.166667,  0.289184,  0.024035),  (0.475000,  0.378259)
(-0.166667,  0.311239,  -0.062924),  (0.525000,  0.378259)
(-0.250000,  0.311239,  -0.062924),  (0.525000,  0.317624)
(-0.250000,  0.328164,  -0.073971),  (0.537500,  0.317624)
(-0.250000,  0.328164,  -0.073971),  (0.537500,  0.317624)
(-0.166667,  0.328164,  -0.073971),  (0.537500,  0.378259)
(-0.166667,  0.311239,  -0.062924),  (0.525000,  0.378259)
(-0.166667,  0.286213,  -0.000000),  (0.487500,  0.378259)
(-0.250000,  0.286213,  -0.000000),  (0.487500,  0.317624)
(-0.250000,  0.289184,  -0.024035),  (0.500000,  0.317624)
(-0.250000,  0.289184,  -0.024035),  (0.500000,  0.317624)
(-0.166667,  0.289184,  -0.024035),  (0.500000,  0.378259)
(-0.166667,  0.286213,  -0.000000),  (0.487500,  0.378259)
(-0.166667,  0.297808,  -0.045717),  (0.512500,  0.378259)
(-0.250000,  0.297808,  -0.045717),  (0.512500,  0.317624)
(-0.250000,  0.311239,  -0.062924),  (0.525000,  0.317624)
(-0.250000,  0.311239,  -0.062924),  (0.525000,  0.317624)
(-0.166667,  0.311239,  -0.062924),  (0.525000,  0.378259)
(-0.166667,  0.297808,  -0.045717),  (0.512500,  0.378259)
(-0.166667,  0.289184,  -0.024035),  (0.500000,  0.378259)
(-0.250000,  0.289184,  -0.024035),  (0.500000,  0.317624)
(-0.250000,  0.297808,  -0.045717),  (0.512500,  0.317624)
(-0.250000,  0.297808,  -0.045717),  (0.512500,  0.317624)
(-0.166667,  0.297808,  -0.045717),  (0.512500,  0.378259)
(-0.166667,  0.289184,  -0.024035),  (0.500000,  0.378259)
