(0.909130,  13.969896,  -0.512210),  (0.394996,  0.370269)
(0.367497,  13.928796,  -0.512210),  (0.450668,  0.370269)
(0.909130,  13.969896,  -0.427378),  (0.394996,  0.331976)
(0.367497,  13.928796,  -0.512210),  (0.450668,  0.370269)
(0.367497,  13.928796,  -0.427378),  (0.450669,  0.331976)
(0.909130,  13.969896,  -0.427378),  (0.394996,  0.331976)
(-0.715773,  15.623096,  -0.427378),  (0.702562,  0.331976)
(-0.715770,  14.082060,  -0.512210),  (0.562812,  0.370269)
(-0.715773,  15.623096,  -0.512210),  (0.702562,  0.370269)
(-0.715770,  14.082060,  -0.512210),  (0.562812,  0.370269)
(-0.715773,  15.623096,  -0.427378),  (0.702562,  0.331976)
(-0.715770,  14.082060,  -0.427378),  (0.562812,  0.331976)
(1.450763,  15.623095,  -0.427378),  (0.198776,  0.331976)
(1.450764,  14.082060,  -0.512210),  (0.338526,  0.370268)
(1.450763,  14.082060,  -0.427378),  (0.338526,  0.331976)
(1.450764,  14.082060,  -0.512210),  (0.338526,  0.370268)
(1.450763,  15.623095,  -0.427378),  (0.198776,  0.331976)
(1.450763,  15.623096,  -0.512210),  (0.198776,  0.370268)
(0.367497,  14.051884,  -0.427378),  (0.745631,  0.956707)
(-0.119715,  14.092984,  -0.512210),  (0.695526,  0.995000)
(0.367497,  14.051884,  -0.512210),  (0.745631,  0.995000)
(-0.119715,  14.092984,  -0.512210),  (0.695526,  0.995000)
(0.367497,  14.051884,  -0.427378),  (0.745631,  0.956707)
(-0.119715,  14.092984,  -0.427378),  (0.695526,  0.956707)
(-0.606927,  15.623096,  -0.512210),  (0.515948,  0.995000)
(-0.606928,  14.205147,  -0.512210),  (0.644535,  0.995000)
(-0.606927,  15.623096,  -0.427378),  (0.515948,  0.956707)
(-0.606927,  15.623096,  -0.427378),  (0.515948,  0.956707)
(-0.606928,  14.205147,  -0.512210),  (0.644535,  0.995000)
(-0.606928,  14.205147,  -0.427378),  (0.644535,  0.956707)
(1.341921,  15.623096,  -0.427378),  (0.975315,  0.956707)
(1.341921,  14.205147,  -0.427378),  (0.846727,  0.956707)
(1.341921,  15.623096,  -0.512210),  (0.975315,  0.995000)
(1.341921,  15.623096,  -0.512210),  (0.975315,  0.995000)
(1.341921,  14.205147,  -0.427378),  (0.846727,  0.956707)
(1.341921,  14.205147,  -0.512210),  (0.846727,  0.995000)
(-0.119715,  14.092984,  -0.512210),  (0.249220,  0.307411)
(0.367497,  13.928796,  -0.512210),  (0.299577,  0.322213)
(0.367497,  14.051884,  -0.512210),  (0.299577,  0.311116)
(0.367497,  13.928796,  -0.512210),  (0.299577,  0.322213)
(-0.119715,  14.092984,  -0.512210),  (0.249220,  0.307411)
(-0.174136,  13.969896,  -0.512210),  (0.243595,  0.318507)
(0.854709,  14.092984,  -0.427378),  (0.415953,  0.159425)
(0.367497,  13.928796,  -0.427378),  (0.365987,  0.144535)
(0.367497,  14.051884,  -0.427378),  (0.365987,  0.155698)
(0.367497,  13.928796,  -0.427378),  (0.365987,  0.144535)
(0.854709,  14.092984,  -0.427378),  (0.415953,  0.159425)
(0.909130,  13.969896,  -0.427378),  (0.421534,  0.148263)
(-0.606928,  14.205147,  -0.512210),  (0.198864,  0.297299)
(-0.606927,  15.623096,  -0.512210),  (0.198864,  0.169469)
(-0.715773,  15.623096,  -0.512210),  (0.187614,  0.169469)
(-0.715773,  15.623096,  -0.512210),  (0.187614,  0.169469)
(-0.715770,  14.082060,  -0.512210),  (0.187614,  0.308396)
(-0.606928,  14.205147,  -0.512210),  (0.198864,  0.297299)
(-0.606927,  15.623096,  -0.512210),  (0.515948,  0.995000)
(-0.606927,  15.623096,  -0.427378),  (0.515948,  0.956707)
(-0.715773,  15.623096,  -0.427378),  (0.504785,  0.956707)
(-0.715773,  15.623096,  -0.427378),  (0.504785,  0.956707)
(-0.715773,  15.623096,  -0.512210),  (0.504785,  0.995000)
(-0.606927,  15.623096,  -0.512210),  (0.515948,  0.995000)
(-0.715773,  15.623096,  -0.427378),  (0.254892,  0.298184)
(-0.606928,  14.205147,  -0.427378),  (0.266055,  0.169597)
(-0.715770,  14.082060,  -0.427378),  (0.254893,  0.158434)
(-0.606928,  14.205147,  -0.427378),  (0.266055,  0.169597)
(-0.715773,  15.623096,  -0.427378),  (0.254892,  0.298184)
(-0.606927,  15.623096,  -0.427378),  (0.266055,  0.298184)
(1.450763,  15.623096,  -0.512210),  (0.411539,  0.169469)
(1.341921,  14.205147,  -0.512210),  (0.400289,  0.297299)
(1.450764,  14.082060,  -0.512210),  (0.411539,  0.308396)
(1.341921,  14.205147,  -0.512210),  (0.400289,  0.297299)
(1.450763,  15.623096,  -0.512210),  (0.411539,  0.169469)
(1.341921,  15.623096,  -0.512210),  (0.400290,  0.169469)
(1.341921,  14.205147,  -0.427378),  (0.465918,  0.169597)
(1.341921,  15.623096,  -0.427378),  (0.465918,  0.298184)
(1.450763,  15.623095,  -0.427378),  (0.477080,  0.298184)
(1.450763,  15.623095,  -0.427378),  (0.477080,  0.298184)
(1.450763,  14.082060,  -0.427378),  (0.477081,  0.158434)
(1.341921,  14.205147,  -0.427378),  (0.465918,  0.169597)
(1.341921,  15.623096,  -0.427378),  (0.187614,  0.331976)
(1.450763,  15.623096,  -0.512210),  (0.198776,  0.370268)
(1.450763,  15.623095,  -0.427378),  (0.198776,  0.331976)
(1.450763,  15.623096,  -0.512210),  (0.198776,  0.370268)
(1.341921,  15.623096,  -0.427378),  (0.187614,  0.331976)
(1.341921,  15.623096,  -0.512210),  (0.187614,  0.370269)
(-0.174136,  13.969896,  -0.512210),  (0.506341,  0.370269)
(-0.715770,  14.082060,  -0.512210),  (0.562812,  0.370269)
(-0.174136,  13.969896,  -0.427378),  (0.506341,  0.331976)
(-0.715770,  14.082060,  -0.512210),  (0.562812,  0.370269)
(-0.715770,  14.082060,  -0.427378),  (0.562812,  0.331976)
(-0.174136,  13.969896,  -0.427378),  (0.506341,  0.331976)
(0.367497,  13.928796,  -0.512210),  (0.450668,  0.370269)
(-0.174136,  13.969896,  -0.512210),  (0.506341,  0.370269)
(0.367497,  13.928796,  -0.427378),  (0.450669,  0.331976)
(-0.174136,  13.969896,  -0.512210),  (0.506341,  0.370269)
(-0.174136,  13.969896,  -0.427378),  (0.506341,  0.331976)
(0.367497,  13.928796,  -0.427378),  (0.450669,  0.331976)
(0.909130,  13.969896,  -0.512210),  (0.394996,  0.370269)
(1.450763,  14.082060,  -0.427378),  (0.338526,  0.331976)
(1.450764,  14.082060,  -0.512210),  (0.338526,  0.370268)
(1.450763,  14.082060,  -0.427378),  (0.338526,  0.331976)
(0.909130,  13.969896,  -0.512210),  (0.394996,  0.370269)
(0.909130,  13.969896,  -0.427378),  (0.394996,  0.331976)
(1.341921,  14.205147,  -0.427378),  (0.846727,  0.956707)
(0.854709,  14.092985,  -0.512210),  (0.795736,  0.994999)
(1.341921,  14.205147,  -0.512210),  (0.846727,  0.995000)
(0.854709,  14.092985,  -0.512210),  (0.795736,  0.994999)
(1.341921,  14.205147,  -0.427378),  (0.846727,  0.956707)
(0.854709,  14.092984,  -0.427378),  (0.795736,  0.956707)
(0.854709,  14.092984,  -0.427378),  (0.795736,  0.956707)
(0.367497,  14.051884,  -0.512210),  (0.745631,  0.995000)
(0.854709,  14.092985,  -0.512210),  (0.795736,  0.994999)
(0.367497,  14.051884,  -0.512210),  (0.745631,  0.995000)
(0.854709,  14.092984,  -0.427378),  (0.795736,  0.956707)
(0.367497,  14.051884,  -0.427378),  (0.745631,  0.956707)
(-0.119715,  14.092984,  -0.427378),  (0.695526,  0.956707)
(-0.606928,  14.205147,  -0.427378),  (0.644535,  0.956707)
(-0.119715,  14.092984,  -0.512210),  (0.695526,  0.995000)
(-0.606928,  14.205147,  -0.427378),  (0.644535,  0.956707)
(-0.606928,  14.205147,  -0.512210),  (0.644535,  0.995000)
(-0.119715,  14.092984,  -0.512210),  (0.695526,  0.995000)
(1.341921,  14.205147,  -0.512210),  (0.400289,  0.297299)
(0.854709,  14.092985,  -0.512210),  (0.349933,  0.307411)
(0.909130,  13.969896,  -0.512210),  (0.355558,  0.318507)
(0.909130,  13.969896,  -0.512210),  (0.355558,  0.318507)
(1.450764,  14.082060,  -0.512210),  (0.411539,  0.308396)
(1.341921,  14.205147,  -0.512210),  (0.400289,  0.297299)
(0.854709,  14.092985,  -0.512210),  (0.349933,  0.307411)
(0.367497,  14.051884,  -0.512210),  (0.299577,  0.311116)
(0.367497,  13.928796,  -0.512210),  (0.299577,  0.322213)
(0.367497,  13.928796,  -0.512210),  (0.299577,  0.322213)
(0.909130,  13.969896,  -0.512210),  (0.355558,  0.318507)
(0.854709,  14.092985,  -0.512210),  (0.349933,  0.307411)
(-0.715770,  14.082060,  -0.512210),  (0.187614,  0.308396)
(-0.174136,  13.969896,  -0.512210),  (0.243595,  0.318507)
(-0.606928,  14.205147,  -0.512210),  (0.198864,  0.297299)
(-0.119715,  14.092984,  -0.512210),  (0.249220,  0.307411)
(-0.606928,  14.205147,  -0.512210),  (0.198864,  0.297299)
(-0.174136,  13.969896,  -0.512210),  (0.243595,  0.318507)
(-0.606928,  14.205147,  -0.427378),  (0.266055,  0.169597)
(-0.119715,  14.092984,  -0.427378),  (0.316021,  0.159425)
(-0.174136,  13.969896,  -0.427378),  (0.310440,  0.148263)
(-0.174136,  13.969896,  -0.427378),  (0.310440,  0.148263)
(-0.715770,  14.082060,  -0.427378),  (0.254893,  0.158434)
(-0.606928,  14.205147,  -0.427378),  (0.266055,  0.169597)
(-0.119715,  14.092984,  -0.427378),  (0.316021,  0.159425)
(0.367497,  14.051884,  -0.427378),  (0.365987,  0.155698)
(0.367497,  13.928796,  -0.427378),  (0.365987,  0.144535)
(0.367497,  13.928796,  -0.427378),  (0.365987,  0.144535)
(-0.174136,  13.969896,  -0.427378),  (0.310440,  0.148263)
(-0.119715,  14.092984,  -0.427378),  (0.316021,  0.159425)
(1.450763,  14.082060,  -0.427378),  (0.477081,  0.158434)
(0.909130,  13.969896,  -0.427378),  (0.421534,  0.148263)
(1.341921,  14.205147,  -0.427378),  (0.465918,  0.169597)
(0.854709,  14.092984,  -0.427378),  (0.415953,  0.159425)
(1.341921,  14.205147,  -0.427378),  (0.465918,  0.169597)
(0.909130,  13.969896,  -0.427378),  (0.421534,  0.148263)
(0.452842,  10.493798,  -0.483357),  (0.073326,  0.322128)
(0.488487,  6.996744,  -0.458345),  (0.062874,  0.005059)
(0.488435,  10.494569,  -0.463952),  (0.063842,  0.322156)
(0.488487,  6.996744,  -0.458345),  (0.062874,  0.005059)
(0.452842,  10.493798,  -0.483357),  (0.073326,  0.322128)
(0.452895,  6.995972,  -0.477750),  (0.072357,  0.005030)
(0.367276,  10.493479,  -0.491361),  (0.082811,  0.322099)
(0.452895,  6.995972,  -0.477750),  (0.072357,  0.005030)
(0.452842,  10.493798,  -0.483357),  (0.073326,  0.322128)
(0.452895,  6.995972,  -0.477750),  (0.072357,  0.005030)
(0.367276,  10.493479,  -0.491361),  (0.082811,  0.322099)
(0.367328,  6.995653,  -0.485754),  (0.081843,  0.005002)
(0.281859,  10.493798,  -0.483275),  (0.014486,  0.322126)
(0.281912,  6.995972,  -0.477668),  (0.015454,  0.005029)
(0.367276,  10.493479,  -0.491361),  (0.005000,  0.322097)
(0.367276,  10.493479,  -0.491361),  (0.005000,  0.322097)
(0.281912,  6.995972,  -0.477668),  (0.015454,  0.005029)
(0.367328,  6.995653,  -0.485754),  (0.005968,  0.005000)
(0.246629,  10.494571,  -0.463836),  (0.023971,  0.322155)
(0.281912,  6.995972,  -0.477668),  (0.015454,  0.005029)
(0.281859,  10.493798,  -0.483275),  (0.014486,  0.322126)
(0.281912,  6.995972,  -0.477668),  (0.015454,  0.005029)
(0.246629,  10.494571,  -0.463836),  (0.023971,  0.322155)
(0.246681,  6.996744,  -0.458228),  (0.024940,  0.005057)
(0.282222,  10.495342,  -0.444430),  (0.033456,  0.322184)
(0.282274,  6.997515,  -0.438823),  (0.034424,  0.005086)
(0.246629,  10.494571,  -0.463836),  (0.023971,  0.322155)
(0.246629,  10.494571,  -0.463836),  (0.023971,  0.322155)
(0.282274,  6.997515,  -0.438823),  (0.034424,  0.005086)
(0.246681,  6.996744,  -0.458228),  (0.024940,  0.005057)
(0.367788,  10.495662,  -0.436426),  (0.043908,  0.322213)
(0.367840,  6.997835,  -0.430819),  (0.043908,  0.005115)
(0.282222,  10.495342,  -0.444430),  (0.033456,  0.322184)
(0.282222,  10.495342,  -0.444430),  (0.033456,  0.322184)
(0.367840,  6.997835,  -0.430819),  (0.043908,  0.005115)
(0.282274,  6.997515,  -0.438823),  (0.034424,  0.005086)
(0.453204,  10.495342,  -0.444512),  (0.054359,  0.322185)
(0.367840,  6.997835,  -0.430819),  (0.043908,  0.005115)
(0.367788,  10.495662,  -0.436426),  (0.043908,  0.322213)
(0.367840,  6.997835,  -0.430819),  (0.043908,  0.005115)
(0.453204,  10.495342,  -0.444512),  (0.054359,  0.322185)
(0.453257,  6.997515,  -0.438905),  (0.053391,  0.005087)
(0.488435,  10.494569,  -0.463952),  (0.063842,  0.322156)
(0.488487,  6.996744,  -0.458345),  (0.062874,  0.005059)
(0.453204,  10.495342,  -0.444512),  (0.054359,  0.322185)
(0.488487,  6.996744,  -0.458345),  (0.062874,  0.005059)
(0.453257,  6.997515,  -0.438905),  (0.053391,  0.005087)
(0.453204,  10.495342,  -0.444512),  (0.054359,  0.322185)
(0.488592,  0.001090,  -0.447130),  (0.716232,  0.357896)
(0.453000,  0.000320,  -0.466536),  (0.719883,  0.366656)
(0.367692,  0.001084,  -0.447072),  (0.728631,  0.357870)
(0.453000,  0.000320,  -0.466536),  (0.719883,  0.366656)
(0.367433,  0.000000,  -0.474540),  (0.728658,  0.370269)
(0.367692,  0.001084,  -0.447072),  (0.728631,  0.357870)
(0.367433,  0.000000,  -0.474540),  (0.728658,  0.370269)
(0.282017,  0.000320,  -0.466453),  (0.737418,  0.366619)
(0.367692,  0.001084,  -0.447072),  (0.728631,  0.357870)
(0.282017,  0.000320,  -0.466453),  (0.737418,  0.366619)
(0.246786,  0.001090,  -0.447014),  (0.741031,  0.357843)
(0.367692,  0.001084,  -0.447072),  (0.728631,  0.357870)
(0.246786,  0.001090,  -0.447014),  (0.741031,  0.357843)
(0.282379,  0.001862,  -0.427608),  (0.737381,  0.349084)
(0.367692,  0.001084,  -0.447072),  (0.728631,  0.357870)
(0.282379,  0.001862,  -0.427608),  (0.737381,  0.349084)
(0.367945,  0.002182,  -0.419604),  (0.728605,  0.345471)
(0.367692,  0.001084,  -0.447072),  (0.728631,  0.357870)
(0.367945,  0.002182,  -0.419604),  (0.728605,  0.345471)
(0.453362,  0.001862,  -0.427691),  (0.719845,  0.349121)
(0.367692,  0.001084,  -0.447072),  (0.728631,  0.357870)
(0.453362,  0.001862,  -0.427691),  (0.719845,  0.349121)
(0.488592,  0.001090,  -0.447130),  (0.716232,  0.357896)
(0.367692,  0.001084,  -0.447072),  (0.728631,  0.357870)
(1.500000,  15.428946,  -0.484218),  (0.946902,  0.468396)
(1.423897,  15.428946,  -0.484218),  (0.954707,  0.468396)
(1.500000,  15.350188,  -0.475083),  (0.946902,  0.460149)
(1.423897,  15.428946,  -0.484218),  (0.954707,  0.468396)
(1.423897,  15.350188,  -0.475083),  (0.954707,  0.460149)
(1.500000,  15.350188,  -0.475083),  (0.946902,  0.460149)
(1.500000,  15.350188,  -0.475083),  (0.946902,  0.509632)
(1.423897,  15.350188,  -0.456813),  (0.954707,  0.501385)
(1.500000,  15.350188,  -0.456813),  (0.946902,  0.501385)
(1.423897,  15.350188,  -0.456813),  (0.954707,  0.501385)
(1.500000,  15.350188,  -0.475083),  (0.946902,  0.509632)
(1.423897,  15.350188,  -0.475083),  (0.954707,  0.509632)
(1.500000,  15.428946,  -0.447677),  (0.946902,  0.493138)
(1.423897,  15.350188,  -0.456813),  (0.954707,  0.501385)
(1.423897,  15.428946,  -0.447677),  (0.954707,  0.493138)
(1.423897,  15.350188,  -0.456813),  (0.954707,  0.501385)
(1.500000,  15.428946,  -0.447677),  (0.946902,  0.493138)
(1.500000,  15.350188,  -0.456813),  (0.946902,  0.501385)
(1.500000,  15.507703,  -0.456813),  (0.946902,  0.484890)
(1.423897,  15.428946,  -0.447677),  (0.954707,  0.493138)
(1.423897,  15.507703,  -0.456813),  (0.954707,  0.484890)
(1.423897,  15.428946,  -0.447677),  (0.954707,  0.493138)
(1.500000,  15.507703,  -0.456813),  (0.946902,  0.484890)
(1.500000,  15.428946,  -0.447677),  (0.946902,  0.493138)
(1.500000,  15.507703,  -0.456813),  (0.946902,  0.484890)
(1.423897,  15.507703,  -0.456813),  (0.954707,  0.484890)
(1.500000,  15.507704,  -0.475083),  (0.946902,  0.476643)
(1.423897,  15.507703,  -0.456813),  (0.954707,  0.484890)
(1.423897,  15.507704,  -0.475083),  (0.954707,  0.476643)
(1.500000,  15.507704,  -0.475083),  (0.946902,  0.476643)
(1.500000,  15.507704,  -0.475083),  (0.946902,  0.476643)
(1.423897,  15.507704,  -0.475083),  (0.954707,  0.476643)
(1.500000,  15.428946,  -0.484218),  (0.946902,  0.468396)
(1.423897,  15.507704,  -0.475083),  (0.954707,  0.476643)
(1.423897,  15.428946,  -0.484218),  (0.954707,  0.468396)
(1.500000,  15.428946,  -0.484218),  (0.946902,  0.468396)
(1.500000,  15.428946,  -0.484218),  (0.226059,  0.083978)
(1.500000,  15.428946,  -0.447677),  (0.240343,  0.092225)
(1.500000,  15.507703,  -0.456813),  (0.240343,  0.083978)
(1.500000,  15.428946,  -0.484218),  (0.226059,  0.083978)
(1.500000,  15.507703,  -0.456813),  (0.240343,  0.083978)
(1.500000,  15.507704,  -0.475083),  (0.233201,  0.079854)
(1.500000,  15.428946,  -0.447677),  (0.240343,  0.092225)
(1.500000,  15.428946,  -0.484218),  (0.226059,  0.083978)
(1.500000,  15.350188,  -0.475083),  (0.226059,  0.092225)
(1.500000,  15.428946,  -0.447677),  (0.240343,  0.092225)
(1.500000,  15.350188,  -0.475083),  (0.226059,  0.092225)
(1.500000,  15.350188,  -0.456813),  (0.233201,  0.096348)
(-0.763971,  15.507703,  -0.475083),  (0.975736,  0.607109)
(-0.687868,  15.428945,  -0.484218),  (0.983541,  0.615356)
(-0.687868,  15.507703,  -0.475083),  (0.983541,  0.607109)
(-0.687868,  15.428945,  -0.484218),  (0.983541,  0.615356)
(-0.763971,  15.507703,  -0.475083),  (0.975736,  0.607109)
(-0.763972,  15.428945,  -0.484218),  (0.975736,  0.615356)
(-0.763971,  15.507703,  -0.456813),  (0.975736,  0.598862)
(-0.687868,  15.507703,  -0.475083),  (0.983541,  0.607109)
(-0.687868,  15.507703,  -0.456813),  (0.983541,  0.598862)
(-0.687868,  15.507703,  -0.475083),  (0.983541,  0.607109)
(-0.763971,  15.507703,  -0.456813),  (0.975736,  0.598862)
(-0.763971,  15.507703,  -0.475083),  (0.975736,  0.607109)
(-0.763971,  15.507703,  -0.456813),  (0.975736,  0.598862)
(-0.687868,  15.428945,  -0.447677),  (0.983541,  0.590615)
(-0.763972,  15.428945,  -0.447677),  (0.975736,  0.590615)
(-0.687868,  15.428945,  -0.447677),  (0.983541,  0.590615)
(-0.763971,  15.507703,  -0.456813),  (0.975736,  0.598862)
(-0.687868,  15.507703,  -0.456813),  (0.983541,  0.598862)
(-0.763972,  15.428945,  -0.447677),  (0.975736,  0.590615)
(-0.687868,  15.428945,  -0.447677),  (0.983541,  0.590615)
(-0.763972,  15.350186,  -0.456813),  (0.975736,  0.582368)
(-0.687868,  15.428945,  -0.447677),  (0.983541,  0.590615)
(-0.687868,  15.350186,  -0.456813),  (0.983541,  0.582368)
(-0.763972,  15.350186,  -0.456813),  (0.975736,  0.582368)
(-0.763972,  15.350186,  -0.475083),  (0.975736,  0.574121)
(-0.687868,  15.350186,  -0.456813),  (0.983541,  0.582368)
(-0.687868,  15.350186,  -0.475083),  (0.983541,  0.574121)
(-0.687868,  15.350186,  -0.456813),  (0.983541,  0.582368)
(-0.763972,  15.350186,  -0.475083),  (0.975736,  0.574121)
(-0.763972,  15.350186,  -0.456813),  (0.975736,  0.582368)
(-0.763972,  15.428945,  -0.484218),  (0.975736,  0.565874)
(-0.687868,  15.350186,  -0.475083),  (0.983541,  0.574121)
(-0.687868,  15.428945,  -0.484218),  (0.983541,  0.565874)
(-0.687868,  15.350186,  -0.475083),  (0.983541,  0.574121)
(-0.763972,  15.428945,  -0.484218),  (0.975736,  0.565874)
(-0.763972,  15.350186,  -0.475083),  (0.975736,  0.574121)
(-0.763972,  15.428945,  -0.447677),  (0.954045,  0.430665)
(-0.763972,  15.350186,  -0.475083),  (0.946902,  0.443035)
(-0.763972,  15.428945,  -0.484218),  (0.954045,  0.447159)
(-0.763972,  15.350186,  -0.475083),  (0.946902,  0.443035)
(-0.763972,  15.428945,  -0.447677),  (0.954045,  0.430665)
(-0.763972,  15.350186,  -0.456813),  (0.946902,  0.434788)
(-0.763971,  15.507703,  -0.475083),  (0.961187,  0.443035)
(-0.763971,  15.507703,  -0.456813),  (0.961187,  0.434788)
(-0.763972,  15.428945,  -0.447677),  (0.954045,  0.430665)
(-0.763971,  15.507703,  -0.475083),  (0.961187,  0.443035)
(-0.763972,  15.428945,  -0.447677),  (0.954045,  0.430665)
(-0.763972,  15.428945,  -0.484218),  (0.954045,  0.447159)
(-0.606935,  14.814962,  -1.446006),  (0.295078,  0.383194)
(-0.606928,  14.814962,  -0.587625),  (0.295081,  0.770663)
(1.341922,  14.814962,  -1.446006),  (0.494941,  0.383188)
(1.341922,  14.814962,  -1.446006),  (0.494941,  0.383188)
(-0.606928,  14.814962,  -0.587625),  (0.295081,  0.770663)
(1.341922,  14.814962,  -0.587625),  (0.494944,  0.770658)
(-0.606928,  16.000000,  -0.587625),  (0.187615,  0.770664)
(-0.606935,  14.814962,  -1.446006),  (0.295078,  0.383194)
(-0.606935,  16.000000,  -1.446006),  (0.187614,  0.383195)
(-0.606935,  14.814962,  -1.446006),  (0.295078,  0.383194)
(-0.606928,  16.000000,  -0.587625),  (0.187615,  0.770664)
(-0.606928,  14.814962,  -0.587625),  (0.295081,  0.770663)
(-0.606935,  14.814962,  -1.446006),  (0.822061,  0.208824)
(1.341922,  14.814962,  -1.446006),  (0.620120,  0.208824)
(1.282466,  14.882201,  -1.458266),  (0.626281,  0.214985)
(-0.606935,  14.814962,  -1.446006),  (0.822061,  0.208824)
(1.282466,  14.882201,  -1.458266),  (0.626281,  0.214985)
(-0.547479,  14.882201,  -1.458266),  (0.815900,  0.214985)
(1.282466,  14.882201,  -1.458266),  (0.626281,  0.214985)
(1.341922,  16.000000,  -1.446006),  (0.620120,  0.317407)
(1.282466,  15.932762,  -1.458266),  (0.626281,  0.311246)
(1.341922,  14.814962,  -1.446006),  (0.620120,  0.208824)
(1.341922,  16.000000,  -1.446006),  (0.620120,  0.317407)
(1.282466,  14.882201,  -1.458266),  (0.626281,  0.214985)
(1.282466,  14.882201,  -1.499999),  (0.226059,  0.105709)
(-0.547479,  14.882201,  -1.499999),  (0.226059,  0.293379)
(-0.547479,  14.882201,  -1.458266),  (0.244897,  0.293379)
(1.282466,  14.882201,  -1.499999),  (0.226059,  0.105709)
(-0.547479,  14.882201,  -1.458266),  (0.244897,  0.293379)
(1.282466,  14.882201,  -1.458266),  (0.244897,  0.105709)
(1.282466,  15.932762,  -1.499999),  (0.812345,  0.427686)
(-0.547479,  15.932762,  -1.499999),  (0.812345,  0.615356)
(-0.547479,  14.882201,  -1.499999),  (0.907616,  0.615356)
(1.282466,  15.932762,  -1.499999),  (0.812345,  0.427686)
(-0.547479,  14.882201,  -1.499999),  (0.907616,  0.615356)
(1.282466,  14.882201,  -1.499999),  (0.907616,  0.427686)
(-0.606928,  16.000000,  -0.587625),  (0.802273,  0.770652)
(1.341922,  16.000000,  -1.446006),  (0.602407,  0.383186)
(1.341922,  16.000000,  -0.587625),  (0.602409,  0.770657)
(1.341922,  16.000000,  -1.446006),  (0.602407,  0.383186)
(-0.606928,  16.000000,  -0.587625),  (0.802273,  0.770652)
(-0.606935,  16.000000,  -1.446006),  (0.802270,  0.383183)
(1.282466,  15.932762,  -1.458266),  (0.626281,  0.311246)
(-0.606935,  16.000000,  -1.446006),  (0.822061,  0.317407)
(-0.547479,  15.932762,  -1.458266),  (0.815900,  0.311246)
(1.341922,  16.000000,  -1.446006),  (0.620120,  0.317407)
(-0.606935,  16.000000,  -1.446006),  (0.822061,  0.317407)
(1.282466,  15.932762,  -1.458266),  (0.626281,  0.311246)
(-0.547479,  15.932762,  -1.499999),  (0.918069,  0.427687)
(1.282466,  15.932762,  -1.499999),  (0.918069,  0.615356)
(-0.547479,  15.932762,  -1.458266),  (0.936907,  0.427687)
(1.282466,  15.932762,  -1.458266),  (0.936907,  0.615356)
(-0.547479,  15.932762,  -1.458266),  (0.936907,  0.427687)
(1.282466,  15.932762,  -1.499999),  (0.918069,  0.615356)
(1.282466,  14.882201,  -1.458266),  (0.187614,  0.063550)
(1.282466,  15.932762,  -1.458266),  (0.187614,  0.158821)
(1.282466,  15.932762,  -1.499999),  (0.206452,  0.158821)
(1.282466,  15.932762,  -1.499999),  (0.206452,  0.158821)
(1.282466,  14.882201,  -1.499999),  (0.206452,  0.063550)
(1.282466,  14.882201,  -1.458266),  (0.187614,  0.063550)
(1.341922,  16.000000,  -0.587625),  (0.602409,  0.770657)
(1.341922,  14.814962,  -1.446006),  (0.494941,  0.383188)
(1.341922,  14.814962,  -0.587625),  (0.494944,  0.770658)
(1.341922,  14.814962,  -1.446006),  (0.494941,  0.383188)
(1.341922,  16.000000,  -0.587625),  (0.602409,  0.770657)
(1.341922,  16.000000,  -1.446006),  (0.602407,  0.383186)
(-0.606935,  16.000000,  -1.446006),  (0.822061,  0.317407)
(-0.547479,  14.882201,  -1.458266),  (0.815900,  0.214985)
(-0.547479,  15.932762,  -1.458266),  (0.815900,  0.311246)
(-0.547479,  14.882201,  -1.458266),  (0.815900,  0.214985)
(-0.606935,  16.000000,  -1.446006),  (0.822061,  0.317407)
(-0.606935,  14.814962,  -1.446006),  (0.822061,  0.208824)
(-0.547479,  15.932762,  -1.499999),  (0.965740,  0.520084)
(-0.547479,  14.882201,  -1.458266),  (0.946902,  0.615356)
(-0.547479,  14.882201,  -1.499999),  (0.965740,  0.615356)
(-0.547479,  14.882201,  -1.458266),  (0.946902,  0.615356)
(-0.547479,  15.932762,  -1.499999),  (0.965740,  0.520084)
(-0.547479,  15.932762,  -1.458266),  (0.946902,  0.520084)
(-0.606928,  14.814962,  -0.587625),  (0.295081,  0.770663)
(1.341922,  14.814962,  -0.328713),  (0.494946,  0.887532)
(1.341922,  14.814962,  -0.587625),  (0.494944,  0.770658)
(1.341922,  14.814962,  -0.328713),  (0.494946,  0.887532)
(-0.606928,  14.814962,  -0.587625),  (0.295081,  0.770663)
(-0.606928,  14.814962,  -0.328713),  (0.295083,  0.887535)
(-0.606928,  16.000000,  -0.328713),  (0.187615,  0.887536)
(-0.606928,  14.814962,  -0.587625),  (0.295081,  0.770663)
(-0.606928,  16.000000,  -0.587625),  (0.187615,  0.770664)
(-0.606928,  14.814962,  -0.587625),  (0.295081,  0.770663)
(-0.606928,  16.000000,  -0.328713),  (0.187615,  0.887536)
(-0.606928,  14.814962,  -0.328713),  (0.295083,  0.887535)
(1.341922,  16.000000,  -0.328713),  (0.602412,  0.887529)
(-0.606928,  16.000000,  -0.328713),  (0.802276,  0.887523)
(-0.606928,  16.000000,  -0.587625),  (0.802273,  0.770652)
(1.341922,  16.000000,  -0.328713),  (0.602412,  0.887529)
(-0.606928,  16.000000,  -0.587625),  (0.802273,  0.770652)
(1.341922,  16.000000,  -0.587625),  (0.602409,  0.770657)
(1.341922,  16.000000,  -0.328713),  (0.602412,  0.887529)
(1.341922,  16.000000,  -0.587625),  (0.602409,  0.770657)
(1.341922,  14.814962,  -0.328713),  (0.494946,  0.887532)
(1.341922,  16.000000,  -0.587625),  (0.602409,  0.770657)
(1.341922,  14.814962,  -0.587625),  (0.494944,  0.770658)
(1.341922,  14.814962,  -0.328713),  (0.494946,  0.887532)
(-0.606928,  16.000000,  -0.328713),  (0.295083,  0.995000)
(1.341922,  16.000000,  -0.328713),  (0.494947,  0.995000)
(1.341922,  14.814962,  -0.328713),  (0.494946,  0.887532)
(-0.606928,  16.000000,  -0.328713),  (0.295083,  0.995000)
(1.341922,  14.814962,  -0.328713),  (0.494946,  0.887532)
(-0.606928,  14.814962,  -0.328713),  (0.295083,  0.887535)
(0.452947,  3.498147,  -0.472143),  (0.977811,  0.946859)
(0.453000,  0.000320,  -0.466536),  (0.976842,  0.629291)
(0.488540,  3.498917,  -0.452737),  (0.968313,  0.946887)
(0.453000,  0.000320,  -0.466536),  (0.976842,  0.629291)
(0.488592,  0.001090,  -0.447130),  (0.967344,  0.629319)
(0.488540,  3.498917,  -0.452737),  (0.968313,  0.946887)
(0.452895,  6.995972,  -0.477750),  (0.893200,  0.946859)
(0.452947,  3.498147,  -0.472143),  (0.892231,  0.629527)
(0.488487,  6.996744,  -0.458345),  (0.883709,  0.946887)
(0.452947,  3.498147,  -0.472143),  (0.892231,  0.629527)
(0.488540,  3.498917,  -0.452737),  (0.882740,  0.629555)
(0.488487,  6.996744,  -0.458345),  (0.883709,  0.946887)
(0.452842,  10.493798,  -0.483357),  (0.165550,  0.005265)
(0.488383,  13.992396,  -0.469559),  (0.157041,  0.322156)
(0.452790,  13.991626,  -0.488965),  (0.166517,  0.322128)
(0.488383,  13.992396,  -0.469559),  (0.157041,  0.322156)
(0.452842,  10.493798,  -0.483357),  (0.165550,  0.005265)
(0.488435,  10.494569,  -0.463952),  (0.156073,  0.005294)
(0.367381,  3.497827,  -0.480147),  (0.987311,  0.946830)
(0.453000,  0.000320,  -0.466536),  (0.976842,  0.629291)
(0.452947,  3.498147,  -0.472143),  (0.977811,  0.946859)
(0.453000,  0.000320,  -0.466536),  (0.976842,  0.629291)
(0.367381,  3.497827,  -0.480147),  (0.987311,  0.946830)
(0.367433,  0.000000,  -0.474540),  (0.986341,  0.629262)
(0.367328,  6.995653,  -0.485754),  (0.902693,  0.946830)
(0.452947,  3.498147,  -0.472143),  (0.892231,  0.629527)
(0.452895,  6.995972,  -0.477750),  (0.893200,  0.946859)
(0.452947,  3.498147,  -0.472143),  (0.892231,  0.629527)
(0.367328,  6.995653,  -0.485754),  (0.902693,  0.946830)
(0.367381,  3.497827,  -0.480147),  (0.901724,  0.629498)
(0.367223,  13.991306,  -0.496969),  (0.175996,  0.322099)
(0.452842,  10.493798,  -0.483357),  (0.165550,  0.005265)
(0.452790,  13.991626,  -0.488965),  (0.166517,  0.322128)
(0.452842,  10.493798,  -0.483357),  (0.165550,  0.005265)
(0.367223,  13.991306,  -0.496969),  (0.175996,  0.322099)
(0.367276,  10.493479,  -0.491361),  (0.175028,  0.005237)
(0.281964,  3.498147,  -0.472061),  (0.922763,  0.946857)
(0.282017,  0.000320,  -0.466453),  (0.923733,  0.629289)
(0.367381,  3.497827,  -0.480147),  (0.913263,  0.946829)
(0.367381,  3.497827,  -0.480147),  (0.913263,  0.946829)
(0.282017,  0.000320,  -0.466453),  (0.923733,  0.629289)
(0.367433,  0.000000,  -0.474540),  (0.914233,  0.629261)
(0.281912,  6.995972,  -0.477668),  (0.836255,  0.946857)
(0.281964,  3.498147,  -0.472061),  (0.837224,  0.629525)
(0.367328,  6.995653,  -0.485754),  (0.826762,  0.946828)
(0.367328,  6.995653,  -0.485754),  (0.826762,  0.946828)
(0.281964,  3.498147,  -0.472061),  (0.837224,  0.629525)
(0.367381,  3.497827,  -0.480147),  (0.827731,  0.629496)
(0.281807,  13.991626,  -0.488882),  (0.105786,  0.322126)
(0.281859,  10.493798,  -0.483275),  (0.106753,  0.005264)
(0.367223,  13.991306,  -0.496969),  (0.096307,  0.322097)
(0.367223,  13.991306,  -0.496969),  (0.096307,  0.322097)
(0.281859,  10.493798,  -0.483275),  (0.106753,  0.005264)
(0.367276,  10.493479,  -0.491361),  (0.097275,  0.005235)
(0.246733,  3.498918,  -0.452621),  (0.932263,  0.946886)
(0.282017,  0.000320,  -0.466453),  (0.923733,  0.629289)
(0.281964,  3.498147,  -0.472061),  (0.922763,  0.946857)
(0.282017,  0.000320,  -0.466453),  (0.923733,  0.629289)
(0.246733,  3.498918,  -0.452621),  (0.932263,  0.946886)
(0.246786,  0.001090,  -0.447014),  (0.933232,  0.629317)
(0.246681,  6.996744,  -0.458228),  (0.845747,  0.946886)
(0.281964,  3.498147,  -0.472061),  (0.837224,  0.629525)
(0.281912,  6.995972,  -0.477668),  (0.836255,  0.946857)
(0.281964,  3.498147,  -0.472061),  (0.837224,  0.629525)
(0.246681,  6.996744,  -0.458228),  (0.845747,  0.946886)
(0.246733,  3.498918,  -0.452621),  (0.846716,  0.629553)
(0.246576,  13.992396,  -0.469443),  (0.115264,  0.322155)
(0.281859,  10.493798,  -0.483275),  (0.106753,  0.005264)
(0.281807,  13.991626,  -0.488882),  (0.105786,  0.322126)
(0.281859,  10.493798,  -0.483275),  (0.106753,  0.005264)
(0.246576,  13.992396,  -0.469443),  (0.115264,  0.322155)
(0.246629,  10.494571,  -0.463836),  (0.116232,  0.005292)
(0.282326,  3.499690,  -0.433216),  (0.941761,  0.946915)
(0.282379,  0.001862,  -0.427608),  (0.942731,  0.629346)
(0.246733,  3.498918,  -0.452621),  (0.932263,  0.946886)
(0.246733,  3.498918,  -0.452621),  (0.932263,  0.946886)
(0.282379,  0.001862,  -0.427608),  (0.942731,  0.629346)
(0.246786,  0.001090,  -0.447014),  (0.933232,  0.629317)
(0.282274,  6.997515,  -0.438823),  (0.855239,  0.946914)
(0.282326,  3.499690,  -0.433216),  (0.856208,  0.629582)
(0.246681,  6.996744,  -0.458228),  (0.845747,  0.946886)
(0.246681,  6.996744,  -0.458228),  (0.845747,  0.946886)
(0.282326,  3.499690,  -0.433216),  (0.856208,  0.629582)
(0.246733,  3.498918,  -0.452621),  (0.846716,  0.629553)
(0.282169,  13.993169,  -0.450037),  (0.124742,  0.322184)
(0.282222,  10.495342,  -0.444430),  (0.125709,  0.005321)
(0.246576,  13.992396,  -0.469443),  (0.115264,  0.322155)
(0.246576,  13.992396,  -0.469443),  (0.115264,  0.322155)
(0.282222,  10.495342,  -0.444430),  (0.125709,  0.005321)
(0.246629,  10.494571,  -0.463836),  (0.116232,  0.005292)
(0.367893,  3.500009,  -0.425212),  (0.950289,  0.946944)
(0.367945,  0.002182,  -0.419604),  (0.950289,  0.629376)
(0.282326,  3.499690,  -0.433216),  (0.941761,  0.946915)
(0.282326,  3.499690,  -0.433216),  (0.941761,  0.946915)
(0.367945,  0.002182,  -0.419604),  (0.950289,  0.629376)
(0.282379,  0.001862,  -0.427608),  (0.942731,  0.629346)
(0.367840,  6.997835,  -0.430819),  (0.864729,  0.946944)
(0.367893,  3.500009,  -0.425212),  (0.864729,  0.629611)
(0.282274,  6.997515,  -0.438823),  (0.855239,  0.946914)
(0.282274,  6.997515,  -0.438823),  (0.855239,  0.946914)
(0.367893,  3.500009,  -0.425212),  (0.864729,  0.629611)
(0.282326,  3.499690,  -0.433216),  (0.856208,  0.629582)
(0.367736,  13.993488,  -0.442033),  (0.136154,  0.322213)
(0.367788,  10.495662,  -0.436426),  (0.136154,  0.005350)
(0.282169,  13.993169,  -0.450037),  (0.124742,  0.322184)
(0.282169,  13.993169,  -0.450037),  (0.124742,  0.322184)
(0.367788,  10.495662,  -0.436426),  (0.136154,  0.005350)
(0.282222,  10.495342,  -0.444430),  (0.125709,  0.005321)
(0.453309,  3.499690,  -0.433298),  (0.958816,  0.946916)
(0.367945,  0.002182,  -0.419604),  (0.950289,  0.629376)
(0.367893,  3.500009,  -0.425212),  (0.950289,  0.946944)
(0.367945,  0.002182,  -0.419604),  (0.950289,  0.629376)
(0.453309,  3.499690,  -0.433298),  (0.958816,  0.946916)
(0.453362,  0.001862,  -0.427691),  (0.957847,  0.629348)
(0.453257,  6.997515,  -0.438905),  (0.874219,  0.946916)
(0.367893,  3.500009,  -0.425212),  (0.864729,  0.629611)
(0.367840,  6.997835,  -0.430819),  (0.864729,  0.946944)
(0.367893,  3.500009,  -0.425212),  (0.864729,  0.629611)
(0.453257,  6.997515,  -0.438905),  (0.874219,  0.946916)
(0.453309,  3.499690,  -0.433298),  (0.873250,  0.629583)
(0.453152,  13.993169,  -0.450119),  (0.147565,  0.322184)
(0.367788,  10.495662,  -0.436426),  (0.136154,  0.005350)
(0.367736,  13.993488,  -0.442033),  (0.136154,  0.322213)
(0.367788,  10.495662,  -0.436426),  (0.136154,  0.005350)
(0.453152,  13.993169,  -0.450119),  (0.147565,  0.322184)
(0.453204,  10.495342,  -0.444512),  (0.146597,  0.005322)
(0.488540,  3.498917,  -0.452737),  (0.968313,  0.946887)
(0.453362,  0.001862,  -0.427691),  (0.957847,  0.629348)
(0.453309,  3.499690,  -0.433298),  (0.958816,  0.946916)
(0.453362,  0.001862,  -0.427691),  (0.957847,  0.629348)
(0.488540,  3.498917,  -0.452737),  (0.968313,  0.946887)
(0.488592,  0.001090,  -0.447130),  (0.967344,  0.629319)
(0.488487,  6.996744,  -0.458345),  (0.883709,  0.946887)
(0.453309,  3.499690,  -0.433298),  (0.873250,  0.629583)
(0.453257,  6.997515,  -0.438905),  (0.874219,  0.946916)
(0.453309,  3.499690,  -0.433298),  (0.873250,  0.629583)
(0.488487,  6.996744,  -0.458345),  (0.883709,  0.946887)
(0.488540,  3.498917,  -0.452737),  (0.882740,  0.629555)
(0.488383,  13.992396,  -0.469559),  (0.157041,  0.322156)
(0.453204,  10.495342,  -0.444512),  (0.146597,  0.005322)
(0.453152,  13.993169,  -0.450119),  (0.147565,  0.322184)
(0.453204,  10.495342,  -0.444512),  (0.146597,  0.005322)
(0.488383,  13.992396,  -0.469559),  (0.157041,  0.322156)
(0.488435,  10.494569,  -0.463952),  (0.156073,  0.005294)
(-1.415108,  15.022602,  1.287509),  (0.686494,  0.075722)
(-0.866366,  15.188883,  1.287509),  (0.742770,  0.060642)
(-0.951258,  15.547164,  1.287509),  (0.734063,  0.028151)
(-0.866366,  15.188883,  1.287509),  (0.742770,  0.060642)
(-1.415108,  15.022602,  1.287509),  (0.686494,  0.075722)
(-1.098291,  14.926603,  1.287509),  (0.718985,  0.084428)
(-1.098291,  14.926603,  1.287509),  (0.446949,  0.116599)
(-1.415108,  15.022602,  1.287509),  (0.414458,  0.107894)
(-1.415108,  15.022602,  1.304174),  (0.412511,  0.115160)
(-1.098291,  14.926603,  1.287509),  (0.446949,  0.116599)
(-1.415108,  15.022602,  1.304174),  (0.412511,  0.115160)
(-1.098291,  14.926603,  1.304174),  (0.445002,  0.123865)
(-1.500000,  15.380882,  1.304174),  (0.380020,  0.106454)
(-1.415108,  15.022602,  1.287509),  (0.414458,  0.107894)
(-1.500000,  15.380882,  1.287509),  (0.381967,  0.099188)
(-1.415108,  15.022602,  1.287509),  (0.414458,  0.107894)
(-1.500000,  15.380882,  1.304174),  (0.380020,  0.106454)
(-1.415108,  15.022602,  1.304174),  (0.412511,  0.115160)
(-1.268075,  15.643163,  1.304174),  (0.347529,  0.097748)
(-1.500000,  15.380882,  1.287509),  (0.381967,  0.099188)
(-1.268075,  15.643163,  1.287509),  (0.349476,  0.090482)
(-1.500000,  15.380882,  1.287509),  (0.381967,  0.099188)
(-1.268075,  15.643163,  1.304174),  (0.347529,  0.097748)
(-1.500000,  15.380882,  1.304174),  (0.380020,  0.106454)
(-0.951258,  15.547164,  1.304174),  (0.315038,  0.089042)
(-1.268075,  15.643163,  1.304174),  (0.347529,  0.097748)
(-1.268075,  15.643163,  1.287509),  (0.349476,  0.090482)
(-0.951258,  15.547164,  1.304174),  (0.315038,  0.089042)
(-1.268075,  15.643163,  1.287509),  (0.349476,  0.090482)
(-0.951258,  15.547164,  1.287509),  (0.316985,  0.081776)
(-0.866366,  15.188883,  1.304174),  (0.282547,  0.080337)
(-0.951258,  15.547164,  1.304174),  (0.315038,  0.089042)
(-0.951258,  15.547164,  1.287509),  (0.316985,  0.081776)
(-0.951258,  15.547164,  1.287509),  (0.316985,  0.081776)
(-0.866366,  15.188883,  1.287509),  (0.284494,  0.073070)
(-0.866366,  15.188883,  1.304174),  (0.282547,  0.080337)
(-1.268075,  15.643163,  1.304174),  (0.883524,  0.063614)
(-1.415108,  15.022602,  1.304174),  (0.898603,  0.007338)
(-1.500000,  15.380882,  1.304174),  (0.874818,  0.031123)
(-0.951258,  15.547164,  1.304174),  (0.916015,  0.072320)
(-1.415108,  15.022602,  1.304174),  (0.898603,  0.007338)
(-1.268075,  15.643163,  1.304174),  (0.883524,  0.063614)
(-1.415108,  15.022601,  1.353161),  (0.590381,  0.075722)
(-0.866366,  15.188883,  1.353161),  (0.646657,  0.060642)
(-0.951258,  15.547164,  1.353161),  (0.637951,  0.028151)
(-0.866366,  15.188883,  1.353161),  (0.646657,  0.060642)
(-1.415108,  15.022601,  1.353161),  (0.590381,  0.075722)
(-1.098291,  14.926603,  1.353161),  (0.622872,  0.084428)
(-1.098291,  14.926603,  1.353161),  (0.446949,  0.135822)
(-1.415108,  15.022601,  1.353161),  (0.414458,  0.127116)
(-1.415108,  15.022601,  1.369826),  (0.412511,  0.134382)
(-1.098291,  14.926603,  1.353161),  (0.446949,  0.135822)
(-1.415108,  15.022601,  1.369826),  (0.412511,  0.134382)
(-1.098291,  14.926603,  1.369826),  (0.445003,  0.143088)
(-1.500000,  15.380882,  1.369826),  (0.380020,  0.125676)
(-1.415108,  15.022601,  1.353161),  (0.414458,  0.127116)
(-1.500000,  15.380882,  1.353161),  (0.381967,  0.118411)
(-1.415108,  15.022601,  1.353161),  (0.414458,  0.127116)
(-1.500000,  15.380882,  1.369826),  (0.380020,  0.125676)
(-1.415108,  15.022601,  1.369826),  (0.412511,  0.134382)
(-1.268075,  15.643163,  1.369826),  (0.347529,  0.116971)
(-1.500000,  15.380882,  1.353161),  (0.381967,  0.118411)
(-1.268075,  15.643163,  1.353161),  (0.349476,  0.109705)
(-1.500000,  15.380882,  1.353161),  (0.381967,  0.118411)
(-1.268075,  15.643163,  1.369826),  (0.347529,  0.116971)
(-1.500000,  15.380882,  1.369826),  (0.380020,  0.125676)
(-0.951258,  15.547164,  1.369826),  (0.315038,  0.108265)
(-1.268075,  15.643163,  1.369826),  (0.347529,  0.116971)
(-1.268075,  15.643163,  1.353161),  (0.349476,  0.109705)
(-0.951258,  15.547164,  1.369826),  (0.315038,  0.108265)
(-1.268075,  15.643163,  1.353161),  (0.349476,  0.109705)
(-0.951258,  15.547164,  1.353161),  (0.316985,  0.100999)
(-0.866366,  15.188883,  1.369826),  (0.282547,  0.099559)
(-0.951258,  15.547164,  1.369826),  (0.315038,  0.108265)
(-0.951258,  15.547164,  1.353161),  (0.316985,  0.100999)
(-0.951258,  15.547164,  1.353161),  (0.316985,  0.100999)
(-0.866366,  15.188883,  1.353161),  (0.284494,  0.092293)
(-0.866366,  15.188883,  1.369826),  (0.282547,  0.099559)
(-1.500000,  15.380882,  1.369826),  (0.773900,  0.040735)
(-0.951258,  15.547164,  1.369826),  (0.815097,  0.081931)
(-1.415108,  15.022601,  1.369826),  (0.797685,  0.016950)
(-0.951258,  15.547164,  1.369826),  (0.815097,  0.081931)
(-1.500000,  15.380882,  1.369826),  (0.773900,  0.040735)
(-1.268075,  15.643163,  1.369826),  (0.782606,  0.073226)
(-0.951258,  15.547164,  1.353161),  (0.637951,  0.028151)
(-1.500000,  15.380882,  1.353161),  (0.581675,  0.043231)
(-1.415108,  15.022601,  1.353161),  (0.590381,  0.075722)
(-1.500000,  15.380882,  1.353161),  (0.581675,  0.043231)
(-0.951258,  15.547164,  1.353161),  (0.637951,  0.028151)
(-1.268075,  15.643163,  1.353161),  (0.605460,  0.019445)
(-1.415108,  15.022601,  1.369826),  (0.797685,  0.016950)
(-0.866366,  15.188883,  1.369826),  (0.838882,  0.058146)
(-1.098291,  14.926603,  1.369826),  (0.830176,  0.025655)
(-0.866366,  15.188883,  1.369826),  (0.838882,  0.058146)
(-1.415108,  15.022601,  1.369826),  (0.797685,  0.016950)
(-0.951258,  15.547164,  1.369826),  (0.815097,  0.081931)
(-1.415108,  15.022602,  1.287509),  (0.686494,  0.075722)
(-0.951258,  15.547164,  1.287509),  (0.734063,  0.028151)
(-1.268075,  15.643163,  1.287509),  (0.701572,  0.019445)
(-1.415108,  15.022602,  1.287509),  (0.686494,  0.075722)
(-1.268075,  15.643163,  1.287509),  (0.701572,  0.019445)
(-1.500000,  15.380882,  1.287509),  (0.677787,  0.043231)
(-1.415108,  15.022602,  1.304174),  (0.898603,  0.007338)
(-0.866366,  15.188883,  1.304174),  (0.939800,  0.048535)
(-1.098291,  14.926603,  1.304174),  (0.931094,  0.016044)
(-0.866366,  15.188883,  1.304174),  (0.939800,  0.048535)
(-1.415108,  15.022602,  1.304174),  (0.898603,  0.007338)
(-0.951258,  15.547164,  1.304174),  (0.916015,  0.072320)
(-0.866366,  15.188883,  1.287509),  (0.742770,  0.060642)
(-0.935192,  14.742160,  1.287509),  (0.735711,  0.101154)
(-0.703267,  15.004439,  1.287509),  (0.759496,  0.077369)
(-0.935192,  14.742160,  1.287509),  (0.735711,  0.101154)
(-0.866366,  15.188883,  1.287509),  (0.742770,  0.060642)
(-1.098291,  14.926603,  1.287509),  (0.718985,  0.084428)
(-1.098291,  14.926603,  1.304174),  (0.445002,  0.123865)
(-0.935192,  14.742160,  1.304174),  (0.467851,  0.129988)
(-1.098291,  14.926603,  1.287509),  (0.446949,  0.116599)
(-0.935192,  14.742160,  1.287509),  (0.469798,  0.122722)
(-1.098291,  14.926603,  1.287509),  (0.446949,  0.116599)
(-0.935192,  14.742160,  1.304174),  (0.467851,  0.129988)
(-0.935192,  14.742160,  1.304174),  (0.953943,  0.009922)
(-0.866366,  15.188883,  1.304174),  (0.939800,  0.048535)
(-0.703267,  15.004439,  1.304174),  (0.962649,  0.042412)
(-0.866366,  15.188883,  1.304174),  (0.939800,  0.048535)
(-0.935192,  14.742160,  1.304174),  (0.953943,  0.009922)
(-1.098291,  14.926603,  1.304174),  (0.931094,  0.016044)
(-0.866366,  15.188883,  1.287509),  (0.284494,  0.073070)
(-0.703267,  15.004439,  1.287509),  (0.261645,  0.066948)
(-0.866366,  15.188883,  1.304174),  (0.282547,  0.080337)
(-0.703267,  15.004439,  1.304174),  (0.259698,  0.074214)
(-0.866366,  15.188883,  1.304174),  (0.282547,  0.080337)
(-0.703267,  15.004439,  1.287509),  (0.261645,  0.066948)
(-0.703267,  15.004439,  1.353161),  (0.663384,  0.077369)
(-1.098291,  14.926603,  1.353161),  (0.622872,  0.084428)
(-0.935192,  14.742160,  1.353161),  (0.639599,  0.101154)
(-1.098291,  14.926603,  1.353161),  (0.622872,  0.084428)
(-0.703267,  15.004439,  1.353161),  (0.663384,  0.077369)
(-0.866366,  15.188883,  1.353161),  (0.646657,  0.060642)
(-1.098291,  14.926603,  1.369826),  (0.445003,  0.143088)
(-0.935192,  14.742160,  1.369826),  (0.467851,  0.149210)
(-1.098291,  14.926603,  1.353161),  (0.446949,  0.135822)
(-0.935192,  14.742160,  1.353161),  (0.469798,  0.141944)
(-1.098291,  14.926603,  1.353161),  (0.446949,  0.135822)
(-0.935192,  14.742160,  1.369826),  (0.467851,  0.149210)
(-0.703267,  15.004439,  1.369826),  (0.861731,  0.052024)
(-0.935192,  14.742160,  1.369826),  (0.853025,  0.019533)
(-1.098291,  14.926603,  1.369826),  (0.830176,  0.025655)
(-1.098291,  14.926603,  1.369826),  (0.830176,  0.025655)
(-0.866366,  15.188883,  1.369826),  (0.838882,  0.058146)
(-0.703267,  15.004439,  1.369826),  (0.861731,  0.052024)
(-0.866366,  15.188883,  1.353161),  (0.284494,  0.092293)
(-0.703267,  15.004439,  1.353161),  (0.261645,  0.086171)
(-0.866366,  15.188883,  1.369826),  (0.282547,  0.099559)
(-0.703267,  15.004439,  1.369826),  (0.259698,  0.093437)
(-0.866366,  15.188883,  1.369826),  (0.282547,  0.099559)
(-0.703267,  15.004439,  1.353161),  (0.261645,  0.086171)
(-0.568520,  15.521733,  1.187196),  (0.606175,  0.317407)
(-0.324972,  15.246311,  1.500000),  (0.606175,  0.171857)
(-1.129464,  14.336531,  1.500000),  (0.489496,  0.171857)
(-1.129464,  14.336531,  1.500000),  (0.489496,  0.171857)
(-1.373012,  14.611954,  1.187196),  (0.489496,  0.317407)
(-0.568520,  15.521733,  1.187196),  (0.606175,  0.317407)
(-1.038054,  14.096868,  1.130533),  (0.970531,  0.418325)
(-0.758021,  13.780186,  1.490197),  (0.970531,  0.250971)
(-0.113045,  15.142938,  1.130533),  (0.836373,  0.418325)
(-0.758021,  13.780186,  1.490197),  (0.970531,  0.250971)
(0.166987,  14.826256,  1.490197),  (0.836373,  0.250971)
(-0.113045,  15.142938,  1.130533),  (0.836373,  0.418325)
(-0.758021,  13.780186,  1.490197),  (0.480757,  0.109090)
(-0.324972,  15.246311,  1.500000),  (0.606175,  0.171857)
(0.166987,  14.826256,  1.490197),  (0.614915,  0.109090)
(-0.324972,  15.246311,  1.500000),  (0.606175,  0.171857)
(-0.758021,  13.780186,  1.490197),  (0.480757,  0.109090)
(-1.129464,  14.336531,  1.500000),  (0.489496,  0.171857)
(0.166987,  14.826256,  1.490197),  (0.970886,  0.073163)
(-0.568520,  15.521733,  1.187196),  (0.908457,  0.229615)
(-0.113045,  15.142938,  1.130533),  (0.970886,  0.240517)
(-0.568520,  15.521733,  1.187196),  (0.908457,  0.229615)
(0.166987,  14.826256,  1.490197),  (0.970886,  0.073163)
(-0.324972,  15.246311,  1.500000),  (0.908457,  0.084065)
(-1.038054,  14.096868,  1.130533),  (0.620120,  0.178044)
(-0.113045,  15.142938,  1.130533),  (0.754278,  0.178044)
(-0.568520,  15.521733,  1.187196),  (0.745538,  0.115276)
(-1.038054,  14.096868,  1.130533),  (0.620120,  0.178044)
(-0.568520,  15.521733,  1.187196),  (0.745538,  0.115276)
(-1.373012,  14.611954,  1.187196),  (0.628860,  0.115276)
(-0.758021,  13.780186,  1.490197),  (0.836373,  0.073164)
(-1.373012,  14.611954,  1.187196),  (0.898801,  0.229615)
(-1.129464,  14.336531,  1.500000),  (0.898801,  0.084065)
(-1.373012,  14.611954,  1.187196),  (0.898801,  0.229615)
(-0.758021,  13.780186,  1.490197),  (0.836373,  0.073164)
(-1.038054,  14.096868,  1.130533),  (0.836373,  0.240517)
(-1.067083,  15.223628,  -1.500000),  (0.122582,  0.990193)
(-1.172025,  15.140530,  -0.041193),  (0.135719,  0.331692)
(-1.067083,  15.223628,  -0.041193),  (0.122582,  0.331692)
(-1.172025,  15.140530,  -0.041193),  (0.135719,  0.331692)
(-1.067083,  15.223628,  -1.500000),  (0.122582,  0.990193)
(-1.172025,  15.140531,  -1.500000),  (0.135719,  0.990193)
(-1.172025,  15.140530,  -0.041193),  (0.135719,  0.331692)
(-1.172025,  15.140531,  -1.500000),  (0.135719,  0.990193)
(-1.288134,  15.201758,  -1.500000),  (0.148854,  0.990194)
(-1.288134,  15.201758,  -1.500000),  (0.148854,  0.990194)
(-1.288134,  15.201758,  -0.041193),  (0.148854,  0.331693)
(-1.172025,  15.140530,  -0.041193),  (0.135719,  0.331692)
(-1.299299,  15.346084,  -0.041193),  (0.161990,  0.331693)
(-1.288134,  15.201758,  -1.500000),  (0.148854,  0.990194)
(-1.299299,  15.346086,  -1.500000),  (0.161990,  0.990194)
(-1.288134,  15.201758,  -1.500000),  (0.148854,  0.990194)
(-1.299299,  15.346084,  -0.041193),  (0.161990,  0.331693)
(-1.288134,  15.201758,  -0.041193),  (0.148854,  0.331693)
(-1.299299,  15.346084,  -0.041193),  (0.161990,  0.331693)
(-1.194356,  15.429185,  -1.500000),  (0.175128,  0.990194)
(-1.194356,  15.429184,  -0.041193),  (0.175128,  0.331693)
(-1.194356,  15.429185,  -1.500000),  (0.175128,  0.990194)
(-1.299299,  15.346084,  -0.041193),  (0.161990,  0.331693)
(-1.299299,  15.346086,  -1.500000),  (0.161990,  0.990194)
(-1.078248,  15.367956,  -0.041193),  (0.109445,  0.331691)
(-1.194356,  15.429185,  -1.500000),  (0.096307,  0.990192)
(-1.078248,  15.367957,  -1.500000),  (0.109445,  0.990192)
(-1.194356,  15.429185,  -1.500000),  (0.096307,  0.990192)
(-1.078248,  15.367956,  -0.041193),  (0.109445,  0.331691)
(-1.194356,  15.429184,  -0.041193),  (0.096307,  0.331690)
(-1.078248,  15.367956,  -0.041193),  (0.109445,  0.331691)
(-1.078248,  15.367957,  -1.500000),  (0.109445,  0.990192)
(-1.067083,  15.223628,  -1.500000),  (0.122582,  0.990193)
(-1.078248,  15.367956,  -0.041193),  (0.109445,  0.331691)
(-1.067083,  15.223628,  -1.500000),  (0.122582,  0.990193)
(-1.067083,  15.223628,  -0.041193),  (0.122582,  0.331692)
(-1.067083,  15.223626,  1.417614),  (0.504785,  0.934538)
(-1.172025,  15.140529,  1.417614),  (0.511240,  0.946535)
(-1.183191,  15.284855,  1.427439),  (0.518403,  0.934946)
(-1.172025,  15.140529,  1.417614),  (0.511240,  0.946535)
(-1.288134,  15.201756,  1.417614),  (0.524858,  0.946944)
(-1.183191,  15.284855,  1.427439),  (0.518403,  0.934946)
(-1.288134,  15.201756,  1.417614),  (0.524858,  0.946944)
(-1.299299,  15.346083,  1.417614),  (0.532021,  0.935355)
(-1.183191,  15.284855,  1.427439),  (0.518403,  0.934946)
(-1.299299,  15.346083,  1.417614),  (0.532021,  0.935355)
(-1.194356,  15.429183,  1.417614),  (0.525566,  0.923357)
(-1.183191,  15.284855,  1.427439),  (0.518403,  0.934946)
(-1.194356,  15.429183,  1.417614),  (0.525566,  0.923357)
(-1.078248,  15.367955,  1.417614),  (0.511948,  0.922948)
(-1.183191,  15.284855,  1.427439),  (0.518403,  0.934946)
(-1.078248,  15.367955,  1.417614),  (0.511948,  0.922948)
(-1.067083,  15.223626,  1.417614),  (0.504785,  0.934538)
(-1.183191,  15.284855,  1.427439),  (0.518403,  0.934946)
(-0.927422,  15.149981,  -1.500000),  (0.778591,  0.197266)
(-1.158595,  14.966928,  -1.500000),  (0.802590,  0.197266)
(-1.158595,  14.966928,  -1.480063),  (0.802590,  0.187087)
(-0.927422,  15.149981,  -1.500000),  (0.778591,  0.197266)
(-1.158595,  14.966928,  -1.480063),  (0.802590,  0.187087)
(-0.927422,  15.149981,  -1.480063),  (0.778591,  0.187087)
(-1.414364,  15.101804,  -1.500000),  (0.826590,  0.197266)
(-1.158595,  14.966928,  -1.480063),  (0.802590,  0.187087)
(-1.158595,  14.966928,  -1.500000),  (0.802590,  0.197266)
(-1.158595,  14.966928,  -1.480063),  (0.802590,  0.187087)
(-1.414364,  15.101804,  -1.500000),  (0.826590,  0.197266)
(-1.414364,  15.101804,  -1.480063),  (0.826590,  0.187087)
(-1.438960,  15.419733,  -1.500000),  (0.706592,  0.197266)
(-1.414364,  15.101804,  -1.480063),  (0.682593,  0.187087)
(-1.414364,  15.101804,  -1.500000),  (0.682593,  0.197266)
(-1.414364,  15.101804,  -1.480063),  (0.682593,  0.187087)
(-1.438960,  15.419733,  -1.500000),  (0.706592,  0.197266)
(-1.438960,  15.419733,  -1.480063),  (0.706592,  0.187087)
(-1.438960,  15.419733,  -1.480063),  (0.706592,  0.187087)
(-1.207787,  15.602788,  -1.500000),  (0.730592,  0.197266)
(-1.207787,  15.602788,  -1.480063),  (0.730592,  0.187087)
(-1.207787,  15.602788,  -1.500000),  (0.730592,  0.197266)
(-1.438960,  15.419733,  -1.480063),  (0.706592,  0.187087)
(-1.438960,  15.419733,  -1.500000),  (0.706592,  0.197266)
(-0.952018,  15.467912,  -1.480063),  (0.754591,  0.187087)
(-1.207787,  15.602788,  -1.480063),  (0.730592,  0.187087)
(-1.207787,  15.602788,  -1.500000),  (0.730592,  0.197266)
(-0.952018,  15.467912,  -1.480063),  (0.754591,  0.187087)
(-1.207787,  15.602788,  -1.500000),  (0.730592,  0.197266)
(-0.952018,  15.467912,  -1.500000),  (0.754591,  0.197266)
(-0.927422,  15.149981,  -1.480063),  (0.778591,  0.187087)
(-0.952018,  15.467912,  -1.480063),  (0.754591,  0.187087)
(-0.952018,  15.467912,  -1.500000),  (0.754591,  0.197266)
(-0.952018,  15.467912,  -1.500000),  (0.754591,  0.197266)
(-0.927422,  15.149981,  -1.500000),  (0.778591,  0.197266)
(-0.927422,  15.149981,  -1.480063),  (0.778591,  0.187087)
(-1.207787,  15.602788,  -1.480063),  (0.778591,  0.145518)
(-0.927422,  15.149981,  -1.480063),  (0.778591,  0.187087)
(-1.158595,  14.966928,  -1.480063),  (0.802590,  0.187087)
(-1.207787,  15.602788,  -1.480063),  (0.778591,  0.145518)
(-0.952018,  15.467912,  -1.480063),  (0.766591,  0.166303)
(-0.927422,  15.149981,  -1.480063),  (0.778591,  0.187087)
(-1.438960,  15.419733,  -1.480063),  (0.802590,  0.145518)
(-1.158595,  14.966928,  -1.480063),  (0.802590,  0.187087)
(-1.414364,  15.101804,  -1.480063),  (0.814590,  0.166303)
(-1.158595,  14.966928,  -1.480063),  (0.802590,  0.187087)
(-1.438960,  15.419733,  -1.480063),  (0.802590,  0.145518)
(-1.207787,  15.602788,  -1.480063),  (0.778591,  0.145518)
(-0.927422,  15.149981,  -1.500000),  (0.778591,  0.197266)
(-1.414364,  15.101804,  -1.500000),  (0.682593,  0.197266)
(-1.158595,  14.966928,  -1.500000),  (0.802590,  0.197266)
(-1.414364,  15.101804,  -1.500000),  (0.682593,  0.197266)
(-0.927422,  15.149981,  -1.500000),  (0.778591,  0.197266)
(-1.438960,  15.419733,  -1.500000),  (0.706592,  0.197266)
(-1.438960,  15.419733,  -1.500000),  (0.706592,  0.197266)
(-0.952018,  15.467912,  -1.500000),  (0.754591,  0.197266)
(-1.207787,  15.602788,  -1.500000),  (0.730592,  0.197266)
(-0.952018,  15.467912,  -1.500000),  (0.754591,  0.197266)
(-1.438960,  15.419733,  -1.500000),  (0.706592,  0.197266)
(-0.927422,  15.149981,  -1.500000),  (0.778591,  0.197266)
(-1.172025,  15.140530,  -0.041193),  (0.044412,  0.990193)
(-1.172025,  15.140529,  1.417614),  (0.044412,  0.331692)
(-1.067083,  15.223628,  -0.041193),  (0.031275,  0.990192)
(-1.067083,  15.223628,  -0.041193),  (0.031275,  0.990192)
(-1.172025,  15.140529,  1.417614),  (0.044412,  0.331692)
(-1.067083,  15.223626,  1.417614),  (0.031275,  0.331691)
(-1.288134,  15.201758,  -0.041193),  (0.057547,  0.990194)
(-1.288134,  15.201756,  1.417614),  (0.057547,  0.331693)
(-1.172025,  15.140530,  -0.041193),  (0.044412,  0.990193)
(-1.172025,  15.140530,  -0.041193),  (0.044412,  0.990193)
(-1.288134,  15.201756,  1.417614),  (0.057547,  0.331693)
(-1.172025,  15.140529,  1.417614),  (0.044412,  0.331692)
(-1.288134,  15.201756,  1.417614),  (0.057547,  0.331693)
(-1.288134,  15.201758,  -0.041193),  (0.057547,  0.990194)
(-1.299299,  15.346083,  1.417614),  (0.070683,  0.331693)
(-1.299299,  15.346084,  -0.041193),  (0.070683,  0.990194)
(-1.299299,  15.346083,  1.417614),  (0.070683,  0.331693)
(-1.288134,  15.201758,  -0.041193),  (0.057547,  0.990194)
(-1.299299,  15.346083,  1.417614),  (0.070683,  0.331693)
(-1.299299,  15.346084,  -0.041193),  (0.070683,  0.990194)
(-1.194356,  15.429183,  1.417614),  (0.083821,  0.331693)
(-1.194356,  15.429183,  1.417614),  (0.083821,  0.331693)
(-1.299299,  15.346084,  -0.041193),  (0.070683,  0.990194)
(-1.194356,  15.429184,  -0.041193),  (0.083821,  0.990194)
(-1.194356,  15.429183,  1.417614),  (0.005000,  0.331690)
(-1.194356,  15.429184,  -0.041193),  (0.005000,  0.990192)
(-1.078248,  15.367955,  1.417614),  (0.018138,  0.331690)
(-1.078248,  15.367955,  1.417614),  (0.018138,  0.331690)
(-1.194356,  15.429184,  -0.041193),  (0.005000,  0.990192)
(-1.078248,  15.367956,  -0.041193),  (0.018138,  0.990192)
(-1.078248,  15.367955,  1.417614),  (0.018138,  0.331690)
(-1.067083,  15.223628,  -0.041193),  (0.031275,  0.990192)
(-1.067083,  15.223626,  1.417614),  (0.031275,  0.331691)
(-1.067083,  15.223628,  -0.041193),  (0.031275,  0.990192)
(-1.078248,  15.367955,  1.417614),  (0.018138,  0.331690)
(-1.078248,  15.367956,  -0.041193),  (0.018138,  0.990192)
(-1.132630,  15.341462,  1.380299),  (0.742051,  0.924579)
(-1.082267,  15.571943,  1.376027),  (0.710506,  0.921897)
(-1.067555,  15.571587,  1.378909),  (0.710665,  0.924679)
(-1.082267,  15.571943,  1.376027),  (0.710506,  0.921897)
(-1.132630,  15.341462,  1.380299),  (0.742051,  0.924579)
(-1.146180,  15.345928,  1.377393),  (0.741799,  0.921583)
(-1.056907,  15.561732,  1.375735),  (0.710454,  0.927476)
(-1.120565,  15.336619,  1.377095),  (0.741730,  0.927568)
(-1.132630,  15.341462,  1.380299),  (0.742051,  0.924579)
(-1.056907,  15.561732,  1.375735),  (0.710454,  0.927476)
(-1.132630,  15.341462,  1.380299),  (0.742051,  0.924579)
(-1.067555,  15.571587,  1.378909),  (0.710665,  0.924679)
(-1.071619,  15.562089,  1.372854),  (0.710257,  0.930305)
(-1.120565,  15.336619,  1.377095),  (0.741730,  0.927568)
(-1.056907,  15.561732,  1.375735),  (0.710454,  0.927476)
(-1.120565,  15.336619,  1.377095),  (0.741730,  0.927568)
(-1.071619,  15.562089,  1.372854),  (0.710257,  0.930305)
(-1.134115,  15.341084,  1.374189),  (0.741433,  0.930458)
(-1.071619,  15.562089,  1.372854),  (0.710248,  0.919079)
(-1.146180,  15.345928,  1.377393),  (0.741799,  0.921583)
(-1.134115,  15.341084,  1.374189),  (0.741496,  0.918685)
(-1.146180,  15.345928,  1.377393),  (0.741799,  0.921583)
(-1.071619,  15.562089,  1.372854),  (0.710248,  0.919079)
(-1.082267,  15.571943,  1.376027),  (0.710506,  0.921897)
(-1.082267,  15.571943,  1.376027),  (0.710506,  0.921897)
(-1.045528,  15.687389,  1.357707),  (0.690389,  0.922518)
(-1.028607,  15.693683,  1.359500),  (0.690392,  0.925298)
(-1.082267,  15.571943,  1.376027),  (0.710506,  0.921897)
(-1.028607,  15.693683,  1.359500),  (0.690392,  0.925298)
(-1.067555,  15.571587,  1.378909),  (0.710665,  0.924679)
(-1.021066,  15.674380,  1.357808),  (0.690435,  0.928094)
(-1.056907,  15.561732,  1.375735),  (0.710454,  0.927476)
(-1.067555,  15.571587,  1.378909),  (0.710665,  0.924679)
(-1.067555,  15.571587,  1.378909),  (0.710665,  0.924679)
(-1.028607,  15.693683,  1.359500),  (0.690392,  0.925298)
(-1.021066,  15.674380,  1.357808),  (0.690435,  0.928094)
(-1.021066,  15.674380,  1.357808),  (0.690435,  0.928094)
(-1.071619,  15.562089,  1.372854),  (0.710257,  0.930305)
(-1.056907,  15.561732,  1.375735),  (0.710454,  0.927476)
(-1.071619,  15.562089,  1.372854),  (0.710257,  0.930305)
(-1.021066,  15.674380,  1.357808),  (0.690435,  0.928094)
(-1.037986,  15.668087,  1.356016),  (0.690526,  0.930932)
(-1.082267,  15.571943,  1.376027),  (0.710506,  0.921897)
(-1.037986,  15.668087,  1.356016),  (0.690344,  0.919694)
(-1.045528,  15.687389,  1.357707),  (0.690389,  0.922518)
(-1.037986,  15.668087,  1.356016),  (0.690344,  0.919694)
(-1.082267,  15.571943,  1.376027),  (0.710506,  0.921897)
(-1.071619,  15.562089,  1.372854),  (0.710248,  0.919079)
(-1.004675,  15.713639,  1.328726),  (0.670694,  0.925848)
(-1.028607,  15.693683,  1.359500),  (0.690392,  0.925298)
(-1.045528,  15.687389,  1.357707),  (0.690389,  0.922518)
(-1.045528,  15.687389,  1.357707),  (0.690389,  0.922518)
(-1.022638,  15.706688,  1.328212),  (0.670705,  0.922997)
(-1.004675,  15.713639,  1.328726),  (0.670694,  0.925848)
(-1.028607,  15.693683,  1.359500),  (0.690392,  0.925298)
(-1.004675,  15.713639,  1.328726),  (0.670694,  0.925848)
(-0.999107,  15.692748,  1.329382),  (0.670914,  0.928706)
(-1.028607,  15.693683,  1.359500),  (0.690392,  0.925298)
(-0.999107,  15.692748,  1.329382),  (0.670914,  0.928706)
(-1.021066,  15.674380,  1.357808),  (0.690435,  0.928094)
(-0.999107,  15.692748,  1.329382),  (0.670914,  0.928706)
(-1.037986,  15.668087,  1.356016),  (0.690526,  0.930932)
(-1.021066,  15.674380,  1.357808),  (0.690435,  0.928094)
(-1.037986,  15.668087,  1.356016),  (0.690526,  0.930932)
(-0.999107,  15.692748,  1.329382),  (0.670914,  0.928706)
(-1.017070,  15.685797,  1.328868),  (0.671154,  0.931550)
(-1.045528,  15.687389,  1.357707),  (0.690389,  0.922518)
(-1.017070,  15.685797,  1.328868),  (0.670726,  0.920157)
(-1.022638,  15.706688,  1.328212),  (0.670705,  0.922997)
(-1.017070,  15.685797,  1.328868),  (0.670726,  0.920157)
(-1.045528,  15.687389,  1.357707),  (0.690389,  0.922518)
(-1.037986,  15.668087,  1.356016),  (0.690344,  0.919694)
(-1.004675,  15.713639,  1.328726),  (0.670694,  0.925848)
(-1.000046,  15.645684,  1.293772),  (0.646718,  0.924169)
(-0.981804,  15.651845,  1.293909),  (0.646809,  0.926984)
(-1.000046,  15.645684,  1.293772),  (0.646718,  0.924169)
(-1.004675,  15.713639,  1.328726),  (0.670694,  0.925848)
(-1.022638,  15.706688,  1.328212),  (0.670705,  0.922997)
(-0.977324,  15.633593,  1.296072),  (0.647057,  0.929776)
(-1.004675,  15.713639,  1.328726),  (0.670694,  0.925848)
(-0.981804,  15.651845,  1.293909),  (0.646809,  0.926984)
(-1.004675,  15.713639,  1.328726),  (0.670694,  0.925848)
(-0.977324,  15.633593,  1.296072),  (0.647057,  0.929776)
(-0.999107,  15.692748,  1.329382),  (0.670914,  0.928706)
(-0.995567,  15.627432,  1.295935),  (0.647381,  0.932547)
(-0.999107,  15.692748,  1.329382),  (0.670914,  0.928706)
(-0.977324,  15.633593,  1.296072),  (0.647057,  0.929776)
(-0.999107,  15.692748,  1.329382),  (0.670914,  0.928706)
(-0.995567,  15.627432,  1.295935),  (0.647381,  0.932547)
(-1.017070,  15.685797,  1.328868),  (0.671154,  0.931550)
(-1.022638,  15.706688,  1.328212),  (0.670705,  0.922997)
(-0.995567,  15.627432,  1.295935),  (0.646588,  0.921353)
(-1.000046,  15.645684,  1.293772),  (0.646718,  0.924169)
(-0.995567,  15.627432,  1.295935),  (0.646588,  0.921353)
(-1.022638,  15.706688,  1.328212),  (0.670705,  0.922997)
(-1.017070,  15.685797,  1.328868),  (0.670726,  0.920157)
(-0.981804,  15.651845,  1.293909),  (0.646809,  0.926984)
(-0.963843,  15.520965,  1.260348),  (0.619335,  0.927862)
(-0.945702,  15.527464,  1.260600),  (0.619542,  0.930751)
(-0.963843,  15.520965,  1.260348),  (0.619335,  0.927862)
(-0.981804,  15.651845,  1.293909),  (0.646809,  0.926984)
(-1.000046,  15.645684,  1.293772),  (0.646718,  0.924169)
(-0.981804,  15.651845,  1.293909),  (0.646809,  0.926984)
(-0.942371,  15.512930,  1.263764),  (0.619838,  0.933663)
(-0.977324,  15.633593,  1.296072),  (0.647057,  0.929776)
(-0.942371,  15.512930,  1.263764),  (0.619838,  0.933663)
(-0.981804,  15.651845,  1.293909),  (0.646809,  0.926984)
(-0.945702,  15.527464,  1.260600),  (0.619542,  0.930751)
(-0.960513,  15.506431,  1.263512),  (0.620195,  0.936556)
(-0.977324,  15.633593,  1.296072),  (0.647057,  0.929776)
(-0.942371,  15.512930,  1.263764),  (0.619838,  0.933663)
(-0.977324,  15.633593,  1.296072),  (0.647057,  0.929776)
(-0.960513,  15.506431,  1.263512),  (0.620195,  0.936556)
(-0.995567,  15.627432,  1.295935),  (0.647381,  0.932547)
(-0.960513,  15.506431,  1.263512),  (0.619099,  0.925003)
(-1.000046,  15.645684,  1.293772),  (0.646718,  0.924169)
(-0.995567,  15.627432,  1.295935),  (0.646588,  0.921353)
(-1.000046,  15.645684,  1.293772),  (0.646718,  0.924169)
(-0.960513,  15.506431,  1.263512),  (0.619099,  0.925003)
(-0.963843,  15.520965,  1.260348),  (0.619335,  0.927862)
(-0.945702,  15.527464,  1.260600),  (0.619542,  0.930751)
(-0.899939,  15.348522,  1.233877),  (0.589681,  0.930291)
(-0.882531,  15.356984,  1.234445),  (0.590018,  0.933118)
(-0.899939,  15.348522,  1.233877),  (0.589681,  0.930291)
(-0.945702,  15.527464,  1.260600),  (0.619542,  0.930751)
(-0.963843,  15.520965,  1.260348),  (0.619335,  0.927862)
(-0.881079,  15.347373,  1.238367),  (0.590438,  0.935952)
(-0.942371,  15.512930,  1.263764),  (0.619838,  0.933663)
(-0.945702,  15.527464,  1.260600),  (0.619542,  0.930751)
(-0.881079,  15.347373,  1.238367),  (0.590438,  0.935952)
(-0.945702,  15.527464,  1.260600),  (0.619542,  0.930751)
(-0.882531,  15.356984,  1.234445),  (0.590018,  0.933118)
(-0.898488,  15.338910,  1.237798),  (0.590754,  0.938789)
(-0.960513,  15.506431,  1.263512),  (0.620195,  0.936556)
(-0.942371,  15.512930,  1.263764),  (0.619838,  0.933663)
(-0.898488,  15.338910,  1.237798),  (0.590754,  0.938789)
(-0.942371,  15.512930,  1.263764),  (0.619838,  0.933663)
(-0.881079,  15.347373,  1.238367),  (0.590438,  0.935952)
(-0.898488,  15.338910,  1.237798),  (0.589461,  0.927460)
(-0.963843,  15.520965,  1.260348),  (0.619335,  0.927862)
(-0.960513,  15.506431,  1.263512),  (0.619099,  0.925003)
(-0.963843,  15.520965,  1.260348),  (0.619335,  0.927862)
(-0.898488,  15.338910,  1.237798),  (0.589461,  0.927460)
(-0.899939,  15.348522,  1.233877),  (0.589681,  0.930291)
(-0.795558,  15.147326,  1.220654),  (0.557998,  0.932529)
(-0.882531,  15.356984,  1.234445),  (0.590018,  0.933118)
(-0.899939,  15.348522,  1.233877),  (0.589681,  0.930291)
(-0.882531,  15.356984,  1.234445),  (0.590018,  0.933118)
(-0.795558,  15.147326,  1.220654),  (0.557998,  0.932529)
(-0.778922,  15.157279,  1.221321),  (0.558424,  0.935365)
(-0.881079,  15.347373,  1.238367),  (0.590438,  0.935952)
(-0.778922,  15.157279,  1.221321),  (0.558424,  0.935365)
(-0.778968,  15.150555,  1.225432),  (0.558950,  0.938174)
(-0.778922,  15.157279,  1.221321),  (0.558424,  0.935365)
(-0.881079,  15.347373,  1.238367),  (0.590438,  0.935952)
(-0.882531,  15.356984,  1.234445),  (0.590018,  0.933118)
(-0.795604,  15.140602,  1.224765),  (0.559275,  0.941002)
(-0.898488,  15.338910,  1.237798),  (0.590754,  0.938789)
(-0.881079,  15.347373,  1.238367),  (0.590438,  0.935952)
(-0.795604,  15.140602,  1.224765),  (0.559275,  0.941002)
(-0.881079,  15.347373,  1.238367),  (0.590438,  0.935952)
(-0.778968,  15.150555,  1.225432),  (0.558950,  0.938174)
(-0.795558,  15.147326,  1.220654),  (0.557998,  0.932529)
(-0.899939,  15.348522,  1.233877),  (0.589681,  0.930291)
(-0.898488,  15.338910,  1.237798),  (0.589461,  0.927460)
(-0.898488,  15.338910,  1.237798),  (0.589461,  0.927460)
(-0.795604,  15.140602,  1.224765),  (0.557777,  0.929672)
(-0.795558,  15.147326,  1.220654),  (0.557998,  0.932529)
(-1.133794,  15.342359,  1.400892),  (0.449186,  0.093179)
(-1.017760,  15.554550,  1.395603),  (0.439136,  0.060283)
(-1.004902,  15.550588,  1.398821),  (0.437098,  0.062096)
(-1.017760,  15.554550,  1.395603),  (0.439136,  0.060283)
(-1.133794,  15.342359,  1.400892),  (0.449186,  0.093179)
(-1.144403,  15.349956,  1.397638),  (0.451290,  0.091364)
(-0.995469,  15.537560,  1.396006),  (0.434776,  0.063745)
(-1.122342,  15.332592,  1.398045),  (0.446753,  0.094606)
(-1.133794,  15.342359,  1.400892),  (0.449186,  0.093179)
(-1.133794,  15.342359,  1.400892),  (0.449186,  0.093179)
(-1.004902,  15.550588,  1.398821),  (0.437098,  0.062096)
(-0.995469,  15.537560,  1.396006),  (0.434776,  0.063745)
(-1.008327,  15.541520,  1.392788),  (0.432284,  0.065173)
(-1.132951,  15.340188,  1.394791),  (0.444121,  0.095696)
(-1.122342,  15.332592,  1.398045),  (0.446753,  0.094606)
(-1.122342,  15.332592,  1.398045),  (0.446753,  0.094606)
(-0.995469,  15.537560,  1.396006),  (0.434776,  0.063745)
(-1.008327,  15.541520,  1.392788),  (0.432284,  0.065173)
(-1.144403,  15.349956,  1.397638),  (0.451290,  0.091364)
(-1.008327,  15.541520,  1.392788),  (0.441351,  0.058608)
(-1.017760,  15.554550,  1.395603),  (0.439136,  0.060283)
(-1.008327,  15.541520,  1.392788),  (0.441351,  0.058608)
(-1.144403,  15.349956,  1.397638),  (0.451290,  0.091364)
(-1.132951,  15.340188,  1.394791),  (0.453601,  0.089903)
(-0.940432,  15.677449,  1.375734),  (0.423935,  0.041220)
(-1.004902,  15.550588,  1.398821),  (0.437098,  0.062096)
(-1.017760,  15.554550,  1.395603),  (0.439136,  0.060283)
(-1.004902,  15.550588,  1.398821),  (0.437098,  0.062096)
(-0.940432,  15.677449,  1.375734),  (0.423935,  0.041220)
(-0.923867,  15.679217,  1.377996),  (0.422221,  0.043059)
(-0.918355,  15.660100,  1.376152),  (0.420364,  0.045070)
(-0.995469,  15.537560,  1.396006),  (0.434776,  0.063745)
(-1.004902,  15.550588,  1.398821),  (0.437098,  0.062096)
(-1.004902,  15.550588,  1.398821),  (0.437098,  0.062096)
(-0.923867,  15.679217,  1.377996),  (0.422221,  0.043059)
(-0.918355,  15.660100,  1.376152),  (0.420364,  0.045070)
(-0.934919,  15.658332,  1.373890),  (0.418390,  0.047105)
(-1.008327,  15.541520,  1.392788),  (0.432284,  0.065173)
(-0.995469,  15.537560,  1.396006),  (0.434776,  0.063745)
(-0.995469,  15.537560,  1.396006),  (0.434776,  0.063745)
(-0.918355,  15.660100,  1.376152),  (0.420364,  0.045070)
(-0.934919,  15.658332,  1.373890),  (0.418390,  0.047105)
(-1.017760,  15.554550,  1.395603),  (0.439136,  0.060283)
(-0.934919,  15.658332,  1.373890),  (0.425773,  0.039310)
(-0.940432,  15.677449,  1.375734),  (0.423935,  0.041220)
(-0.934919,  15.658332,  1.373890),  (0.425773,  0.039310)
(-1.017760,  15.554550,  1.395603),  (0.439136,  0.060283)
(-1.008327,  15.541520,  1.392788),  (0.441351,  0.058608)
(-0.875954,  15.728628,  1.345282),  (0.404282,  0.028922)
(-0.923867,  15.679217,  1.377996),  (0.422221,  0.043059)
(-0.940432,  15.677449,  1.375734),  (0.423935,  0.041220)
(-0.940432,  15.677449,  1.375734),  (0.423935,  0.041220)
(-0.894159,  15.725350,  1.344128),  (0.405623,  0.026781)
(-0.875954,  15.728628,  1.345282),  (0.404282,  0.028922)
(-0.872997,  15.706983,  1.345084),  (0.402972,  0.031298)
(-0.918355,  15.660100,  1.376152),  (0.420364,  0.045070)
(-0.923867,  15.679217,  1.377996),  (0.422221,  0.043059)
(-0.923867,  15.679217,  1.377996),  (0.422221,  0.043059)
(-0.875954,  15.728628,  1.345282),  (0.404282,  0.028922)
(-0.872997,  15.706983,  1.345084),  (0.402972,  0.031298)
(-0.872997,  15.706983,  1.345084),  (0.402972,  0.031298)
(-0.934919,  15.658332,  1.373890),  (0.418390,  0.047105)
(-0.918355,  15.660100,  1.376152),  (0.420364,  0.045070)
(-0.934919,  15.658332,  1.373890),  (0.418390,  0.047105)
(-0.872997,  15.706983,  1.345084),  (0.402972,  0.031298)
(-0.891202,  15.703706,  1.343930),  (0.401637,  0.033741)
(-0.940432,  15.677449,  1.375734),  (0.423935,  0.041220)
(-0.891202,  15.703706,  1.343930),  (0.407018,  0.024543)
(-0.894159,  15.725350,  1.344128),  (0.405623,  0.026781)
(-0.891202,  15.703706,  1.343930),  (0.407018,  0.024543)
(-0.940432,  15.677449,  1.375734),  (0.423935,  0.041220)
(-0.934919,  15.658332,  1.373890),  (0.425773,  0.039310)
(-0.842511,  15.706819,  1.307887),  (0.381390,  0.019474)
(-0.875954,  15.728628,  1.345282),  (0.404282,  0.028922)
(-0.894159,  15.725350,  1.344128),  (0.405623,  0.026781)
(-0.894159,  15.725350,  1.344128),  (0.405623,  0.026781)
(-0.861082,  15.703907,  1.307122),  (0.382176,  0.017020)
(-0.842511,  15.706819,  1.307887),  (0.381390,  0.019474)
(-0.840993,  15.686013,  1.309161),  (0.380698,  0.022070)
(-0.875954,  15.728628,  1.345282),  (0.404282,  0.028922)
(-0.842511,  15.706819,  1.307887),  (0.381390,  0.019474)
(-0.875954,  15.728628,  1.345282),  (0.404282,  0.028922)
(-0.840993,  15.686013,  1.309161),  (0.380698,  0.022070)
(-0.872997,  15.706983,  1.345084),  (0.402972,  0.031298)
(-0.840993,  15.686013,  1.309161),  (0.380698,  0.022070)
(-0.891202,  15.703706,  1.343930),  (0.401637,  0.033741)
(-0.872997,  15.706983,  1.345084),  (0.402972,  0.031298)
(-0.891202,  15.703706,  1.343930),  (0.401637,  0.033741)
(-0.840993,  15.686013,  1.309161),  (0.380698,  0.022070)
(-0.859563,  15.683103,  1.308396),  (0.380072,  0.024718)
(-0.894159,  15.725350,  1.344128),  (0.405623,  0.026781)
(-0.859563,  15.683103,  1.308396),  (0.382926,  0.014470)
(-0.861082,  15.703907,  1.307122),  (0.382176,  0.017020)
(-0.859563,  15.683103,  1.308396),  (0.382926,  0.014470)
(-0.894159,  15.725350,  1.344128),  (0.405623,  0.026781)
(-0.891202,  15.703706,  1.343930),  (0.407018,  0.024543)
(-0.842511,  15.706819,  1.307887),  (0.381390,  0.019474)
(-0.822854,  15.619157,  1.271140),  (0.355275,  0.014267)
(-0.804511,  15.622480,  1.272133),  (0.355142,  0.016936)
(-0.822854,  15.619157,  1.271140),  (0.355275,  0.014267)
(-0.842511,  15.706819,  1.307887),  (0.381390,  0.019474)
(-0.861082,  15.703907,  1.307122),  (0.382176,  0.017020)
(-0.804422,  15.604617,  1.274657),  (0.355112,  0.019657)
(-0.842511,  15.706819,  1.307887),  (0.381390,  0.019474)
(-0.804511,  15.622480,  1.272133),  (0.355142,  0.016936)
(-0.842511,  15.706819,  1.307887),  (0.381390,  0.019474)
(-0.804422,  15.604617,  1.274657),  (0.355112,  0.019657)
(-0.840993,  15.686013,  1.309161),  (0.380698,  0.022070)
(-0.822765,  15.601294,  1.273665),  (0.355208,  0.022359)
(-0.840993,  15.686013,  1.309161),  (0.380698,  0.022070)
(-0.804422,  15.604617,  1.274657),  (0.355112,  0.019657)
(-0.840993,  15.686013,  1.309161),  (0.380698,  0.022070)
(-0.822765,  15.601294,  1.273665),  (0.355208,  0.022359)
(-0.859563,  15.683103,  1.308396),  (0.380072,  0.024718)
(-0.861082,  15.703907,  1.307122),  (0.382176,  0.017020)
(-0.822765,  15.601294,  1.273665),  (0.355296,  0.011571)
(-0.822854,  15.619157,  1.271140),  (0.355275,  0.014267)
(-0.822765,  15.601294,  1.273665),  (0.355296,  0.011571)
(-0.861082,  15.703907,  1.307122),  (0.382176,  0.017020)
(-0.859563,  15.683103,  1.308396),  (0.382926,  0.014470)
(-0.760741,  15.477139,  1.242693),  (0.327564,  0.019067)
(-0.804511,  15.622480,  1.272133),  (0.355142,  0.016936)
(-0.822854,  15.619157,  1.271140),  (0.355275,  0.014267)
(-0.804511,  15.622480,  1.272133),  (0.355142,  0.016936)
(-0.760741,  15.477139,  1.242693),  (0.327564,  0.019067)
(-0.743562,  15.483047,  1.244230),  (0.328066,  0.021680)
(-0.804422,  15.604617,  1.274657),  (0.355112,  0.019657)
(-0.743562,  15.483047,  1.244230),  (0.328066,  0.021680)
(-0.745758,  15.470214,  1.247761),  (0.328725,  0.024354)
(-0.743562,  15.483047,  1.244230),  (0.328066,  0.021680)
(-0.804422,  15.604617,  1.274657),  (0.355112,  0.019657)
(-0.804511,  15.622480,  1.272133),  (0.355142,  0.016936)
(-0.762938,  15.464306,  1.246223),  (0.329552,  0.026908)
(-0.804422,  15.604617,  1.274657),  (0.355112,  0.019657)
(-0.745758,  15.470214,  1.247761),  (0.328725,  0.024354)
(-0.804422,  15.604617,  1.274657),  (0.355112,  0.019657)
(-0.762938,  15.464306,  1.246223),  (0.329552,  0.026908)
(-0.822765,  15.601294,  1.273665),  (0.355208,  0.022359)
(-0.760741,  15.477139,  1.242693),  (0.327564,  0.019067)
(-0.822765,  15.601294,  1.273665),  (0.355296,  0.011571)
(-0.762938,  15.464306,  1.246223),  (0.326904,  0.016484)
(-0.822765,  15.601294,  1.273665),  (0.355296,  0.011571)
(-0.760741,  15.477139,  1.242693),  (0.327564,  0.019067)
(-0.822854,  15.619157,  1.271140),  (0.355275,  0.014267)
(-0.657777,  15.287848,  1.228743),  (0.300658,  0.034121)
(-0.743562,  15.483047,  1.244230),  (0.328066,  0.021680)
(-0.760741,  15.477139,  1.242693),  (0.327564,  0.019067)
(-0.743562,  15.483047,  1.244230),  (0.328066,  0.021680)
(-0.657777,  15.287848,  1.228743),  (0.300658,  0.034121)
(-0.641761,  15.295894,  1.230438),  (0.301722,  0.037092)
(-0.745758,  15.470214,  1.247761),  (0.328725,  0.024354)
(-0.641761,  15.295894,  1.230438),  (0.301722,  0.037092)
(-0.645704,  15.286273,  1.234205),  (0.302832,  0.039854)
(-0.641761,  15.295894,  1.230438),  (0.301722,  0.037092)
(-0.745758,  15.470214,  1.247761),  (0.328725,  0.024354)
(-0.743562,  15.483047,  1.244230),  (0.328066,  0.021680)
(-0.661720,  15.278226,  1.232510),  (0.304055,  0.042371)
(-0.762938,  15.464306,  1.246223),  (0.329552,  0.026908)
(-0.745758,  15.470214,  1.247761),  (0.328725,  0.024354)
(-0.661720,  15.278226,  1.232510),  (0.304055,  0.042371)
(-0.745758,  15.470214,  1.247761),  (0.328725,  0.024354)
(-0.645704,  15.286273,  1.234205),  (0.302832,  0.039854)
(-0.657777,  15.287848,  1.228743),  (0.300658,  0.034121)
(-0.760741,  15.477139,  1.242693),  (0.327564,  0.019067)
(-0.762938,  15.464306,  1.246223),  (0.326904,  0.016484)
(-0.762938,  15.464306,  1.246223),  (0.326904,  0.016484)
(-0.661720,  15.278226,  1.232510),  (0.299516,  0.031376)
(-0.657777,  15.287848,  1.228743),  (0.300658,  0.034121)
